(65011 -975.276 42097.9 208 308 1)
(65013 70483.5 -45389.7 196 296 1)
(65016 -59459.5 141804 328 428 3)
(65019 -118708 41113.9 414 514 1)
(65021 22181.5 -64517.9 228 328 3)
(65024 97832.6 67291.5 511 611 3)
(65026 -102646 -135092 593 693 1)
(65041 -99560.1 -100749 344 444 3)
(65042 -31158.5 17958.6 475 575 1)
(65046 101868 -140212 584 684 3)
(65052 -4073.83 68245 17 117 1)
(65059 -79554.2 -28389.7 555 655 1)
(65063 -5979.57 -30300.1 124 224 3)
(65066 53346.4 -20281.5 372 472 1)
(65068 -13066.8 -41445 276 376 3)
(65073 -11042.2 8950.57 298 398 3)
(65077 -44226.1 -101714 21 121 3)
(65079 -5831.57 -22287.4 35 135 1)
(65088 8133.91 88438.9 487 587 1)
(65089 48354.2 112530 116 216 3)
(65097 67800 -87590.9 621 721 1)
(65098 58426.9 -129986 413 513 1)
(65106 1900.85 144906 242 342 1)
(65109 120710 -98640.1 43 143 1)
(65113 -113602 79340.4 216 316 1)
(65126 107679 -58275.9 259 359 1)
(65129 -23204.1 84431.7 156 256 1)
(65135 -88458 40154.9 95 195 1)
(65138 -26244.9 -110990 478 578 1)
(65143 -86501.5 -14223.3 253 353 1)
(65149 40312.2 -61485.1 263 363 3)
(65160 -89384.8 -107819 329 429 1)
(65167 22173 -77581.3 108 208 3)
(65170 5021.17 -24400.6 542 642 1)
(65172 44498.9 -28320.9 455 555 3)
(65178 75508.8 125625 161 261 1)
(65188 -17042.8 40112.9 188 288 1)
(65192 -84611.2 -122943 430 530 3)
(65195 46431.1 -23316 582 682 1)
(65198 -36225.9 -20246 366 466 1)
(65203 74463.6 -4084.31 1 101 1)
(65205 -16840.7 37011.4 100 200 1)
(65213 100619 2906.48 140 240 1)
(65216 -4083.36 -53625.9 351 451 1)
(65221 103735 -64553.2 403 503 1)
(65224 -101460 -41317.8 38 138 1)
(65228 126.827 -145932 122 222 1)
(65230 111861 -129049 597 697 1)
(65249 -7028.56 70303.2 111 211 3)
(65268 54439.6 18961.5 529 629 1)
(65272 56355.6 -145039 301 401 1)
(65281 113783 -86670 369 469 1)
(65282 73642.3 -149990 2 102 1)
(65288 -122747 -34343 512 612 1)
(65292 -17113.6 2857.33 544 644 1)
(65297 123903 66340.8 552 652 1)
(65300 101692 34111.7 258 358 1)
(65303 79527.2 37135.1 256 356 1)
(65307 12156.4 -97727.7 332 432 1)
(65309 47422.8 -33371.4 552 652 1)
(65317 -113611 49165.2 218 318 1)
(65322 -78493.1 29029.9 454 554 1)
(65326 -88461 -39155.6 56 156 1)
(65337 -120690 -67550.8 313 413 3)
(65338 -6951.61 3862.95 481 581 1)
(65346 12143.9 -46432.3 354 454 1)
(65357 -109578 -57408.3 73 173 1)
(65360 32291.9 -104849 403 503 3)
(65361 18178 5898.4 334 434 1)
(65371 -113544 -88627.2 10 110 1)
(65378 119918 -77621.1 496 596 3)
(65381 -40153.4 86423.1 208 308 1)
(65394 5629.25 -9546.89 40 140 1)
(65395 41351.8 -72654.5 620 720 3)
(65410 37290.9 -136913 179 279 3)
(65425 -56323.4 37127.3 539 639 1)
(65428 -66355.6 -120966 577 677 1)
(65430 77571.9 80488.8 567 667 1)
(65434 -1952.12 125725 533 633 1)
(65454 45447.9 22980 482 582 3)
(65455 -11010.8 -67550.5 321 421 1)
(65457 14113.5 -44206.9 115 215 1)
(65461 110751 -8191.5 32 132 1)
(65462 26151.3 -20430.5 22 122 1)
(65475 22268.8 50199.6 626 726 1)
(65479 12133.9 -21208.4 173 273 3)
(65485 6116.05 110651 343 443 1)
(65500 27822.5 65306.3 495 595 3)
(65502 -37128.5 130590 8 108 3)
(65508 -109629 -144126 510 610 1)
(65528 64535.4 103597 518 618 3)
(65529 77491.2 109620 311 411 1)
(65534 -6884.86 74385.2 314 414 1)
(65541 113819 20971.9 419 519 1)
(65542 27264.5 -127001 441 541 1)
(65545 -47213.4 -147042 419 519 3)
(65565 -120654 -146916 74 174 1)
(65566 105575 53205.6 143 243 1)
(65592 -58156.7 -109854 275 375 1)
(65603 -96517.4 26046 375 475 1)
(65610 -51257.2 43096.4 343 443 3)
(65618 1021.08 -109806 611 711 3)
(65635 22177.7 79035.1 175 275 1)
(65636 -82395.5 -123744 95 195 1)
(65637 36357.2 -106786 421 521 3)
(65650 9116.83 -24273.3 242 342 3)
(65652 -40175.1 -25268.6 296 396 1)
(65669 -29015 -14029 437 537 3)
(65674 -76418.2 -118013 188 288 1)
(65676 -54260.7 27029.1 182 282 3)
(65682 -38078.8 -128847 183 283 1)
(65688 9146.57 2868.54 471 571 1)
(65690 -7020.96 32064.9 483 583 1)
(65696 30218.4 -31252.5 196 296 1)
(65698 -26105.7 79373.7 412 512 3)
(65699 95570.1 57224.3 135 235 1)
(65712 15158.8 -115874 413 513 3)
(65718 64501.4 -134992 419 519 1)
(65730 -79827.6 -24622.2 511 611 3)
(65738 4096.59 -87709.6 413 513 1)
(65739 -22053.5 138666 160 260 3)
(65751 88619.4 29016.7 476 576 1)
(65757 102750 -131915 362 462 1)
(65758 68529.8 858.685 540 640 1)
(65761 11664.2 22442.7 30 130 1)
(65771 -111774 -117990 611 711 1)
(65772 90536.1 64229.6 11 111 3)
(65773 4099.3 37144.5 486 586 1)
(65774 -114622 135673 41 141 1)
(65780 -36131.4 -5172.32 257 357 1)
(65787 -93457 -50384.4 58 158 3)
(65790 51427.4 -26381.1 558 658 1)
(65795 -70316.6 -76518.5 41 141 1)
(65796 -17059.3 16994.5 554 654 3)
(65800 -14035.3 2890.36 282 382 1)
(65823 59488.4 -148186 589 689 1)
(65825 23221.8 -27306.6 405 505 1)
(65828 -97549.5 -106796 317 417 1)
(65836 -21161 77312.4 83 183 1)
(65838 -8931.59 65350.4 585 685 3)
(65860 -117678 111575 394 494 1)
(65866 47375.3 -11208.8 373 473 3)
(65869 70510.4 19991.2 293 393 1)
(65872 71535.9 74356.9 271 371 3)
(65873 -16036.4 -38271.8 155 255 1)
(65875 124828 -72585.6 285 385 1)
(65876 -67413.4 34088 606 706 3)
(65878 -86480.6 -112841 378 478 1)
(65880 54359.5 -62624.1 364 464 1)
(65884 98736.1 -53493.9 331 431 1)
(65888 26170.5 3929.17 120 220 1)
(65902 42393.1 54240.1 590 690 1)
(65912 89649.4 -129963 409 509 1)
(65915 -12978.8 -31369 402 502 1)
(65936 -27149.5 -46446.4 327 427 1)
(65943 -33086.9 55174.3 19 119 1)
(65944 -65390.5 -15226.5 139 239 1)
(65950 114892 95595 575 675 1)
(65963 17105 -62413.5 1 94 1)
(65965 -64359.7 94473.6 377 477 1)
(65968 -59297.4 36212.7 21 121 1)
(65971 -72357.5 82330 185 285 1)
(65972 -102458 9846.29 265 365 1)
(65980 -89591.2 -77764.1 335 435 1)
(65986 -10000.3 -100806 401 501 -1)
(65989 53401.2 115581 484 584 1)
(65997 108685 78438.4 137 237 1)
(65998 -71353.1 73305.1 179 279 1)
