(4004 54415.1 -47437.1 4 104 1)
(4011 81656.5 -11117.2 120 220 1)
(4024 5113.16 111611 497 597 1)
(4027 30211.9 -120758 11 111 1)
(4029 117898 77362.6 585 685 3)
(4049 -38350.3 42160.2 527 627 3)
(4050 120729 -9205.19 131 231 1)
(4064 27310 17919.4 371 471 3)
(4070 -20056.9 107627 620 720 1)
(4079 56350.6 123507 526 626 1)
(4082 -99525.4 -114765 153 253 3)
(4084 -18054 79307.6 26 126 1)
(4085 -10003.9 -83701.4 537 637 1)
(4088 2060.45 8934.42 303 403 1)
(4095 -121675 -58478.8 261 361 1)
(4101 -6968.74 -57425.4 17 117 1)
(4102 -68344.9 -95712.8 303 403 1)
(4111 -69468 43151.8 254 354 1)
(4112 -52253.7 -51402.6 135 235 1)
(4116 -53302.5 144772 321 421 1)
(4120 -46302.1 -44204.4 319 419 1)
(4123 23211.6 35102.7 332 432 1)
(4128 -103512 -116777 170 270 3)
(4129 14164.9 82376.7 484 584 1)
(4132 -84507.8 3889.27 445 545 1)
(4135 -79355.8 -76664.7 489 589 1)
(4136 -25089 19977.5 562 662 1)
(4143 -78441.7 -66408.9 456 556 3)
(4153 -4953.72 -110757 139 239 1)
(4154 12133.3 98478.8 298 398 3)
(4157 -111719 83474.6 568 668 1)
(4164 -35230.6 127561 48 148 3)
(4166 -107523 11943 29 129 1)
(4167 72599.8 -91650 408 508 1)
(4171 1072.37 149758 190 290 1)
(4175 72470.3 -120915 497 597 3)
(4177 -83413.3 61220.9 230 330 1)
(4194 25200.4 -75531.2 141 241 1)
(4206 -72471.1 65428.7 560 660 3)
(4209 -56273.1 -20220.9 84 184 1)
(4230 22203.9 1883.37 313 413 3)
(4234 -21052.3 49197.9 185 285 1)
(4238 -16939.4 19156.7 11 111 1)
(4242 83527.3 -120971 356 456 1)
(4244 112740 -41460.7 346 446 3)
(4245 25390.7 -147192 462 562 1)
(4256 -55317.9 -106740 309 409 1)
(4258 -18058.2 -42418.7 498 598 1)
(4261 -58287.2 82366.6 248 348 1)
(4262 -18031.9 -60563.8 524 624 3)
(4265 -15015.2 -116834 276 376 3)
(4267 -92579.5 -138131 627 727 1)
(4272 123709 132819 337 437 1)
(4279 4065.87 -78531 31 131 1)
(4288 81591.6 34097.6 441 541 3)
(4295 118693 74223.9 13 113 1)
(4298 6025.51 148991 298 398 3)
(4302 27203.4 -20269 376 476 1)
(4317 -61346.2 132768 550 650 1)
(4319 1112.74 26042.6 304 404 1)
(4320 83501.5 77178.5 129 229 1)
(4326 -24084 45171.5 481 581 1)
(4329 -49250.7 -113658 46 146 3)
(4339 -77346.6 -59521.5 214 314 1)
(4340 28324.4 -97685 254 354 1)
(4341 -22130.1 -131003 436 536 3)
(4347 10938.7 6769.98 327 427 3)
(4349 25322.8 42362.1 613 713 1)
(4361 -117546 56326.6 461 561 3)
(4362 6914.07 -40396.8 433 533 1)
(4364 -104493 44146 159 259 1)
(4368 -56417.1 -113935 580 680 3)
(4382 -120676 -46533.9 359 459 1)
(4386 -119645 -3143.39 193 293 1)
(4389 -78410.9 143658 33 133 1)
(4390 -34325.9 -76777.1 480 580 1)
(4408 3017.89 58221.8 323 423 1)
(4417 6202.09 -145186 349 449 1)
(4418 10143.5 -35389.2 524 624 1)
(4421 115874 8819.59 335 435 1)
(4423 -77389.1 136672 24 124 1)
(4427 -19277.8 -54481 77 177 1)
(4458 39211.2 -17745.1 486 586 1)
(4459 -52204.6 -27381.8 531 631 3)
(4465 -5975.86 -74558.7 207 307 1)
(4468 -7975.94 878.675 449 549 3)
(4471 113843 66385.1 623 723 1)
(4476 60446 -39365.6 175 275 1)
(4478 29315.6 -127767 285 385 1)
(4480 77700.9 62285 547 647 1)
(4485 101625 -6181.8 126 226 1)
(4491 -8990.58 -124814 84 184 1)
(4493 20209.2 132768 602 702 1)
(4498 -80472.6 -123970 498 598 1)
(4500 29128 5842.62 105 205 1)
(4504 104712 -72701.4 511 611 3)
(4515 85421.7 -149946 83 183 3)
(4516 -105376 20049.2 458 558 1)
(4530 8134.2 -121900 474 574 1)
(4534 48377.4 -84696 399 499 1)
(4538 -43403.9 88436.3 395 495 1)
(4541 -5918.68 -25335.8 2 102 1)
(4543 -11119.6 -54319.3 274 374 3)
(4549 -57184.3 125251 53 153 1)
(4554 -103502 -73633.9 73 173 1)
(4560 -55208.8 -19120.1 202 302 1)
(4571 -79334.8 -42294 107 207 1)
(4574 15179.3 -82508.9 170 270 3)
(4591 -14842.2 -46437.3 226 326 1)
(4598 -102594 -54495.9 382 482 3)
(4599 -58323 46155.3 80 180 1)
(4602 15165.8 97502.7 443 543 3)
(4605 -10054 -125835 195 295 1)
(4607 -87485.1 97469.7 311 411 1)
(4610 89722.7 125745 526 626 3)
(4612 -27144.5 19024.9 12 112 3)
(4626 40376 -31313.5 342 442 1)
(4627 26264.1 2941.73 461 561 3)
(4631 -63315.5 -135898 190 290 1)
(4637 -69413.8 -98827.6 558 658 1)
(4645 97707.9 11785.7 181 281 1)
(4646 -56231 -142983 53 153 1)
(4653 55368.7 101451 121 221 3)
(4658 6146.07 64242.9 602 702 1)
(4660 109791 67312.3 534 634 1)
(4661 -76537.6 977.85 545 645 1)
(4669 32264 78339.5 381 481 1)
(4670 87696.9 149808 559 659 3)
(4674 41314.7 -72558.9 194 294 1)
(4677 113881 -53533.3 552 652 1)
(4680 95682.3 -113869 404 504 1)
(4681 -84530.3 88409.7 109 209 1)
(4688 -78363.8 14985 110 210 1)
(4691 -11002.6 -56521.1 524 624 3)
(4693 51354.7 21028 97 197 1)
(4698 34261.4 -29253.3 65 165 3)
(4700 44308.9 -8178.99 99 199 1)
(4705 -8051.03 73428 480 580 1)
(4718 78575.4 89377.8 433 533 3)
(4722 -28136.5 18975.9 403 503 1)
(4725 -20070.7 -58464.9 393 493 3)
(4730 -39431.9 1797.54 19 119 1)
(4731 -65356.8 16942.1 79 179 1)
(4736 -30202.9 -22375.3 537 637 1)
(4741 12138.7 -21249.6 233 333 1)
(4746 -93524.5 -136914 307 407 1)
(4748 -22025.5 -139995 307 407 3)
(4751 8242.65 148896 596 696 3)
(4754 -98635.4 67295.3 445 545 3)
(4756 -106622 851.956 419 519 1)
(4767 -116608 -5218.99 403 503 3)
(4773 -32986.6 119694 230 330 1)
(4774 95597.4 110447 97 197 3)
(4779 -49278.1 -131974 364 464 1)
(4783 1080.28 -49494.5 546 646 3)
(4784 18405.1 122666 600 700 1)
(4793 -78426.4 -120871 304 404 3)
(4795 123159 -29203.7 461 561 3)
(4796 41208.4 -44540 325 425 1)
(4798 54455.6 107626 614 714 1)
(4800 3087.07 -103762 261 361 1)
(4801 65484.6 -116877 365 465 1)
(4812 -107715 13039.5 519 619 1)
(4813 -29122.2 -9171.13 150 250 1)
(4814 27184.5 90418.7 21 121 1)
(4817 -7981.04 37084.5 134 234 3)
(4821 -8989.54 -102606 44 144 1)
(4825 115643 -46374.9 3 103 1)
(4838 -36159 93477.4 448 548 1)
(4841 -61320.1 -87655.8 255 355 1)
(4847 118897 -49502.8 565 665 3)
(4852 3154.38 42942.5 418 518 3)
(4862 -69528.7 147788 211 311 1)
(4863 -115768 86460.4 594 694 1)
(4871 -15101.7 70302.8 25 125 3)
(4880 -9995.38 -41385 314 414 3)
(4904 -114730 -134071 549 649 1)
(4906 -966.112 -87546.5 24 124 1)
(4911 85537.6 78395.1 141 241 3)
(4914 103604 -57532.5 578 678 1)
(4915 -19066.2 99546.8 592 692 1)
(4918 -130.976 61316 515 615 1)
(4920 46345.8 -91711.9 326 426 1)
(4926 -80467.8 -47271.2 32 132 1)
(4927 -48225 -71543.8 189 289 1)
(4935 118759 13024.6 38 138 3)
(4946 76491.3 120416 12 112 1)
(4955 -101647 -27339.5 267 367 3)
(4959 60424.8 91483.5 220 320 1)
(4960 -4961.33 71385.3 627 727 1)
(4963 39502.5 99822 397 497 1)
(4964 52337.1 17930.3 74 174 1)
(4969 -87499.8 -79646.9 380 480 1)
(4977 -61439.7 39205.7 546 646 1)
(4981 -123567 -128744 150 250 1)
(4990 -69371.7 -134969 331 431 1)
(4992 71448.4 -140838 11 111 1)
