(177006 -36143.1 133739 552 652 3)
(177007 86544.7 33128.7 171 271 1)
(177008 40279.2 -42347.3 70 170 1)
(177024 -37109.9 -52464.3 475 575 1)
(177043 -122750 -7209.72 391 491 3)
(177045 52375.2 55257.8 431 531 1)
(177052 73448.4 -107680 11 111 1)
(177067 -18062 92610.8 480 580 1)
(177072 -85425.8 45302.1 275 375 1)
(177078 1073.54 131711 343 443 3)
(177086 -63273.4 8006.87 159 259 1)
(177094 67458.6 -56499 229 329 1)
(177100 37278.8 47165.6 193 293 1)
(177107 100612 8978.28 71 171 3)
(177110 96752.5 -26367.2 357 457 1)
(177114 -7971.48 43131.1 165 265 3)
(177119 99586.7 86330.7 44 144 3)
(177121 -117847 62360.5 604 704 3)
(177124 28167 -56406.2 22 122 3)
(177131 115851 -9193.87 165 265 1)
(177132 -17973.1 9484.57 51 151 1)
(177134 66500 -97769.1 409 509 3)
(177135 9096.06 -80656.9 181 281 1)
(177145 10100.7 -127783 42 142 1)
(177159 -50318.9 54212.6 625 725 1)
(177164 9128.97 -82674.7 452 552 1)
(177166 -35176.6 -80792.8 261 361 1)
(177167 45308.8 -72514.6 118 218 1)
(177174 -118681 -46592.1 615 715 1)
(177175 -9999.92 -14204 70 170 1)
(177180 71504.2 110564 397 497 3)
(177182 -72474.4 116702 347 447 1)
(177189 20244.3 99507 238 338 1)
(177190 -50247.7 140738 302 402 1)
(177194 -97483.7 -147794 1 99 1)
(177196 68430.4 -82595.6 205 305 1)
(177211 -25064 -90673.9 318 418 1)
(177213 -98637.2 44230.6 183 283 1)
(177218 17539.9 -10138.9 98 198 1)
(177220 -40200.1 -146903 14 114 1)
(177222 -116769 19988.5 605 705 3)
(177223 15117.6 -29385.3 283 383 1)
(177228 105795 124681 499 599 1)
(177243 -3359 -44596.5 192 292 3)
(177246 -45247.1 130778 622 722 1)
(177248 76713.6 -87691.1 535 635 3)
(177255 89572.2 -101613 68 168 1)
(177258 24210.8 -129889 212 312 1)
(177262 -120591 -134838 173 273 1)
(177270 -30142.1 17976.5 517 617 3)
(177274 47329.7 -33319.1 385 485 3)
(177277 -22091 -117952 534 634 1)
(177281 -48088.8 -105604 83 183 3)
(177282 -25074.4 83352.5 35 135 1)
(177283 111841 853.455 559 659 1)
(177290 92540.2 -10178.6 176 276 1)
(177291 71357.6 -121875 368 468 1)
(177294 -60321.4 74312 169 269 3)
(177306 -82490.9 -144875 228 328 3)
(177307 -76417.2 -8190.5 348 448 1)
(177310 49298.2 49226.9 395 495 1)
(177317 -22089 -39376.3 247 347 1)
(177318 -11007.5 49206.3 399 499 1)
(177319 19194 18997.7 409 509 1)
(177323 85637.2 -8263.03 308 408 3)
(177329 -70293.3 78287.6 60 160 3)
(177333 66475.5 -37366.2 336 436 1)
(177338 41310.5 139843 305 405 1)
(177345 -106585 -80641.3 301 401 1)
(177348 -122851 53440.1 23 123 1)
(177350 -44185.7 93426.6 90 190 1)
(177352 54463.1 -74653.5 568 668 1)
(177370 95753.2 -104878 559 659 1)
(177376 2119.3 -90812.4 564 664 1)
(177385 69577.4 -72678.4 556 656 1)
(177388 -14018.8 98459.7 286 386 3)
(177395 25233 146829 372 472 1)
(177396 -83450.9 21006.8 294 394 1)
(177406 -70394.4 31087.9 615 715 1)
(177407 -33133.8 -72505.2 51 151 1)
(177409 19203.2 118722 359 459 1)
(177410 34300.1 -123968 531 631 1)
(177415 77487.3 -104812 203 303 3)
(177417 -11013.6 139826 591 691 1)
(177421 -13029.3 -88699.4 216 316 3)
(177424 19168.4 -21252 296 396 3)
(177433 44313.5 112529 9 109 1)
(177448 -10026.4 -66497.5 72 172 1)
(177451 92645.7 128659 467 567 3)
(177453 68458.9 -64582.8 145 245 1)
(177457 -4999.24 28138.2 116 216 1)
(177458 -962.317 -44486.9 405 505 3)
(177463 -83562.9 -142920 192 292 1)
(177464 -37119.8 100342 456 556 3)
(177469 -52100.3 -38747.4 333 433 3)
(177473 82618.6 -51554.9 339 439 1)
(177481 75562.2 -118009 443 543 3)
(177483 -25076.8 -78539.6 49 149 3)
(177485 -25087.2 -120916 375 475 1)
(177488 93707.3 -41286.7 81 181 3)
(177494 -63343.1 -8221.14 269 369 1)
(177495 -3955.31 79338.9 235 335 3)
(177497 73436.8 -136936 365 465 1)
(177500 104876 -62579.1 604 704 3)
(177503 10117.8 -96846.5 597 697 1)
(177507 75611.9 78369.8 455 555 1)
(177508 19178.6 -17228.5 210 310 1)
(177511 67517.7 -3191.54 52 152 1)
(177519 100683 84420.5 298 398 1)
(177521 -98620.5 -39462.9 424 524 1)
(177522 88658.2 -126008 297 397 1)
(177523 46368.4 103496 203 303 1)
(177525 -71374.9 -121922 382 482 1)
(177529 62484.9 67301 422 522 1)
(177532 -78410.1 -85639.5 247 347 1)
(177539 29220.6 -17208.2 71 171 0)
(177554 62407.3 -105790 64 164 3)
(177562 -113565 -78535 85 185 1)
(177563 113634 -87571.3 2 102 1)
(177564 -54283.3 -55450.7 237 337 1)
(177566 -16047.8 -77592.7 262 362 1)
(177577 68530.2 -100846 610 710 3)
(177579 17287.8 64522 180 280 1)
(177584 49304.7 101655 280 380 1)
(177588 -11124 -96897.4 507 607 1)
(177597 118878 13916.3 517 617 1)
(177600 -8163.99 87192.2 261 361 1)
(177612 19159.6 129616 48 148 3)
(177615 110768 -112898 317 417 3)
(177616 75511.9 -60473.2 351 451 1)
(177619 37336.4 15018.9 405 505 3)
(177629 -102640 34084.1 610 710 1)
(177637 -67308.4 36080.8 45 145 1)
(177638 24255.3 84462 479 579 1)
(177644 20349.2 58197.3 203 303 1)
(177651 -11015 103476 209 309 3)
(177670 57289.3 -11185.4 515 615 3)
(177671 27278.2 -2877.07 297 397 1)
(177673 32253.5 -99676.6 116 216 1)
(177675 -11202.1 -28206.5 313 413 1)
(177678 -21004.3 24002.7 112 212 1)
(177680 -99515.6 -79629.1 247 347 1)
(177684 -39444.5 -57709.3 57 157 1)
(177689 97554.3 69244.8 61 161 1)
(177695 87557.3 -15214 209 309 3)
(177701 -84572.5 -125840 102 202 1)
(177703 -11980.4 34115.4 523 623 1)
(177710 -7998.39 -73590.2 365 465 1)
(177711 -105619 -101591 217 317 1)
(177713 -22054.8 7858.01 183 283 1)
(177717 -120614 20022.2 2 102 1)
(177738 -92540 -35310.1 375 475 1)
(177742 10105.5 -50426.4 10 110 1)
(177748 -4970.64 10942.8 458 558 3)
(177750 107809 -29316.7 422 522 1)
(177756 -47215.9 29192.2 35 135 3)
(177759 112772 -86781.3 343 443 1)
(177762 -87338.8 -117860 221 321 1)
(177766 -41232.6 42145.6 192 292 3)
(177767 110628 -55428.1 164 264 1)
(177768 43762.8 -55171.2 399 499 3)
(177772 -75391.5 -40362.6 284 384 1)
(177776 -15019 34102.5 561 661 1)
(177779 -104484 -106701 1 98 3)
(177786 -83443.4 -81588.8 189 289 3)
(177790 53460.6 -115869 615 715 3)
(177797 9021.32 -33336 146 246 1)
(177798 -7977.44 -113771 133 233 1)
(177803 118803 48185.1 263 363 3)
(177806 16236.1 -55581.6 601 701 1)
(177807 20272.9 147839 412 512 1)
(177810 52361.2 -44379.5 199 299 1)
(177822 -82507.2 -145979 461 561 3)
(177832 -57218.6 -89602.6 38 138 1)
(177839 -1788.21 132253 79 179 1)
(177840 -56250 -39343.5 1 95 1)
(177843 91621.4 -111854 226 326 1)
(177845 -1891.38 -9112.92 193 293 1)
(177848 2289.93 38196 360 460 1)
(177849 -19051.5 -132919 234 334 1)
(177853 -76467.7 -67618.8 482 582 1)
(177858 -76380.3 -129853 135 235 3)
(177859 -935.94 -124890 217 317 3)
(177860 119763 107473 165 265 1)
(177865 -30142.3 -91334.1 307 407 1)
(177871 -53151.3 -84521.5 165 265 3)
(177874 45317.5 -38334.3 155 255 1)
(177875 100792 36238.4 333 433 1)
(177889 -24001.3 -35334.1 25 125 1)
(177890 -48234.7 -12195.6 354 454 1)
(177893 -15002.7 143807 406 506 1)
(177894 104800 112627 504 604 1)
(177898 69525.1 73371.4 511 611 1)
(177906 76394.9 -111714 62 162 1)
(177916 39.5488 21106.9 605 705 3)
(177919 -9005.13 -124828 127 227 1)
(177926 57459.5 -142029 326 426 1)
(177929 -33183.3 91449.3 619 719 1)
(177930 23244 65334.2 552 652 1)
(177934 67529.8 -84705 504 604 1)
(177957 -33161.9 -132989 334 434 1)
(177959 8091.45 100459 81 181 1)
(177965 2158.95 -112809 113 213 3)
(177976 -98636.2 18978.4 435 535 1)
(177977 -89569.9 -67633.1 570 670 3)
(177979 -83520.9 4863.84 624 724 1)
(177989 -96487.1 69276.5 127 227 1)
