(188001 22229.6 -134047 486 586 1)
(188002 23194.6 95422.6 5 105 3)
(188010 -55241.8 89489.4 395 495 1)
(188016 40265.1 9909.27 51 151 1)
(188017 -51282.2 35115.6 478 578 1)
(188046 -112702 127769 469 569 1)
(188048 -88583.4 21001.3 452 552 1)
(188049 42348.5 -67569.4 467 567 1)
(188057 -79415.1 -15197.3 66 166 1)
(188060 112648 58194.3 71 171 1)
(188062 29287.4 -106951 483 583 3)
(188069 -88555.6 -73635.1 487 587 1)
(188070 -52509.9 -13520.2 524 624 1)
(188078 -89449.2 -149940 72 172 1)
(188079 -28862.4 -22247.2 405 505 1)
(188083 -5140.86 43169.3 586 686 1)
(188091 3072.95 -144997 242 342 1)
(188098 82676 -63614.6 605 705 1)
(188099 11289.5 -139453 312 412 1)
(188102 -30128.8 68238.7 27 127 3)
(188103 -80356.8 41144 83 183 3)
(188110 -44230.8 -31341.7 468 568 1)
(188112 37327.7 27040.6 507 607 1)
(188130 122882 88461.8 485 585 3)
(188138 50563.5 -119721 39 139 1)
(188140 -32106.1 71326.7 9 109 1)
(188146 87532.7 -72511.2 62 162 1)
(188147 -30249.6 120651 537 637 1)
(188154 68445.9 -71671.7 290 390 1)
(188164 38269.7 -31501 611 711 1)
(188169 -6969.91 -80741.5 491 591 1)
(188172 -67380.9 92440.1 270 370 1)
(188173 -9994.34 -25311.2 539 639 1)
(188182 -36129.2 -51465.1 226 326 1)
(188198 65425.4 -41505.6 339 439 1)
(188199 109406 82102.8 517 617 1)
(188200 -78480.3 -120937 522 622 3)
(188201 46334.6 50163.4 109 209 1)
(188205 -66327.2 106545 361 461 1)
(188213 37409.5 29077.2 508 608 3)
(188221 16187.7 -12196 383 483 3)
(188233 55461.9 90460.4 542 642 1)
(188248 -46240.6 -92723.2 225 325 1)
(188249 -124725 -29330.9 481 581 3)
(188250 -99636.3 137829 597 697 1)
(188252 -57343.3 -133877 360 460 1)
(188263 96616.6 25023.3 164 264 3)
(188266 119763 -106633 2 102 1)
(188267 -15154.8 -91652.2 257 357 1)
(188275 -2074.41 -124065 388 488 3)
(188280 63468.5 -53501.6 393 493 3)
(188286 -92589.5 -11206 616 716 3)
(188288 -117606 -38324.5 106 206 1)
(188296 -28140.9 79462.9 563 663 1)
(188297 54451.4 -57555.1 582 682 1)
(188327 73550.5 -24233.9 478 578 1)
(188331 -73448.5 -92782.5 545 645 1)
(188332 -4060.47 -121676 161 261 3)
(188336 -11891.6 10151.5 278 378 1)
(188344 15375.3 94585.9 572 672 1)
(188355 -83511.9 145812 402 502 1)
(188357 8106.22 36076.3 108 208 1)
(188361 -2171.73 -89014.9 509 609 3)
(188363 56396.2 -34356.7 199 299 1)
(188364 53367.3 -44381.6 167 267 1)
(188380 123743 127621 116 216 1)
(188398 -56302 138715 415 515 1)
(188399 -66393.1 -130075 520 620 1)
(188400 34308.7 -129058 609 709 1)
(188405 -111600 -24237.7 98 198 1)
(188406 108092 -86875 451 551 1)
(188407 -104572 -110812 323 423 1)
(188413 -114720 -144137 493 593 1)
(188418 -111631 1891.3 219 319 3)
(188444 -66379 -64567.2 473 573 3)
(188470 16156.3 9902 270 370 1)
(188471 -61847.4 -105999 511 611 1)
(188479 -39173.5 18015.7 43 143 3)
(188480 81522.8 -84599.5 106 206 3)
(188490 -5987.77 143933 266 366 1)
(188492 52390.6 -130989 408 508 1)
(188505 -14001 82377.2 234 334 3)
(188508 -9024.1 -123822 146 246 3)
(188510 -81510.3 -113933 494 594 1)
(188512 -92492.4 82308.2 79 179 1)
(188514 -35323.5 3747.14 614 714 3)
(188519 -106648 71320.4 435 535 1)
(188524 15082.6 -93837.4 271 371 1)
(188527 46661.6 -142089 531 631 1)
(188528 60423.1 -53461.9 296 396 3)
(188530 -75357.2 97411.4 213 313 1)
(188533 65398.2 86282.9 46 146 1)
(188539 -70349.7 20990 493 593 1)
(188540 -90380.4 -100643 396 496 1)
(188541 35681.3 -8162.49 126 226 1)
(188549 4086.91 33081.1 500 600 1)
(188550 -18108.1 -27263.3 519 619 1)
(188553 -8212.63 -42782.6 67 167 1)
(188556 -123625 -65599.6 319 419 1)
(188565 20053.5 92338.1 445 545 1)
(188567 -114759 -86776.8 610 710 3)
(188579 -37224.4 -14971.9 15 115 1)
(188583 -76505.5 -145043 372 472 1)
(188587 -105607 -59601.7 405 505 1)
(188596 76851.4 13962.1 365 465 1)
(188614 -7938.02 -77519.5 73 173 3)
(188617 12080.1 -70475.7 78 178 1)
(188621 110753 147842 331 431 1)
(188626 23170.9 54181 59 159 1)
(188630 -8983.08 49279.5 129 229 1)
(188635 -57337.8 -132896 227 327 1)
(188636 -88499.9 -38336.7 289 389 3)
(188641 34293.9 -50427.4 380 480 1)
(188649 -24161.8 -90548 591 691 1)
(188670 63416.9 43117.3 12 112 1)
(188672 120705 -121789 183 283 1)
(188682 -60338.3 -68589.1 481 581 1)
(188684 -33156.7 -36356 124 224 1)
(188687 -104598 -90778.9 617 717 3)
(188696 -34155 126708 438 538 3)
(188697 -52067.5 19225.7 283 383 1)
(188698 22216.3 -22288.6 412 512 1)
(188711 -11014.5 17988 16 116 1)
(188713 12136.7 9974.71 371 471 3)
(188720 17199.4 33077.2 391 491 1)
(188724 99720.8 51201 489 589 1)
(188725 12252.7 112510 413 513 1)
(188753 123783 89304.2 252 352 1)
(188755 31191.1 -76512.7 20 120 1)
(188759 98787.2 -72576.6 459 559 1)
(188761 -13008.9 -31366 39 139 1)
(188765 112863 -50523.4 625 725 1)
(188766 18236.9 -6191.92 334 434 3)
(188769 29327.7 -56478.4 452 552 1)
(188771 1069.41 -99795.2 395 495 3)
(188775 105761 -135016 413 513 1)
(188791 -45212.7 -11200.6 413 513 1)
(188797 -78344.8 -109685 1 99 3)
(188801 -3825.14 6862 50 150 3)
(188809 -3947.06 11918.9 610 710 1)
(188815 86680.1 -12195.9 430 530 1)
(188816 -89486.3 6915.11 233 333 1)
(188818 -15028.3 30073.8 592 692 1)
(188827 77565.9 -105770 392 492 3)
(188832 -31284.3 -126959 423 523 1)
(188837 -21929.9 9965.89 35 135 1)
(188842 46136.2 -3994.09 22 122 1)
(188846 4081.69 -22171.8 531 631 1)
(188848 84536.6 -89725.1 134 234 3)
(188852 63335.2 17071.4 150 250 1)
(188854 -38082.5 27972.5 539 639 3)
(188855 19238.9 2861.3 509 609 1)
(188864 -122743 121575 337 437 3)
(188886 98733.8 -31383 542 642 3)
(188896 -102684 -60539.4 171 271 1)
(188901 38272.3 61209.9 55 155 3)
(188903 71566.9 -48383.1 561 661 1)
(188905 -5383.77 80595.7 268 368 3)
(188908 -122764 -44384.3 543 643 1)
(188923 -23368.6 -33198.7 509 609 3)
(188926 95932.9 -99887.1 498 598 1)
(188930 -73325.5 -95732.2 244 344 1)
(188933 112791 -31340.7 291 391 1)
(188950 66414.5 94371.8 37 137 1)
(188951 53475.6 -92397.1 400 500 1)
(188957 -15082.3 148775 267 367 1)
(188965 3056.8 29066.2 352 452 3)
(188968 -72402.9 -138937 140 240 1)
(188972 -69388.8 -34334.8 385 485 1)
(188973 -83321.5 -22288.9 369 469 1)
(188974 -119551 61253.5 1 93 1)
(188975 90827.8 -7226.68 613 713 1)
(188978 -123659 -130895 190 290 1)
(188979 -13019.6 105415 95 195 1)
(188984 -68365.3 -25264.6 180 280 1)
(188985 -25101 -20286.7 566 666 3)
(188995 113149 125419 255 355 3)
