(131004 61474.4 54237.4 473 573 3)
(131005 91624 25029.3 281 381 1)
(131006 86550.8 -113872 211 311 3)
(131014 73568 137790 512 612 1)
(131016 -86501.6 -51486.4 415 515 1)
(131021 6023.56 44132.9 74 174 1)
(131032 6114.57 -86760.4 598 698 1)
(131039 -114392 -53391 444 544 1)
(131045 51543.4 25013 510 610 3)
(131046 47317.1 46878.2 1 95 1)
(131048 -22146.2 -139027 119 219 1)
(131049 64.4926 3902.09 198 298 3)
(131050 -55158.4 18024.9 617 717 1)
(131051 -111735 -105685 476 576 1)
(131060 85554 25025.9 199 299 1)
(131073 93564.6 -43341.6 1 97 1)
(131077 5110.06 -82799.1 585 685 3)
(131081 -36169.4 -95794.8 477 577 1)
(131088 -22922.8 -83760.8 112 212 1)
(131091 22230.2 -95733.2 386 486 1)
(131102 75565.3 -84714.7 517 617 1)
(131105 74331.9 -53402 89 189 1)
(131106 -6957.57 -146232 547 647 1)
(131116 38315.2 -58513.7 400 500 1)
(131128 101624 -7154.75 59 159 1)
(131133 -112550 -14191.9 36 136 1)
(131136 -75348.3 -144878 17 117 1)
(131139 -55627.4 -17243.3 573 673 1)
(131149 -117731 62198.4 293 393 1)
(131163 45387.6 -103839 427 527 1)
(131167 112696 -15228.8 207 307 1)
(131170 74439.9 -129818 27 127 3)
(131181 52429 142919 535 635 3)
(131183 26205.3 -24266.7 185 285 1)
(131185 -43250.6 -92761.8 525 625 3)
(131196 118853 -20286.9 512 612 1)
(131198 -14463.7 111504 614 714 1)
(131203 88593.2 -71492.8 10 110 3)
(131208 61372 -142986 204 304 1)
(131212 -44.5076 24097.2 128 228 1)
(131214 108805 -51487.6 566 666 1)
(131225 21206.8 104456 1 98 3)
(131228 97616 -1116.33 221 321 1)
(131236 85453 -53344.9 28 128 3)
(131246 -43261 33116 622 722 1)
(131251 57424.8 148782 323 423 1)
(131253 118835 -67565 403 503 1)
(131258 -64212.2 16963.9 144 244 1)
(131265 12101.5 -32283.9 67 167 1)
(131267 64493.9 -59541.8 358 458 0)
(131282 -24083.9 -42353.1 109 209 3)
(131285 14163 33081.2 473 573 1)
(131286 -29088.1 -7191.57 588 688 1)
(131294 -83406 -14198.2 112 212 1)
(131297 72468.8 45023.6 15 115 1)
(131301 -51232.4 86117.4 270 370 1)
(131307 -61343.1 93499 508 608 1)
(131310 3059.42 -36394.3 461 561 3)
(131312 75626.5 -13243.3 610 710 1)
(131335 97619.3 74326.8 198 298 1)
(131336 -104526 -110718 114 214 3)
(131337 18984 -46459.2 563 663 1)
(131350 -86536.5 -49471.9 454 554 1)
(131358 119790 26802.2 477 577 1)
(131360 -53317.3 -82531.8 88 188 1)
(131366 48413.9 -56285.7 210 310 3)
(131375 82610.8 4902.13 534 634 1)
(131379 -123754 -30548.5 515 615 1)
(131386 -53318.4 74322.1 84 184 1)
(131393 86654.1 -130078 600 700 1)
(131405 22433.2 128738 349 449 1)
(131410 87577.7 -27304.8 209 309 1)
(131411 58420.3 -105770 204 304 1)
(131416 -12012.8 -89575.5 1 95 1)
(131421 70482.2 65372 553 653 1)
(131436 -26118.9 -72702.7 542 642 1)
(131438 -87876 -52641.6 563 663 1)
(131444 -84454.4 -28166 597 697 1)
(131451 -40210.3 -6163.51 93 193 1)
(131457 -33429.8 33022.1 481 581 1)
(131460 -75693.9 -107810 513 613 1)
(131469 118725 -85606.5 132 232 3)
(131470 -94613.8 69232.8 603 703 1)
(131473 -4012.56 37263.4 609 709 1)
(131498 62418.5 -75578.2 202 302 1)
(131499 16152.7 -54438.9 166 266 1)
(131511 -35216.9 -21314.2 459 559 1)
(131516 -36117.8 -64689.5 147 247 3)
(131518 -71360.1 84393.5 192 292 3)
(131527 12027.2 -28205.9 94 194 1)
(131528 52.1285 -62476.7 366 466 3)
(131529 -57332.8 -145.174 515 615 1)
(131535 70513.4 -66596.8 287 387 3)
(131542 -44386.3 30065.6 508 608 1)
(131549 -9992.17 8937.2 372 472 1)
(131556 81497.3 34063.4 25 125 1)
(131557 55513.6 129668 61 161 1)
(131560 -16066.3 148778 334 434 3)
(131562 -8998.03 54192.4 211 311 1)
(131564 -27108.7 -111781 216 316 1)
(131574 24221.5 -45440.4 454 554 1)
(131578 -74157.7 7204.4 384 484 1)
(131593 8132 78339.9 591 691 1)
(131617 -74440 -147272 577 677 1)
(131620 -68272.2 -59780.3 471 571 1)
(131626 23243.7 27093.3 113 213 1)
(131630 113755 -101777 335 435 3)
(131635 72468.6 -7204.81 100 200 3)
(131637 72468.1 77319.7 135 235 1)
(131641 110899 118615 563 663 1)
(131645 -87546.5 12996 545 645 1)
(131654 29311.7 37081.3 429 529 1)
(131656 104773 -58540.2 558 658 1)
(131657 22145.3 -149018 523 623 1)
(131660 -36202 -79607.9 391 491 3)
(131661 50361 -141194 576 676 3)
(131666 -50733.3 3833.98 48 148 1)
(131667 -78418.9 120616 312 412 1)
(131669 -84650.1 -17300.3 4 104 1)
(131672 24226.7 -52505.8 489 589 1)
(131675 -107542 87362.9 80 180 1)
(131691 115638 98610.3 244 344 1)
(131695 -956.809 54182 444 544 3)
(131698 -118591 109407 31 131 3)
(131701 -69386.2 -103797 348 448 1)
(131706 -7034.59 -46488.8 610 710 1)
(131709 6467.18 -4035.04 410 510 1)
(131710 -16061.1 -140883 46 146 1)
(131712 21225.1 -85682.1 452 552 1)
(131718 -64478.2 -25374.9 327 427 1)
(131720 8271.41 15043.9 39 139 1)
(131726 79544.2 -54449.2 286 386 1)
(131727 45249.9 80252.6 85 185 1)
(131728 113719 -100663 156 256 3)
(131730 13189.9 -148247 527 627 1)
(131734 69514.8 55379.8 481 581 1)
(131737 106812 132773 591 691 1)
(131741 69441.9 -10178.6 149 249 1)
(131744 -116002 -101689 338 438 1)
(131746 -71557.4 -99667.5 527 627 1)
(131761 -47118.2 117593 11 111 1)
(131762 123849 -42355.1 225 325 1)
(131766 92861.8 77481.1 605 705 1)
(131772 93623.2 106432 30 130 1)
(131784 -48359.9 61201.2 422 522 1)
(131790 -67390.3 -6136.1 294 394 1)
(131794 56391.1 -47418.3 233 333 1)
(131795 -4029.72 -89696.7 47 147 1)
(131797 50407.2 -5171.58 472 572 1)
(131803 50360.6 -90592.1 214 314 1)
(131808 96672.1 -116821 95 195 1)
(131813 -48229 98562 446 546 1)
(131815 23110.7 4895.85 65 165 3)
(131817 38262.9 -48437.5 116 216 1)
(131821 121786 -101665 216 316 1)
(131832 69571.2 -75671.8 576 676 1)
(131836 -22024.2 -9234.18 168 268 1)
(131846 -15011.4 -103646 7 107 1)
(131850 29316.9 102698 591 691 1)
(131856 91653 143800 361 461 1)
(131865 -109643 -15225.7 454 554 1)
(131869 -69367.2 -58526 490 590 1)
(131871 22282.1 -82708.2 620 720 1)
(131883 65432.1 -23269.2 248 348 1)
(131887 81783.4 62940.3 434 534 1)
(131890 -478.241 -10632.8 273 373 1)
(131891 117899 -88746.6 389 489 1)
(131893 66464.6 136632 56 156 1)
(131913 -29094.5 -1129.27 230 330 1)
(131914 -17161.5 -35327.6 474 574 1)
(131929 -43217.1 -129106 559 659 1)
(131940 16170.3 146749 252 352 1)
(131947 -44182.6 118528 17 117 3)
(131949 -121713 103516 268 368 3)
(131951 33311 44146.8 445 545 1)
(131957 81496.9 -122442 315 415 1)
(131963 -72293.6 -5135.08 104 204 3)
(131965 43485.4 31870 10 110 3)
(131971 -94512.5 -29439.2 472 572 1)
(131973 31152.9 -115774 29 129 1)
(131980 -90471.5 -32321.2 197 297 1)
(131989 -66377.6 -59575.6 563 663 1)
(131998 -58291 8913.37 275 375 1)
