(118001 44361.3 -21281.9 448 548 1)
(118006 -943.971 73439.6 279 379 3)
(118009 97541.2 3902.67 17 117 3)
(118014 -93489.4 6946.79 1 94 1)
(118030 -58256 -97661.2 109 209 1)
(118034 89660.1 17958.8 459 559 1)
(118036 24193.5 -66523.2 426 526 3)
(118040 31242.1 67272.4 31 131 1)
(118045 36258.9 39325.6 463 563 1)
(118051 84657.4 68245.9 11 111 1)
(118055 -60271.6 -126789 18 118 1)
(118062 -50226.7 -7184.16 270 370 1)
(118069 21211.7 -119890 282 382 3)
(118088 5098.37 -97780.8 398 498 1)
(118094 47367.7 21019 298 398 3)
(118108 -38201.7 -57429.5 230 330 3)
(118115 -98625.7 141774 327 427 3)
(118119 -36222.3 -85634.2 22 122 3)
(118126 -77409.3 25004.9 62 162 3)
(118127 -108531 103476 1 96 3)
(118135 98021.3 -144129 237 337 1)
(118143 -42175.3 -5943.24 595 695 1)
(118144 33304.2 123729 560 660 1)
(118145 -105521 11946.6 28 128 1)
(118146 -1949.73 15986.3 173 273 1)
(118152 -76434.9 30982.6 327 427 1)
(118158 16159.5 -14246.3 543 643 1)
(118164 102644 -91633.1 137 237 3)
(118167 -4994.21 -91845.5 590 690 1)
(118173 4937.96 -72608.7 496 596 1)
(118174 -74346.3 67426.9 473 573 1)
(118187 81630.5 -132.532 326 426 1)
(118189 99752.3 -139840 602 702 3)
(118192 -98548.5 -10190.1 140 240 1)
(118193 49508.4 -77759.5 615 715 1)
(118196 71558 -10171.6 476 576 1)
(118201 -1938.34 -55584.6 516 616 1)
(118205 5083.81 -104789 210 310 1)
(118213 22229.6 -24274.4 269 369 1)
(118222 71590.5 -77503 296 396 1)
(118225 -60312.5 -22295.8 467 567 1)
(118227 36281.8 -40349.2 162 262 3)
(118229 -43086.9 -35297 35 135 1)
(118230 -58254.3 142665 250 350 1)
(118233 123843 77361.4 285 385 1)
(118239 7156.43 -31430.1 540 640 3)
(118244 -114780 104618 600 700 1)
(118245 -99657.4 107534 444 544 3)
(118258 83625.4 112604 460 560 1)
(118263 13102.4 67217.8 554 654 1)
(118267 -53248.8 13950.9 184 284 3)
(118268 8232.99 120585 150 250 1)
(118285 98976.1 -130027 431 531 1)
(118287 101683 -70521.6 232 332 1)
(118294 -31049.2 -34374.6 291 391 3)
(118305 -111566 85428.4 299 399 1)
(118311 -113449 35082.8 76 176 1)
(118325 102703 -104756 159 259 1)
(118327 20195 -97769.8 462 562 1)
(118334 47348.4 -21260.5 258 358 1)
(118345 57461.8 -107829 410 510 1)
(118350 -44481.1 109692 611 711 1)
(118363 66514.5 141794 341 441 1)
(118364 -39343.1 38621.7 80 180 1)
(118367 -71449 70342.5 601 701 1)
(118379 102989 -71743.3 566 666 1)
(118383 34234.4 -86580.3 35 135 1)
(118387 -25091.1 -4146.16 126 226 1)
(118389 118846 -93740.6 386 486 1)
(118390 -23232.3 94717.4 6 106 1)
(118394 -49245 -7182.92 374 474 1)
(118395 118799 -100800 349 449 1)
(118398 92671.9 -130047 444 544 3)
(118399 22154.4 43898.8 262 362 3)
(118410 83401.8 93312.9 1 94 1)
(118411 -9999.89 30083.3 285 385 1)
(118419 32261.9 18954.8 494 594 1)
(118430 -8993.76 -28343.6 505 605 1)
(118432 -99615.3 -113929 539 639 3)
(118444 -36214.7 -43281.8 176 276 1)
(118460 -122757 49188.1 495 595 1)
(118470 98670.2 11921.5 396 496 3)
(118473 -28226.8 8860.9 530 630 1)
(118475 30112.2 -95780.4 241 341 3)
(118476 49359.3 -54486 484 584 1)
(118477 36247.6 130760 452 552 1)
(118482 -42105.4 39112.2 337 437 3)
(118485 -69266.4 -64527.1 312 412 3)
(118496 55423.2 108515 281 381 1)
(118500 -120696 132712 356 456 1)
(118501 -97446.2 13486.4 320 420 3)
(118507 114787 -33393.1 386 486 1)
(118509 -44180 94491.3 407 507 1)
(118513 -31152.4 17031.8 609 709 1)
(118530 74509.4 -7185.68 256 356 1)
(118531 -16084.5 -60102.4 321 421 3)
(118535 -46211.7 -138874 74 174 1)
(118548 61455.8 28045.7 400 500 1)
(118550 -38076.4 99561.8 61 161 3)
(118554 -29108.5 34090.4 9 109 1)
(118570 39321.2 -74617.4 587 687 1)
(118579 -889.25 84497.9 157 257 1)
(118590 4078.57 -68511.1 145 245 3)
(118593 -78327.4 32040.9 74 174 1)
(118595 88656.6 -102789 471 571 1)
(118600 64460.8 -84658.2 316 416 3)
(118608 5090.58 -135930 134 234 1)
(118609 -42189.1 39101.1 191 291 1)
(118622 51416 -111921 547 647 1)
(118626 97532.6 -122906 559 659 1)
(118627 -72452 -113917 558 658 1)
(118633 -77381.4 -66629.4 449 549 3)
(118637 -13022.8 -22281.6 418 518 1)
(118642 50345.5 -69515.1 214 314 3)
(118650 17171.6 11943.3 483 583 3)
(118651 -87717.1 143971 382 482 1)
(118652 -37079.6 -5962.92 119 219 1)
(118663 -19021.8 -47505.6 385 485 1)
(118673 6121.16 -28475.7 257 357 1)
(118676 9260.44 30080.5 313 413 3)
(118677 25216.4 -134927 236 336 1)
(118678 -107691 8682.11 348 448 1)
(118684 70518.8 126575 144 244 1)
(118686 84658.1 18906.5 556 656 1)
(118690 23827.3 11760.5 271 371 3)
(118693 56471.6 -102862 587 687 1)
(118695 -28153.7 -147181 576 676 1)
(118697 31219.4 -71463.2 34 134 1)
(118698 -89470.1 -140893 135 235 1)
(118702 -64330.2 -101758 36 136 1)
(118709 -26041.3 16964.4 403 503 1)
(118719 2098.83 -143065 434 534 1)
(118724 -52267.5 -96732.9 402 502 1)
(118726 113837 17628.8 494 594 1)
(118741 -79481.2 46244.3 367 467 3)
(118754 -41258.6 53254.9 591 691 1)
(118759 99708.9 66320.9 408 508 1)
(118760 -72346.2 -148912 1 101 -1)
(118788 106685 -105778 97 197 1)
(118814 -35162.5 34082.6 462 562 1)
(118824 87541.4 45144.8 96 196 1)
(118825 5067.44 -105784 289 389 1)
(118828 94780.6 -129157 386 486 3)
(118832 83538 93471.2 296 396 1)
(118833 -104666 29087.3 599 699 3)
(118837 118873 -105904 499 599 3)
(118841 -59311.8 -64448.5 158 258 1)
(118849 -32139.4 -20268.5 202 302 3)
(118854 -18291.7 132057 434 534 3)
(118855 -29118.3 73322.2 285 385 1)
(118856 30252.7 116599 304 404 1)
(118860 84460 17897 68 168 1)
(118861 83644.5 119726 583 683 1)
(118867 88618.5 -130891 271 371 1)
(118868 47329.4 -67370.9 96 196 1)
(118870 72509.3 81449.8 420 520 1)
(118871 34335.1 -100748 276 376 3)
(118873 -13014.6 -138117 557 657 1)
(118875 -43238.1 -98752.1 355 455 -1)
(118879 -3949.92 6916.25 212 312 1)
(118896 24205.3 43129 226 326 3)
(118906 -47366.7 -53405.7 483 583 1)
(118908 -67334 40072.6 324 424 1)
(118914 81597.8 -105816 168 268 1)
(118915 69391.5 83325.5 8 108 1)
(118923 -79165.1 71750.6 76 176 1)
(118924 -44225.8 -107836 453 553 1)
(118929 27234.1 -81633.3 292 392 1)
(118935 -59271.6 29032.5 40 140 1)
(118936 7083.29 -23282.4 409 509 1)
(118946 -23048.8 69310.8 243 343 1)
(118947 -91536.4 76355.7 338 438 1)
(118949 64467.3 86300.8 291 391 1)
(118953 29219.6 -38547.6 403 503 3)
(118965 -28099.4 -125801 25 125 1)
(118966 -39166 7929.26 4 104 1)
(118968 94697 93488.8 462 562 1)
(118973 -82391.7 102406 509 609 3)
(118975 -27144 118611 289 389 1)
(118980 -38206.2 17051.9 364 464 3)
(118982 -45206 130649 240 340 1)
(118986 -33123.7 -83563.9 20 120 1)
(118991 59423.5 -13209.9 261 361 1)
