(32005 -15008.4 107540 289 389 3)
(32008 85537.4 -92707.6 270 370 1)
(32010 13208.2 56236.1 607 707 3)
(32019 -115877 43977.2 45 145 1)
(32035 3051.18 102465 306 406 3)
(32039 11140.1 -52447.4 283 383 1)
(32048 21199 -103713 315 415 1)
(32061 -27145.7 -138079 507 607 1)
(32067 -18218.9 136610 368 468 1)
(32078 44539 26078.8 544 644 3)
(32083 -29122.6 41128.2 392 492 3)
(32084 39395.9 -13333.2 538 638 3)
(32086 63763.3 43225.4 261 361 1)
(32102 -23126.2 5829.38 547 647 1)
(32108 -78449.4 102504 452 552 1)
(32113 50398.9 -84619 259 359 3)
(32114 20966.8 -39.23 214 314 3)
(32120 101650 86393.5 221 321 1)
(32132 -45221.9 -141096 477 577 1)
(32134 62474.9 135830 323 423 1)
(32139 105667 -44355.2 349 449 3)
(32140 -79513.3 -134863 584 684 1)
(32149 -96467.5 126586 382 482 1)
(32153 3110.26 53200.7 340 440 1)
(32156 47340.5 -52406.8 156 256 3)
(32161 -124679 -32317.8 195 295 1)
(32172 -81401.2 106473 137 237 1)
(32174 87503.7 -19289.2 198 298 1)
(32175 -24054.1 -68517.4 119 219 1)
(32180 95622.8 -26276.3 209 309 1)
(32183 33205.6 -108783 194 294 1)
(32194 54279.9 -8173.64 178 278 1)
(32200 -40200.7 -125945 386 486 3)
(32201 -2991.21 149907 425 525 1)
(32206 66067.9 79203.2 283 383 1)
(32211 -49219.8 -131818 18 118 1)
(32215 10069.1 25125.6 490 590 1)
(32219 -91578.6 -149095 249 349 1)
(32221 66465.7 -118879 337 437 1)
(32225 -21068.2 66308.9 470 570 1)
(32234 -52396.4 2086.31 291 391 3)
(32235 17162 -75605.7 338 438 1)
(32241 17203.3 5968.53 233 333 1)
(32242 90736.6 42187.2 327 427 1)
(32248 -75306.6 42212.8 223 323 1)
(32273 -47216.5 12974.7 185 285 1)
(32274 -87539.9 45177.9 515 615 1)
(32277 -22268 104501 106 206 3)
(32282 64505.6 -85719.7 499 599 1)
(32287 -11007.7 -20238.4 182 282 3)
(32305 10185.1 -70568.9 157 257 1)
(32309 -35144 -8090.21 134 234 3)
(32314 -41260.7 -133079 594 694 1)
(32319 114874 25952.8 334 434 1)
(32323 92511.5 -127828 45 145 1)
(32324 -19039 -138040 390 490 1)
(32339 23248.1 82445.4 592 692 1)
(32346 2044.12 21002.6 562 662 3)
(32361 2080.55 -96684.8 178 278 1)
(32369 -121787 31190.3 430 530 3)
(32373 30363.4 81556.2 614 714 1)
(32393 -123788 -144216 610 710 1)
(32394 -21085.7 -145108 514 614 1)
(32395 -56301.2 49120.5 65 165 3)
(32407 105666 -34331.6 200 300 3)
(32410 -18983.4 139759 337 437 1)
(32415 -17024.1 -15275 626 726 1)
(32417 -64382.7 -105897 607 707 1)
(32422 -51255.7 149714 151 251 3)
(32436 -118745 52231.3 557 657 1)
(32447 -16045.3 -63521.7 323 423 1)
(32451 -53264.2 -133047 385 485 1)
(32463 61503.8 43155.9 613 713 1)
(32467 -48207.1 -117732 6 106 1)
(32469 -57295.1 -112839 277 377 1)
(32476 17170.4 47156.2 240 340 1)
(32490 70463.2 122593 191 291 3)
(32492 -90418.1 113659 327 427 1)
(32493 118828 48097.3 324 424 1)
(32500 83660.5 106572 617 717 1)
(32503 -41217.8 -14262.5 586 686 1)
(32512 -46798.7 115738 500 600 1)
(32513 65477.8 76341.9 409 509 1)
(32518 10113.9 -87606.2 92 192 1)
(32525 -76427 21997.7 421 521 1)
(32526 -95522.2 -22308.9 257 357 1)
(32550 -79522.6 -89733.9 332 432 1)
(32551 -74402.3 21955.6 292 392 1)
(32562 16034.8 -23337.1 618 718 3)
(32563 -79455.6 -56417.5 360 460 1)
(32567 -49276.9 -43458 556 656 3)
(32568 -80589.1 -61598.8 447 547 1)
(32574 47408.5 -27297.1 317 417 1)
(32581 -103645 -113880 440 540 1)
(32586 49389.8 113673 544 644 1)
(32594 50351.3 -71104.8 400 500 1)
(32595 79574.6 -124933 404 504 1)
(32599 94879.6 -79717.5 459 559 1)
(32603 -92445.6 -138900 60 160 1)
(32606 38017.1 -18151.6 134 234 1)
(32611 -85418.5 -95653.5 105 205 1)
(32623 -31158.2 53228.9 547 647 3)
(32626 -6021.16 46123.1 316 416 3)
(32628 -53300.5 -30361.8 583 683 1)
(32631 -10983.1 69497.7 521 621 1)
(32635 -28153.7 -133157 616 716 1)
(32638 48349.2 -113795 196 296 1)
(32642 115885 10958.3 505 605 1)
(32652 17169.1 -10179.2 338 438 3)
(32654 -30139.5 63276.6 348 448 1)
(32659 45306.5 85463.4 460 560 1)
(32661 39458.2 106532 310 410 3)
(32664 -120726 16987.8 423 523 3)
(32668 -31230.1 69270.9 38 138 1)
(32686 -106702 -106371 8 108 3)
(32690 106612 -95669.9 264 364 3)
(32695 -7959.84 -99779.7 263 363 1)
(32696 23215.5 -11204.7 195 295 1)
(32701 -63394.4 -103817 390 490 1)
(32704 93617.8 -111585 35 135 1)
(32706 -23084.8 -121796 380 480 1)
(32709 -15121.7 135730 387 487 1)
(32711 21184.9 -27120.8 322 422 1)
(32713 -88443.4 10942.4 75 175 1)
(32719 63539.6 -133808 142 242 1)
(32725 -57284.2 45148.1 66 166 1)
(32728 70529.4 -40354.1 334 434 1)
(32743 -23095.9 -124988 452 552 1)
(32749 -96637.8 -139908 169 269 3)
(32769 66462.4 -40402.7 250 350 1)
(32771 118815 -39328.7 265 365 1)
(32774 -91451.9 8957.07 48 148 1)
(32777 2073.32 138781 408 508 1)
(32778 -12007.3 54137.7 104 204 1)
(32788 -60358.3 -105878 576 676 1)
(32789 -46251.6 -61553.7 508 608 3)
(32791 34210.5 -77442.8 207 307 3)
(32792 -57271.8 -33310.2 156 256 1)
(32793 64432.6 -120922 387 487 1)
(32803 16276.5 -75703.2 173 273 3)
(32805 5173.32 -11240 313 413 1)
(32807 40287.9 -40353.2 167 267 1)
(32824 24220.5 71322 439 539 1)
(32825 -48272.9 -12219.3 522 622 1)
(32828 108888 135502 1 96 1)
(32838 -52250.4 148762 229 329 3)
(32840 -42195.4 -85779.8 591 691 1)
(32842 9110.7 -107700 69 169 1)
(32849 101852 25039.3 523 623 1)
(32856 25975.1 3938.19 70 170 1)
(32874 45328.9 -7192.11 288 388 3)
(32887 58522.2 143836 471 571 1)
(32888 -50241 -64533.8 253 353 1)
(32890 112693 -40378.6 141 241 1)
(32899 -13990.9 -66464.7 62 162 3)
(32902 -46087 96281 128 228 1)
(32912 53.0164 -52462.4 255 355 1)
(32914 -7001.66 -117802 7 107 1)
(32918 -114683 -125944 574 674 1)
(32921 -110547 141645 35 135 1)
(32923 -77501.6 21061.8 531 631 1)
(32925 71585.8 127691 584 684 1)
(32936 69518.5 -130036 486 586 1)
(32937 51366.9 -90806.4 393 493 1)
(32938 -119605 -19174.4 1 96 1)
(32940 -119770 117730 561 661 1)
(32941 -42145.5 -147015 246 346 3)
(32949 1992.87 19080.9 23 123 1)
(32950 41345.9 -33661.5 359 459 3)
(32964 37342.7 113719 523 623 1)
(32967 -5884.02 -29408 427 527 1)
(32970 26106.7 -54784.7 323 423 1)
(32980 20200.4 71346.6 189 289 1)
(32984 -4968.69 95397.4 5 105 1)
(32986 66423.5 -98650.9 114 214 1)
(32998 123897 117633 442 542 1)
