(147005 113677 34218.5 396 496 1)
(147007 -4994.27 -21225.9 51 151 1)
(147009 56337.4 -70524.8 120 220 1)
(147011 -48217.3 30053.7 215 315 1)
(147020 72477.8 39104.1 247 347 3)
(147022 -42150.6 -19193.2 98 198 1)
(147027 -66592.2 -55531.6 308 408 1)
(147032 -32126.2 110480 11 111 1)
(147041 28345.4 33260.3 311 411 1)
(147047 -84483.4 -88687.2 379 479 3)
(147048 77544.5 -58432.3 486 586 1)
(147049 -5968.46 -14229.6 389 489 1)
(147058 46385.8 -38373 362 462 3)
(147061 35155.8 133527 174 274 3)
(147069 -53302 -72632.1 296 396 1)
(147077 -105595 -11199.2 228 328 1)
(147079 83557.8 -9194.92 243 343 1)
(147084 -114658 -83657.8 288 388 1)
(147098 89716.8 12027.2 497 597 1)
(147116 -19064 -138002 347 447 1)
(147124 -10039.3 72342.9 46 146 1)
(147137 -16035.9 39113.8 152 252 1)
(147144 -103499 9961.87 1 99 1)
(147149 -28077.4 121557 83 183 3)
(147151 -38202.7 -104837 449 549 3)
(147158 -87447.2 125595 91 191 1)
(147170 112701 62281.4 130 230 1)
(147171 -42204.4 38091.2 320 420 3)
(147178 -40032.8 -33406.6 509 609 1)
(147182 -45193.7 -102614 1 94 1)
(147194 -9001.19 77388.3 526 626 1)
(147201 3213.53 -27300.5 551 651 1)
(147205 -38205.9 91438.6 68 168 3)
(147220 76765.5 114732 551 651 1)
(147224 -5968.69 46133.7 428 528 3)
(147237 -49216.7 127652 545 645 1)
(147246 -84383 -13308 389 489 3)
(147248 -45146.9 -71527 87 187 1)
(147255 -10009.7 53199.9 72 172 1)
(147259 -19091.8 39128.8 590 690 1)
(147263 29256.7 7938.87 596 696 1)
(147264 -12999.7 -100640 63 163 1)
(147272 -91425.4 -100649 31 131 1)
(147275 -40171.4 -83594.2 96 196 1)
(147285 59376.1 139622 15 115 3)
(147290 53439.2 -51457.6 476 576 3)
(147296 84.3758 -23249.8 81 181 1)
(147297 101742 -93779.1 460 560 1)
(147302 113672 29046.4 71 171 1)
(147306 -70343.4 138709 341 441 3)
(147308 -45226.1 -146036 69 169 1)
(147317 22211 -135872 100 200 1)
(147320 109691 -76631.6 215 315 1)
(147347 -66349.4 36148.2 248 348 1)
(147350 -92558 24060.1 618 718 3)
(147355 -9971.51 -138030 455 555 1)
(147356 42331.5 -88634.2 155 255 1)
(147365 -112793 -6268.17 585 685 1)
(147371 90645.5 7115.85 527 627 1)
(147378 12142.1 -67733.1 609 709 1)
(147382 -47206.1 138678 369 469 1)
(147396 44378.2 -23319.9 570 670 1)
(147403 -40175.8 142707 172 272 1)
(147407 3105.06 120664 178 278 3)
(147415 62420.2 92452.3 224 324 1)
(147417 -108617 123652 228 328 1)
(147418 77625.5 864.889 614 714 1)
(147436 67556.2 32169.6 424 524 1)
(147450 58477.8 -121966 545 645 1)
(147458 -55308.7 -56523 444 544 3)
(147473 -25091.5 -117867 343 443 3)
(147474 107697 -24265.4 181 281 1)
(147480 13137 -18230.7 207 307 1)
(147481 31292.4 29616.1 569 669 3)
(147483 110740 91454.9 514 614 1)
(147487 13110.5 37129.9 264 364 1)
(147502 -19047.5 -51377.1 238 338 1)
(147503 58333.5 -61245 558 658 1)
(147507 122846 84497.7 503 603 3)
(147516 -19062.6 35092.1 546 646 1)
(147518 -36191.9 -18208.8 26 126 1)
(147527 -44247.6 -98817.2 521 621 3)
(147532 -89295.4 -117816 14 114 1)
(147536 -89469.2 31173.2 45 145 3)
(147540 -6047.76 -29265.6 559 659 1)
(147547 -52214.3 -70542.4 393 493 1)
(147548 44408.4 52257.5 348 448 1)
(147551 -70551.6 9697.03 368 468 1)
(147579 45564.2 -33548.2 450 550 1)
(147587 -44246.6 140853 573 673 1)
(147589 -52242.7 104748 579 679 1)
(147592 1173.53 -25324.8 605 705 1)
(147600 -75316.9 98456.2 96 196 1)
(147606 85491 -34313.8 9 109 1)
(147607 -191.114 106557 308 408 3)
(147608 -39981.7 -65147.8 141 241 1)
(147609 48404.2 1852.28 465 565 1)
(147620 53406.2 -108819 421 521 3)
(147621 -112613 31110 433 533 1)
(147625 44239.2 148182 459 559 3)
(147626 -43196.1 -58541.6 430 530 1)
(147634 1006.85 -102609 188 288 1)
(147643 10936.1 -137828 165 265 1)
(147648 -83362.2 -96695.3 158 258 1)
(147650 58396.2 -129941 274 374 1)
(147652 -73352.4 100452 103 203 1)
(147661 36183.7 -149875 128 228 1)
(147662 -66428.6 23239.8 487 587 1)
(147664 -36229 -61535.8 330 430 1)
(147701 6194.81 -104004 624 724 3)
(147706 -78477.3 -105900 609 709 1)
(147707 -116656 -77607.6 303 403 1)
(147726 94387 23977.1 113 213 3)
(147728 -3232.54 25096.8 198 298 1)
(147738 97796.9 11990.2 309 409 3)
(147745 52448.5 102561 459 559 3)
(147753 16324.1 82159.8 485 585 3)
(147758 -115618 11938.1 207 307 1)
(147774 92633.5 94448.3 57 157 1)
(147776 60429.5 -53468.3 263 363 3)
(147778 -38148.1 15836.9 523 623 1)
(147782 -14035.2 -25304.8 359 459 1)
(147787 44376.6 -8203.97 522 622 3)
(147789 -56170.8 88461.2 1 101 1)
(147793 15185.5 120689 563 663 1)
(147798 -16054.7 76377.6 313 413 1)
(147801 114678 -119765 55 155 1)
(147805 2087.81 70371.3 452 552 3)
(147807 77484 128573 82 182 1)
(147811 -58337.8 -4170.8 527 627 1)
(147816 -59080.5 -33224.3 572 672 1)
(147822 -75375.4 -80589.1 171 271 1)
(147845 118730 146742 144 244 1)
(147850 -88506 51203.9 499 599 1)
(147853 57492.1 -55515.6 165 265 1)
(147862 -104681 -63563.8 570 670 3)
(147863 -69476.6 65256.2 425 525 1)
(147866 74635.5 81354.6 485 585 1)
(147882 -25089.4 12950.4 214 314 1)
(147884 66593.6 132659 292 392 1)
(147896 124884 75371.8 443 543 1)
(147898 11204.6 -106871 471 571 3)
(147899 -116533 -5869.45 366 466 1)
(147901 69434.1 131676 194 294 1)
(147915 93683.8 -8197.79 465 565 1)
(147921 -51254.6 -41413.5 551 651 3)
(147928 11136 -15206.7 215 315 1)
(147932 -77309.4 15988.8 90 190 1)
(147936 8128.65 -104844 468 568 1)
(147938 85526.4 -35330.6 115 215 1)
(147947 -77438.7 -44435.7 483 583 1)
(147951 -39184.8 127684 356 456 1)
(147954 -25098.7 -50498.2 317 417 1)
(147955 61229.1 119483 1 95 3)
(147965 -53288.4 -33470 548 648 1)
(147971 15119.9 -23550.1 452 552 3)
(147984 -95533.7 122643 447 547 3)
(147992 -31106.8 -128919 235 335 1)
