(42000 54511.6 88414.1 403 503 1)
(42023 26266 35068.9 172 272 3)
(42035 14203.4 -25321.8 606 706 1)
(42036 89545 -114715 367 467 1)
(42058 109834 59227.8 480 580 1)
(42065 49404.9 20973.4 562 662 3)
(42066 198.863 -100807 353 453 3)
(42071 62396 98510.3 34 134 1)
(42088 -104491 -111758 121 221 1)
(42100 -19970.1 -70642.7 80 180 1)
(42102 -22042.2 23070.7 241 341 1)
(42105 -68316.5 -33294.7 49 149 1)
(42113 -46202.8 145615 1 95 1)
(42116 22188.7 47177.4 243 343 1)
(42118 91318.4 60980.1 122 222 1)
(42129 -66322.3 -17284.5 386 486 3)
(42131 -49931.2 -86003.7 33 133 1)
(42135 23185.8 103504 224 324 1)
(42161 -77344.9 -54414 197 297 1)
(42164 -8618.37 -73376 190 290 1)
(42174 1970.74 -93767 188 288 3)
(42184 13163.4 -83677.7 337 437 3)
(42189 93626.8 142894 324 424 1)
(42190 94.5831 23016.7 554 654 3)
(42198 116746 -4202.21 68 168 1)
(42211 111726 146738 166 266 1)
(42224 -110668 -123963 483 583 1)
(42232 -12018.8 70317.2 399 499 1)
(42233 22166 -45482.2 531 631 1)
(42234 44347.1 -53457.9 290 390 1)
(42236 88577.5 -146937 100 200 3)
(42242 -31143 -89737.8 460 560 3)
(42247 101940 88434.6 260 360 3)
(42252 -91453.8 -31239.5 186 286 1)
(42257 -15061.5 -56493.5 367 467 1)
(42261 -25043.3 -90797.9 472 572 3)
(42263 -62337.7 145823 293 393 1)
(42266 28427.4 60130.5 330 430 1)
(42268 73606.4 -108824 475 575 1)
(42281 106814 110433 544 644 1)
(42283 1860.5 137641 179 279 1)
(42286 3108.75 -113887 485 585 1)
(42293 70550.2 -1047.78 10 110 3)
(42296 -62393.9 -45510 606 706 3)
(42305 6129.95 23015.2 551 651 1)
(42306 70565.6 -24384.9 490 590 1)
(42310 -43210.4 -62523.7 316 416 3)
(42314 107821 28069.2 580 680 1)
(42315 109673 105506 111 211 1)
(42320 22221.3 132730 408 508 1)
(42326 50529.5 -18080.4 593 693 1)
(42327 -39180.1 -114764 134 234 1)
(42330 -83072 21144.1 136 236 1)
(42332 -95462.7 -77578 125 225 1)
(42334 89396.6 -62340.8 232 332 1)
(42362 11134.1 49171.9 257 357 1)
(42370 -68395.5 -13235.3 505 605 1)
(42371 -116647 -85648.8 260 360 3)
(42378 -76516.5 -136147 624 724 3)
(42380 -78462.7 103512 166 266 1)
(42382 2014.82 13940.9 62 162 1)
(42394 -6974.24 -28328 451 551 1)
(42395 101672 87415.5 245 345 1)
(42403 -114677 -49451 357 457 1)
(42404 70569 -11192.2 608 708 3)
(42410 -103288 -10081.3 532 632 3)
(42412 101468 26131.4 358 458 1)
(42415 -56319.5 -142201 582 682 1)
(42417 36273 -109780 270 370 3)
(42420 -22105.1 -84652.1 315 415 1)
(42425 11121.6 -15237.3 357 457 1)
(42426 47433.5 -125081 231 331 3)
(42440 -100548 -20235.3 165 265 1)
(42444 -117575 -62443.9 107 207 1)
(42448 11155.1 -75666.7 579 679 1)
(42452 48347.6 -103689 91 191 1)
(42460 -103479 -83468.3 325 425 1)
(42461 94731.5 -50528 530 630 1)
(42470 -71622.2 132565 17 117 1)
(42478 55389.4 53199.4 112 212 1)
(42485 -35154.2 -88629.6 102 202 1)
(42490 -102598 -67613.8 568 668 1)
(42494 52335.2 -105701 150 250 1)
(42496 108776 70321.9 581 681 1)
(42500 -2942.85 -39320.9 70 170 1)
(42501 77565.9 39013.1 270 370 1)
(42521 -117676 -17406 297 397 1)
(42523 -28119.6 -19279 474 574 1)
(42530 -89398.1 -23339.3 83 183 1)
(42533 -15078.2 114506 13 113 1)
(42534 63474.2 -52476 403 503 1)
(42537 32239.2 25014.6 168 268 3)
(42539 -92539.6 129752 491 591 3)
(42541 56477 110647 614 714 3)
(42546 -110054 19907.8 6 106 1)
(42557 -121588 18935.6 498 598 1)
(42560 -75425.5 36106.7 421 521 1)
(42574 35327.1 -125930 452 552 3)
(42576 -18025.1 -94645.1 208 308 1)
(42579 -21662.4 -121653 77 177 1)
(42581 -59324.4 -95660.4 206 306 1)
(42582 5169.22 76211.1 291 391 1)
(42586 40988.5 -98888.9 510 610 1)
(42589 1952.31 -63411.8 186 286 1)
(42590 88686.2 96457.6 470 570 1)
(42600 -70475.3 -74497.3 259 359 3)
(42603 13127.6 17941.5 93 193 1)
(42615 41308.2 -52439.6 182 282 1)
(42629 54409.6 12843.6 522 622 1)
(42631 42364 -96793.8 470 570 1)
(42633 -65421.3 -27345.3 593 693 1)
(42648 7297.91 -31946.3 260 360 3)
(42660 75483.3 95318.2 68 168 1)
(42661 -66324.2 -72561.8 98 198 3)
(42668 -21994.6 -116830 408 508 1)
(42675 106729 -100770 337 437 1)
(42680 -18047.5 122756 356 456 1)
(42683 -23090.9 -40568.3 613 713 1)
(42686 -29158.3 -139132 556 656 1)
(42706 -103568 -80552.8 168 268 1)
(42707 19233.9 45170.3 583 683 1)
(42712 19185.3 55196.5 134 234 1)
(42716 28227.2 -122839 153 253 1)
(42718 90645.8 63289.4 480 580 1)
(42737 -98694.4 -86655.8 326 426 1)
(42743 -15058.1 -107766 240 340 1)
(42746 95712.4 7779.4 541 641 1)
(42756 1155.26 149708 84 184 1)
(42758 4966.43 -63670.5 607 707 1)
(42767 73452.2 -53404.7 45 145 1)
(42772 87637.1 31136.3 590 690 3)
(42777 46352.4 -46354.9 323 423 1)
(42782 -122636 -93648.7 135 235 3)
(42792 5049.99 -59493 288 388 3)
(42800 -46824.7 106502 167 267 1)
(42808 -71310.5 37078 79 179 1)
(42813 122832 -40316.7 319 419 1)
(42814 -94511.4 -35341.5 257 357 1)
(42819 -32069.5 -99572.4 148 248 1)
(42822 -80520.9 -55475.3 341 441 1)
(42825 115923 -127055 484 584 1)
(42838 49429.4 -112882 359 459 3)
(42839 -106794 128469 375 475 3)
(42843 78665.6 -82662 579 679 1)
(42845 20213.9 -16256.1 530 630 1)
(42846 18167.3 -52324.4 1 101 3)
(42847 58467.4 -12146.3 201 301 3)
(42853 -38135.4 -4102.9 618 718 1)
(42864 -47257.2 -83682.6 400 500 1)
(42869 -46245.2 10881.4 376 476 1)
(42884 -93534.1 -71596.4 586 686 1)
(42890 -29152.4 13934.6 470 570 3)
(42894 7147.46 -95619.2 86 186 1)
(42898 -27121.3 -30353.4 541 641 1)
(42913 -104543 -30161.7 322 422 1)
(42921 -30080.4 149848 397 497 1)
(42922 -5964.78 -100872 625 725 1)
(42926 -120568 -46556.8 338 438 1)
(42934 -13038.8 -38452.2 231 331 3)
(42935 51140.2 -87852.5 454 554 1)
(42936 -33142.8 44194.6 254 354 1)
(42938 -13022.7 -101854 566 666 1)
(42940 116754 88477.5 508 608 1)
(42943 20225.2 -53523.9 518 618 1)
(42956 79500 130602 67 167 1)
(42957 41.9809 40108.8 159 259 1)
(42960 -99498.1 -23264 9 109 3)
(42967 -114767 -55515.1 516 616 1)
(42970 -30109.8 45194.2 256 356 3)
(42973 67500.8 -128855 305 405 1)
(42978 -43221.9 -117908 434 534 3)
(42996 42292.2 131617 9 109 1)
(42999 3068.72 -123764 1 93 1)
