(66016 -103534 -17214.1 119 219 1)
(66019 -63351.5 -25274.4 126 226 1)
(66020 87594.3 83340.2 55 155 1)
(66028 -18051.5 88444.5 430 530 1)
(66032 -89449.1 -25388.9 334 434 1)
(66038 -91432.6 -2126.62 1 97 3)
(66039 37324.8 38120.4 550 650 1)
(66051 -97548.9 -2189.85 269 369 1)
(66057 78674.3 -24222.9 589 689 1)
(66059 4044.99 -13189.3 395 495 1)
(66073 108566 108338 18 118 3)
(66076 5990.37 -134206 570 670 1)
(66081 -33206.8 -10275.3 502 602 1)
(66089 35303.6 87522.2 460 560 1)
(66102 -22112.8 -79705.6 519 619 1)
(66107 -63257 -118882 203 303 1)
(66108 -43265 -62612.7 593 693 3)
(66110 81578.8 -26277.1 317 417 1)
(66112 50415.1 -82700.1 509 609 1)
(66113 33231.1 -77521.1 23 123 3)
(66123 114771 -139991 336 436 1)
(66126 95576.4 87378.6 47 147 1)
(66132 -3858.95 -76701.1 247 347 1)
(66139 -9963.68 -142891 15 115 1)
(66147 -59295.4 -57496.6 273 373 1)
(66150 -74404.2 -119881 430 530 1)
(66154 124047 -111838 522 622 3)
(66156 80512.4 35091.8 114 214 1)
(66164 -41853.3 -71713.4 254 354 1)
(66166 46389.2 60296.2 423 523 0)
(66171 -32176.7 -99793.9 573 673 1)
(66172 -15003.8 34091.2 398 498 3)
(66176 93590.3 35080.6 289 389 1)
(66183 46361.1 -30270 143 243 1)
(66186 -19055.6 87461.2 536 636 1)
(66187 -96568.2 88425.7 100 200 1)
(66199 18165.8 -111821 273 373 3)
(66203 -39277.8 -80762.4 366 466 1)
(66204 -24178.9 -40377.4 217 317 1)
(66210 -41302.6 83388.1 20 120 1)
(66217 12004 87379 110 210 3)
(66220 -66395.1 -44452.6 343 443 1)
(66222 -28189.8 -145796 129 229 1)
(66224 15157.5 -26349.5 615 715 1)
(66229 -22762.6 91439.1 10 110 1)
(66231 -75270.9 -25085.7 124 224 1)
(66233 33258.6 24104.8 43 143 1)
(66241 117915 -17369 587 687 1)
(66243 -37252.1 -105802 621 721 1)
(66249 -51259.9 -132760 102 202 1)
(66252 14303.7 -3148.47 610 710 1)
(66271 -14039.4 -136882 227 327 1)
(66284 -13011.2 -83663.3 376 476 1)
(66288 -8015.28 64319.2 425 525 1)
(66291 113884 -128930 213 313 1)
(66297 -38280.7 -44443.7 424 524 3)
(66306 93565.7 10910.1 61 161 1)
(66311 -66354.2 38062.7 438 538 1)
(66313 -123747 -88693.8 391 491 1)
(66316 106721 -114836 291 391 1)
(66321 -88497.2 112594 389 489 1)
(66323 -11000.2 -49424.4 319 419 1)
(66329 -113617 49285.7 132 232 1)
(66334 -10931.9 38242.5 35 135 1)
(66340 120960 38041.7 477 577 3)
(66353 18228.6 144851 437 537 1)
(66360 -12023.7 117682 215 315 1)
(66362 -92530.3 -45455.7 497 597 3)
(66370 33274.2 14945.7 424 524 3)
(66371 -87489.8 141816 439 539 1)
(66373 52307.7 -41009.5 145 245 3)
(66378 51404.2 78371.6 601 701 1)
(66380 102919 131765 434 534 3)
(66393 -11970.1 139697 124 224 3)
(66396 -38328.6 -114556 130 230 1)
(66400 -29064 -96645 34 134 1)
(66405 -77474.9 -120159 589 689 1)
(66407 119738 -146901 40 140 1)
(66409 59385.3 139689 483 583 1)
(66410 -60353.9 -60542.5 187 287 3)
(66414 -99571.9 23040.3 299 399 1)
(66417 -60470 -46529.8 553 653 1)
(66418 17186.3 -132.494 399 499 1)
(66439 74579.4 71322.2 438 538 1)
(66446 -77473.9 -36338.1 314 414 1)
(66451 55370.1 41110.7 104 204 1)
(66454 2013.98 -82858.8 286 386 1)
(66456 -106505 -36297.7 65 165 3)
(66458 -20066.7 -5172.11 436 536 3)
(66469 -927.605 -141022 179 279 1)
(66474 69546.4 -112929 585 685 3)
(66477 -45226 -29261.4 275 375 1)
(66478 -25068.5 -97650.1 46 146 1)
(66480 6099.19 4902.73 214 314 1)
(66482 60462.9 -109947 599 699 1)
(66495 -23080.7 38196.3 564 664 1)
(66500 -31284.1 122787 531 631 1)
(66502 -36188.3 75349.3 18 118 1)
(66507 -43193.3 46150.1 165 265 1)
(66515 4083.56 -110778 200 300 1)
(66518 9111.19 -24251.2 52 152 1)
(66519 -30139.4 -26335 549 649 1)
(66522 32294.7 6896.6 542 642 1)
(66524 -112615 127627 231 331 1)
(66530 -79567.3 -15165.3 540 640 1)
(66539 -69331.1 -129906 193 293 1)
(66543 -69346.2 -49363.9 270 370 3)
(66545 116741 -122835 176 276 1)
(66557 44314.1 65260.2 103 203 1)
(66558 -77274.4 -69290.4 283 383 1)
(66563 -64396.9 83402.4 331 431 3)
(66566 69481.1 -2144.46 327 427 3)
(66573 -13080.4 -120950 401 501 1)
(66578 -43200.1 -47575.2 381 481 1)
(66581 -32127.7 13959.5 223 323 1)
(66582 4803.58 102563 517 617 3)
(66583 -32130.3 23013.5 562 662 1)
(66585 -79444 -24274.7 332 432 1)
(66591 -116567 -88573.8 1 96 1)
(66595 -71396.9 -139994 306 406 1)
(66596 28194.9 1899.37 34 134 1)
(66597 115742 134678 225 325 3)
(66599 -5058.41 -8348.4 127 227 1)
(66616 -69320.9 -85648.7 38 138 1)
(66627 -9985.95 -145115 524 624 3)
(66635 -57282 3897.84 199 299 1)
(66637 -32150.6 -24273.8 405 505 1)
(66650 -42209 -90763.4 524 624 1)
(66661 19159.7 107492 103 203 1)
(66669 -104621 63264.5 313 413 1)
(66670 17198.9 4910.95 559 659 1)
(66683 -22073 -13225.5 259 359 3)
(66684 89525.8 -64636.8 3 103 1)
(66695 -67373.4 -14231.1 401 501 -1)
(66696 41346.5 -67562.3 354 454 1)
(66698 -37158.7 141487 236 336 1)
(66699 29173.7 -104381 20 120 1)
(66703 -1949.97 -120794 108 208 1)
(66707 61365.8 -47284 5 105 1)
(66708 24168.2 81405.7 395 495 1)
(66717 33234.7 -69478.2 1 93 1)
(66718 68379.4 56179.4 10 110 3)
(66721 72334.5 122546 79 179 1)
(66735 -5964.89 -14189.3 153 253 1)
(66737 81564.5 -82636 324 424 1)
(66742 -4845.7 -96461.1 249 349 1)
(66754 -94573.2 -95816 462 562 1)
(66774 62431 35066.7 218 318 1)
(66779 -111901 -113769 624 724 1)
(66781 8126.43 -3228.35 169 269 3)
(66790 -101306 -95696.2 21 121 1)
(66798 -55425.3 103583 517 617 1)
(66800 -38092.5 -37239.6 52 152 1)
(66818 -111676 22027.8 399 499 1)
(66821 -76875 -82353.9 208 308 1)
(66824 48188.6 -97762.2 272 372 1)
(66827 -76203.7 30789.8 244 344 1)
(66834 -18984.9 -147105 175 275 1)
(66835 -120724 -147105 440 540 1)
(66842 77682.1 106672 612 712 3)
(66843 -66352.4 28028.3 10 110 1)
(66844 24420.9 143932 421 521 1)
(66856 -63229.7 -81662.2 332 432 1)
(66860 -38221.4 -116698 72 172 1)
(66862 -42176.2 105774 591 691 1)
(66873 93697.9 -91755.1 492 592 1)
(66875 37054.7 27993.1 322 422 1)
(66886 -122643 -77645.3 139 239 1)
(66894 61378.3 -97644.2 1 101 1)
(66903 -8964.61 59280.1 576 676 3)
(66904 97708.6 -124979 386 486 1)
(66907 -44368.6 -10338 533 633 1)
(66910 -9010.05 -104756 204 304 1)
(66916 -29215.2 1909.88 286 386 1)
(66921 -11024.8 -141909 110 210 1)
(66922 -89342.9 7963.17 235 335 1)
(66923 66405.5 49188.2 167 267 1)
(66925 -121600 58144 263 363 1)
(66927 80593.8 -127948 369 469 3)
(66934 -44263.4 115665 555 655 1)
(66947 120716 135622 75 175 1)
(66949 -120885 -92896.7 625 725 3)
(66969 -24059.6 58327.2 283 383 1)
(66981 122917 -67637.4 504 604 1)
(66983 27260.6 -16261.2 410 510 1)
(66991 78.765 97528.4 260 360 1)
(66994 -104548 22050.1 233 333 1)
