(117007 103677 -86616.3 105 205 1)
(117011 -99556.9 -143083 461 561 1)
(117013 -81429.8 -73625.5 401 501 1)
(117021 35364.1 -23313 518 618 3)
(117023 -78508.9 -144120 357 457 1)
(117034 2085.21 8897.77 522 622 1)
(117038 38302.6 56236.3 363 463 1)
(117046 -46176 -128012 481 581 1)
(117049 -68412.4 23048 502 602 1)
(117050 42339.6 -49500.7 535 635 1)
(117054 -92538.1 141836 457 557 3)
(117063 -15036.7 63270.2 247 347 1)
(117067 -13022.6 38116.7 539 639 1)
(117068 77680.2 39199.6 514 614 1)
(117069 39368.2 78363.3 86 186 1)
(117073 116823 107564 417 517 1)
(117079 -42185.7 -80627.5 326 426 1)
(117080 15178.2 88430.9 311 411 1)
(117090 -103317 12236.3 212 312 1)
(117098 -7989.01 -53478.8 384 484 1)
(117101 45353.2 -105847 425 525 1)
(117110 79489.5 -106794 65 165 1)
(117111 13155.4 -52456 362 462 1)
(117119 -106519 -140908 126 226 1)
(117121 60493.3 31890.6 131 231 1)
(117135 -62321 138694 82 182 1)
(117138 106802 15967.1 377 477 1)
(117143 -72456.3 100522 492 592 3)
(117146 93591.2 -100829 535 635 3)
(117164 76547.2 69299.3 375 475 1)
(117167 51434.6 -25217.1 116 216 1)
(117171 -9042.21 -52607.8 458 558 1)
(117179 -55222.1 100083 188 288 1)
(117180 8946.95 -99785.8 39 139 3)
(117184 43333.3 -118903 326 426 1)
(117185 15206.5 110048 322 422 3)
(117196 52529.4 112680 629 729 3)
(117201 73504.2 -74634.4 152 252 1)
(117208 -32130.6 -73495.3 184 284 1)
(117211 -96464.5 -38300.2 189 289 1)
(117224 -6944.45 69328.4 485 585 3)
(117227 81628 19098.3 590 690 1)
(117242 116943 2934.83 564 664 1)
(117244 51384.8 92434.3 344 444 1)
(117247 8060.51 101543 439 539 1)
(117257 -85402.8 -149913 6 106 1)
(117270 -56265.9 -34334.4 143 243 1)
(117273 -10085.6 -62595.3 369 469 1)
(117274 -9015.48 -126957 402 502 3)
(117283 36294.6 3082.09 133 233 3)
(117286 23267.5 -32302.2 198 298 1)
(117294 -57307.1 126733 508 608 3)
(117296 -43074.1 45094.2 493 593 1)
(117304 11007.3 -45421.9 484 584 1)
(117309 202.146 8920.27 463 563 1)
(117312 -64017.8 16025.9 435 535 1)
(117316 -53258.7 -33382 596 696 1)
(117319 -34218.9 -72576.5 344 444 3)
(117321 61600.4 86449.4 564 664 3)
(117322 106653 -147924 95 195 1)
(117323 -18002.2 -75618.3 287 387 1)
(117345 123856 -88591.9 287 387 1)
(117351 -121531 69104.3 41 141 1)
(117360 79634.8 47093.6 445 545 1)
(117361 23169.5 23992.8 18 118 1)
(117365 -102563 -130859 248 348 3)
(117368 -39199.9 36103.8 498 598 1)
(117379 -68360.4 13955.6 272 372 1)
(117382 59455.4 -145127 488 588 1)
(117386 -68414.8 -23305.1 562 662 3)
(117390 107757 -24294.6 363 463 1)
(117397 71489.1 142799 262 362 3)
(117399 -18124.9 49155.3 517 617 3)
(117415 -74458.4 -59701.8 449 549 1)
(117417 -31145.1 -2152.85 353 453 1)
(117421 12356.9 149691 478 578 1)
(117427 62393.1 -103692 117 217 1)
(117430 24246.4 98537.4 577 677 1)
(117434 49340.1 30055.7 81 181 3)
(117436 -8824.34 -64657.5 1 100 1)
(117442 -72185.5 -13233.2 326 426 1)
(117448 -1948.25 39157.9 480 580 1)
(117453 25200.3 -134866 103 203 1)
(117454 19190.8 -73534.6 424 524 1)
(117464 -37077.6 -37313.3 261 361 1)
(117479 -98599.3 -61550.2 468 568 1)
(117480 -50057.8 -139251 12 112 1)
(117494 59503.4 28008.3 271 371 1)
(117501 -24136.5 12898.6 101 201 1)
(117503 90594.9 48197 133 233 3)
(117509 -51240.3 -39433.7 394 494 1)
(117512 -37198.4 -122958 513 613 1)
(117515 -48178.8 -78498.4 36 136 3)
(117518 -77413 -55441.9 233 333 1)
(117521 66446.4 -139946 224 324 1)
(117525 27175.4 42094 75 175 3)
(117526 -50256.1 19982.8 291 391 1)
(117529 71585.3 123639 500 600 1)
(117531 -9951.15 99553.4 594 694 1)
(117532 -25033.5 87435.4 231 331 1)
(117534 -74455.5 54238.2 515 615 1)
(117538 -107629 113678 368 468 1)
(117541 -10896.9 -57354.7 77 177 1)
(117544 3091.59 -37319 41 141 1)
(117558 93616.3 64245.1 339 439 3)
(117559 -56254.2 -39337.7 77 177 3)
(117564 33308.1 -55564 556 656 1)
(117565 -84247.2 -138033 309 409 3)
(117570 -33130.6 14968.3 45 145 3)
(117571 8150.39 -114827 36 136 1)
(117573 -27101.9 67326.4 403 503 3)
(117575 97687.9 146804 370 470 1)
(117576 -42210 95461.4 194 294 3)
(117577 -23070.9 145898 549 649 1)
(117578 -43304.5 -64552.1 344 444 1)
(117588 124837 -124978 397 497 1)
(117598 96610.5 -92638.1 183 283 1)
(117599 12154.1 -122972 529 629 1)
(117604 92649.6 -51283.9 447 547 3)
(117606 3114.55 146883 580 680 3)
(117621 -66384.4 119617 353 453 3)
(117632 -59284.6 2897.28 127 227 1)
(117634 -969.619 -34338.3 350 450 1)
(117637 90544 -118827 110 210 3)
(117651 18156.9 32060.9 141 241 3)
(117659 -46378 -126873 142 242 3)
(117665 19204.8 -29363.9 619 719 1)
(117673 1037.08 -128944 466 566 1)
(117678 -76473.6 111598 525 625 1)
(117682 44382.7 -26300.4 283 383 1)
(117683 28205.8 8891.67 13 113 1)
(117689 10131.1 -112759 4 104 1)
(117693 65477.3 -5191.15 625 725 1)
(117700 -66151.8 -44554.9 139 239 3)
(117703 -33136.3 -62566.8 459 559 1)
(117711 -27087.2 7956.41 451 551 1)
(117722 -99477.1 5782.23 335 435 3)
(117732 -71354.9 -964.015 6 106 1)
(117735 -44193.4 50179.2 146 246 1)
(117737 -43136.8 136787 561 661 1)
(117741 22154 -48434 44 144 1)
(117742 -4949.44 -71487.6 73 173 1)
(117743 -84498 -125938 415 515 3)
(117746 -87390.5 -51378 28 128 1)
(117751 65598 -39417.1 581 681 1)
(117772 -1874.48 -23309 573 673 3)
(117784 -4953.47 44136.8 344 444 1)
(117787 -113594 -75694.8 573 673 3)
(117808 94465.7 9664.69 605 705 3)
(117809 -50207.2 139694 270 370 1)
(117810 -50236.1 -33313.8 252 352 1)
(117824 9174.9 67365.4 460 560 1)
(117829 32197.2 80507.3 81 181 1)
(117836 -9029.37 -115927 528 628 3)
(117848 -39203.5 32109.2 396 496 1)
(117850 46294.8 92409.2 38 138 1)
(117851 -41236.7 36921.5 24 124 1)
(117852 -13035.8 -55500 321 421 1)
(117861 10123.3 -44373.6 243 343 1)
(117862 -80442.4 41156.5 330 430 1)
(117863 5047.04 80490.3 418 518 1)
(117865 84507.4 5903.81 121 221 1)
(117866 36328.6 -42277.1 545 645 1)
(117873 113699 36089 43 143 1)
(117874 63505.4 -118905 303 403 1)
(117878 -20070.5 -76732.8 558 658 3)
(117880 73867.3 61267.8 582 682 1)
(117883 -62313.5 1833.02 352 452 1)
(117884 41087.6 -9771.26 246 346 1)
(117887 -90569.5 1904.47 537 637 1)
(117890 -122702 -27251.5 68 168 1)
(117893 -3026.02 109601 367 467 1)
(117894 53592.8 -52557.1 480 580 1)
(117914 -120698 11941.3 231 331 1)
(117922 -18942.9 -7307.94 154 254 1)
(117925 21174.2 30024 608 708 3)
(117936 94694.3 -149069 401 501 3)
(117938 -51232.1 -19234.3 289 389 3)
(117944 -98555.3 64256.9 197 297 1)
(117945 -28103.8 -115798 181 281 1)
(117953 111702 -123027 569 669 1)
(117959 105511 -49465.6 115 215 1)
(117964 105786 -44373.2 459 559 1)
(117974 -7984.88 10929.8 428 528 3)
(117975 8157.86 -21443.5 135 235 1)
(117986 83519.7 -147940 92 192 1)
(117997 77143.6 -37714.2 511 611 3)
(117998 -31119.5 -47379.7 98 198 3)
