(185007 -16067.4 94525.4 232 332 1)
(185014 -69361.6 -58480.9 268 368 1)
(185021 -50153.8 -88576.5 242 342 3)
(185025 48329.6 -98639.2 78 178 1)
(185027 -39197.7 -59610.4 497 597 1)
(185034 -54245.8 54181.6 43 143 1)
(185038 77652.3 -80716.7 241 341 1)
(185039 -51264.5 -104779 349 449 1)
(185040 49454.5 -15077.2 291 391 1)
(185046 -55241.2 12956.8 1 101 3)
(185048 -63239.1 138626 208 308 1)
(185051 -10038.9 112672 552 652 1)
(185053 74417.2 -4090.7 265 365 3)
(185054 30248.3 -3146.79 351 451 1)
(185055 18172.2 -127015 550 650 3)
(185069 22201.7 115570 253 353 1)
(185086 43199.3 -46456.4 455 555 3)
(185090 -40317.4 -13315.9 533 633 3)
(185100 -100575 1870.96 369 469 1)
(185103 -81336.6 -86642 142 242 3)
(185109 11183.4 -70389.3 1 101 1)
(185116 12140.5 48178 375 475 1)
(185120 -31121.4 13965.6 141 241 1)
(185121 -110675 131724 406 506 1)
(185122 38251.9 -88750.3 451 551 1)
(185134 31168.6 -144083 430 530 1)
(185135 -29158.4 -56583.1 554 654 1)
(185150 93705.6 -45457.3 548 648 3)
(185152 -21091.5 -12264.1 453 553 1)
(185153 -106673 -92768.4 504 604 1)
(185154 -81449.2 -78707.1 611 711 1)
(185161 -84537.5 37224.8 583 683 1)
(185164 10104.2 -30305.4 134 234 3)
(185177 40328.5 116591 346 446 3)
(185182 38284.9 22011.8 305 405 1)
(185190 -35182.6 -57553.5 607 707 1)
(185192 29215.7 -113730 66 166 1)
(185194 38349.1 -99858.9 621 721 1)
(185197 -41193.5 -75601.9 341 441 1)
(185199 90551.1 -145888 41 141 1)
(185206 45319.2 -46422.1 282 382 1)
(185212 104716 -26170.5 48 148 3)
(185218 -4764.87 54119.9 14 114 1)
(185249 82665 -89762.1 591 691 3)
(185254 -79371.9 -15181.6 265 365 1)
(185255 45892.9 104803 151 251 1)
(185261 -62417.5 -148186 598 698 1)
(185270 35374.4 -44363 297 397 1)
(185271 -74246.5 129657 126 226 1)
(185274 93753.4 -16304.7 554 654 3)
(185275 -12000.6 82365.1 10 110 1)
(185278 105683 -32124.5 54 154 3)
(185294 18141.9 -90714.7 140 240 1)
(185295 -102517 50152.2 84 184 1)
(185304 -11080.5 -14688 317 417 3)
(185306 -10919.6 75334.5 87 187 1)
(185312 -18059.3 -128911 323 423 1)
(185315 95771.1 37281.8 426 526 1)
(185316 -52297 -1112.82 413 513 1)
(185320 69482.4 -96702.4 222 322 1)
(185327 19060.1 -41357.6 454 554 3)
(185331 -97645.4 -105963 567 667 1)
(185334 80527.2 -79413 2 102 3)
(185347 -52249.9 119584 224 324 1)
(185353 74536.7 -64579.7 522 622 1)
(185360 49377.6 -88596.9 404 504 1)
(185362 -23115 51262.8 311 411 3)
(185363 52333.2 -106.17 29 129 1)
(185366 -103577 61113.9 117 217 3)
(185373 -63264 142851 251 351 1)
(185380 -100740 46276.9 62 162 1)
(185398 -97582.6 -48461.4 471 571 1)
(185402 -50268.1 126655 241 341 3)
(185403 20166.2 -143888 63 163 1)
(185405 -92452.3 113473 118 218 3)
(185411 94576.4 86373.4 104 204 1)
(185412 7049.03 98487 609 709 1)
(185421 -7997.54 -85687.9 299 399 1)
(185433 -108579 -129106 571 671 1)
(185449 -32127 -120789 99 199 1)
(185451 -77390.3 120601 242 342 1)
(185452 -9998.85 -49428.4 283 383 1)
(185453 59275.7 -57466.6 47 147 1)
(185459 -7999.69 -31321.7 306 406 1)
(185470 1071.13 137740 369 469 3)
(185480 -15016.6 111648 382 482 1)
(185481 76480.6 66353.5 224 324 1)
(185488 -34166.1 -28327.3 500 600 1)
(185490 -107582 125710 310 410 1)
(185506 -54276.5 -67479.1 144 244 1)
(185507 4978.34 -16174.9 614 714 1)
(185522 100666 33059.2 215 315 1)
(185525 114770 -147837 388 488 1)
(185529 -38079.8 28031.8 89 189 1)
(185532 53360.5 -47172.7 191 291 1)
(185533 20141.5 34135.4 81 181 1)
(185538 40113 8130.49 14 114 1)
(185549 -5974.04 -45488.6 519 619 1)
(185565 -117757 45193.4 586 686 1)
(185566 16185.9 -24294.5 582 682 3)
(185577 -12070.3 56216.5 505 605 1)
(185593 -59336.9 -94805.1 464 564 1)
(185595 -114552 -95633.4 27 127 3)
(185597 -13080.2 51445.5 548 648 1)
(185604 -36174.4 -109814 278 378 1)
(185614 21314 -109819 390 490 1)
(185615 -85505.7 100541 523 623 1)
(185622 -64334.9 4904.71 146 246 1)
(185626 70513.4 95472 367 467 3)
(185642 58323.8 -7148.14 9 109 1)
(185651 79494 5915.36 92 192 1)
(185658 2994.48 -12138.6 440 540 3)
(185661 -81501.6 -131993 425 525 1)
(185666 -120726 -12256.6 38 138 1)
(185679 -95460.5 -16201.5 31 131 3)
(185708 71339.1 -98910.8 421 521 1)
(185714 -59346.6 129763 554 654 1)
(185743 -87525.1 -136.843 259 359 3)
(185744 -36158 -61497.9 270 370 1)
(185755 62509 9946.17 451 551 3)
(185758 28283.9 -15259.4 613 713 1)
(185766 -122871 12993.7 406 506 3)
(185771 -20063.1 120592 227 327 3)
(185775 -33129.7 -22248.4 129 229 1)
(185777 87634.7 96437.4 269 369 1)
(185780 -63299.9 -27328.4 315 415 1)
(185781 48332.3 17986.5 115 215 3)
(185787 -40105.1 -33368.8 505 605 1)
(185790 22167 -87373.3 66 166 1)
(185795 -5979.23 -109688 525 625 1)
(185799 57644.3 78086.1 336 436 1)
(185802 4065.11 19958.2 200 300 3)
(185804 18188.5 -131020 486 586 1)
(185811 -14026.2 -25310.9 404 504 1)
(185814 -57944.1 -3203.14 547 647 1)
(185830 -23100.5 -61691.6 593 693 1)
(185838 107683 -104740 106 206 1)
(185839 106123 136998 437 537 3)
(185841 -47065.5 -22313.5 190 290 1)
(185842 -58324.7 63255.4 290 390 1)
(185846 37250.8 38033.1 478 578 3)
(185852 -65265.4 -14100.5 447 547 1)
(185856 39343.6 -96842.7 590 690 1)
(185859 -35191.3 11920.5 214 314 3)
(185862 124755 -31321.1 209 309 1)
(185872 87515.3 -96624 3 103 3)
(185890 -77351.4 -132803 33 133 3)
(185892 20155.2 -99639.5 10 110 1)
(185894 -86453.2 -62468.6 164 264 1)
(185906 15181.3 144846 388 488 3)
(185913 -13940.7 -35305.4 164 264 1)
(185914 8428.04 -71753.9 593 693 1)
(185915 -52235.6 140641 68 168 1)
(185923 -26107.5 16967.2 547 647 1)
(185927 -27104.4 -76549 35 135 1)
(185934 -1945.47 -41332.2 149 249 3)
(185936 -68414.5 -114943 444 544 1)
(185960 -58311.2 -74614.4 377 477 1)
(185961 -80410.1 102575 168 268 1)
(185970 -5027.14 104520 625 725 3)
(185974 46424.9 56343.2 471 571 3)
(185975 -20065.1 -128862 149 249 1)
(185986 -57195.9 6724.46 1 94 1)
(185989 -118662 -112750 200 300 3)
(185993 -91628.3 -39351.7 395 495 1)
