(16001 -87552.4 48173 348 448 1)
(16005 57434.4 9952.54 288 388 1)
(16006 45312 -63470.4 120 220 1)
(16007 -109680 -20171.8 197 297 3)
(16013 -81531.5 44173.6 407 507 1)
(16015 -14057.8 67294.2 507 607 1)
(16022 -14040.6 49201.5 612 712 1)
(16034 -3944.99 33094.1 404 504 3)
(16043 12158.9 -14264.1 269 369 1)
(16050 -4935.7 -83598.7 135 235 3)
(16055 -832.8 6891.54 165 265 1)
(16059 73454.1 64337.3 189 289 1)
(16062 -114588 -9189.08 11 111 3)
(16065 -16035.8 51198.1 400 500 1)
(16079 -110640 -143025 332 432 1)
(16080 -22048.5 12938.2 78 178 1)
(16088 -106651 -25272 412 512 3)
(16119 82478.7 13997.1 156 256 1)
(16120 -17089.4 100648 612 712 1)
(16121 -104682 -49407.5 571 671 1)
(16123 70.8326 -145931 160 260 1)
(16128 -14017.9 -112735 107 207 1)
(16140 48427.2 72269.7 418 518 1)
(16152 56530.7 71331.8 486 586 1)
(16153 31319.5 108527 105 205 3)
(16157 -11001.7 -13202.9 38 138 1)
(16163 -38160.5 -77617.5 188 288 1)
(16180 63468.6 -141004 351 451 1)
(16181 -76390 -131884 43 143 1)
(16184 -95608.5 23998.1 506 606 1)
(16190 55589.9 -140017 315 415 1)
(16193 27258.2 1884.89 50 150 3)
(16202 120140 -85680.6 491 591 1)
(16205 -67385.1 -75674 315 415 1)
(16207 84451.3 -120888 140 240 1)
(16208 -19031.7 -81748.9 577 677 1)
(16209 5104.45 5984.24 436 536 1)
(16210 -118634 -74413.9 207 307 3)
(16211 -80508.8 -83753.2 604 704 1)
(16213 -40187.4 -35335.1 324 424 1)
(16230 77483.3 10915.6 138 238 1)
(16231 8102.07 -41472.5 515 615 1)
(16244 -110611 32096.7 380 480 3)
(16248 18193.5 -97809.7 538 638 3)
(16261 -54321 21055.8 583 683 1)
(16264 -66199.5 -61501.2 213 313 1)
(16266 -111706 37116.4 529 629 3)
(16276 -84476.2 32079.5 367 467 1)
(16284 -22116.9 40057.5 284 384 3)
(16299 -89430.6 142648 48 148 3)
(16303 -97436.1 -28268.5 301 401 1)
(16305 -72373.4 -8193.85 189 289 3)
(16306 -21077.2 53217.6 493 593 3)
(16312 30199.3 -77577.5 171 271 3)
(16325 75515.3 -79588.7 170 270 1)
(16329 42135.7 -30487.9 329 429 3)
(16330 69412.1 63251.8 88 188 1)
(16333 -51185.4 34068.2 98 198 1)
(16339 96718.5 -90831.7 567 667 1)
(16343 99590.6 77388.2 114 214 1)
(16348 27167 -47451 31 131 3)
(16360 -48224.7 -68543.9 228 328 1)
(16363 -12997.3 -56504.6 449 549 1)
(16375 -37152.3 -122767 23 123 1)
(16383 -48258.8 -62543.1 500 600 1)
(16384 112852 126702 304 404 1)
(16385 28279.4 75338.5 407 507 1)
(16388 -3893.87 -102815 416 516 1)
(16397 8083.85 25037.5 416 516 3)
(16400 -25072.1 -141948 182 282 1)
(16406 116988 102617 619 719 1)
(16411 -34234.1 2940.93 1 98 1)
(16414 45401.6 -142146 571 671 1)
(16415 17235.4 -76784.9 136 236 1)
(16425 55443.5 -56254.1 363 463 3)
(16430 -100534 -71514.1 48 148 1)
(16452 -102657 -140114 588 688 1)
(16455 -25933.7 -38327.9 136 236 3)
(16459 31242.4 -29293.7 81 181 1)
(16466 108799 124817 387 487 1)
(16469 -53361.4 -31368 257 357 1)
(16476 -25259.2 23110.6 161 261 3)
(16477 15117.3 11877.5 625 725 1)
(16491 80608.2 16989.1 325 425 1)
(16500 3979.92 -96693.5 506 606 3)
(16505 99921 83636.5 436 536 1)
(16508 98664.3 -117953 591 691 1)
(16522 -49135.1 80437.5 556 656 1)
(16526 -11998.2 36085.6 467 567 1)
(16527 -96569.5 -146151 352 452 1)
(16534 -65371.4 -30345.7 343 443 1)
(16550 -70336.1 -117792 199 299 1)
(16560 -12018.1 -148005 153 253 3)
(16563 -2930.95 1914.73 31 131 1)
(16564 -10003.4 -146104 452 552 1)
(16571 104631 -20262.9 193 293 1)
(16604 78451.1 36976.5 141 241 1)
(16613 -35420.4 -101639 35 135 1)
(16614 -68410.6 26040 609 709 1)
(16619 90614.4 114593 337 437 1)
(16620 -81606.1 121544 391 491 1)
(16621 -30172 -44350.6 108 208 1)
(16630 -10074.1 117671 556 656 1)
(16639 85420.2 112850 87 187 3)
(16646 -44184.3 -115009 511 611 1)
(16647 12165.8 -26289.7 382 482 1)
(16652 -41174.8 68306.1 229 329 1)
(16653 48607.3 -40276.4 623 723 1)
(16663 92714.5 -119980 586 686 1)
(16674 -40182.8 -104763 275 375 1)
(16675 -108729 -9264.46 552 652 1)
(16683 -50241.4 -64691.9 443 543 1)
(16686 -112585 -136905 61 161 3)
(16687 117025 -139360 598 698 1)
(16688 23256.6 47102.7 571 671 1)
(16690 12064.9 100401 492 592 1)
(16691 -99712.5 -48442.4 547 647 1)
(16694 115885 75241.4 305 405 1)
(16699 -88503.2 27048.1 109 209 3)
(16703 36325.1 42154.7 616 716 1)
(16712 -75545.4 -25336.1 510 610 3)
(16717 -5914.69 -93102.8 411 511 1)
(16724 -115563 -94632.6 61 161 1)
(16730 -78417.7 32027.7 424 524 1)
(16732 -54274.7 137735 359 459 1)
(16733 59602.8 140704 492 592 1)
(16734 -75349.8 55194 69 169 1)
(16735 -105525 -32305 86 186 1)
(16736 27277.9 -80695.5 592 692 1)
(16745 -64319.2 -83657 218 318 1)
(16749 -61356.3 40021.9 623 723 1)
(16754 -80498.1 -38356.1 576 676 1)
(16760 22090.2 -142052 557 657 1)
(16761 107687 -99201.4 408 508 3)
(16763 -2842.45 88614.3 360 460 1)
(16764 -5019.37 -38545.2 320 420 3)
(16771 22224.5 -89751.1 548 648 1)
(16778 -63352.8 -11225.4 530 630 1)
(16781 4084.65 58343.7 269 369 1)
(16783 2189.97 -40170.2 468 568 1)
(16784 20206.9 -81526.2 241 341 1)
(16787 -8986.82 14966.2 496 596 3)
(16793 61388.6 -49402.7 197 297 1)
(16804 -118888 -117798 397 497 1)
(16806 -29123.9 -112038 553 653 1)
(16808 -117586 -144932 235 335 1)
(16815 73465.7 44075 172 272 1)
(16816 99604 -105724 140 240 3)
(16818 -81513 -102924 606 706 1)
(16821 -22115.8 -69585.2 388 488 1)
(16828 26265.9 -98806 489 589 1)
(16830 -28112.7 -47444.2 575 675 1)
(16851 -50268.8 28042 368 468 3)
(16856 -8996.51 105465 205 305 1)
(16865 -8988.4 -115954 585 685 1)
(16871 -38294.5 102493 177 277 1)
(16876 -93513.8 -6168.93 315 415 1)
(16877 -35224.6 -68646.5 569 669 3)
(16880 29257.2 -122818 84 184 1)
(16881 -61296.8 -17220.3 117 217 1)
(16903 -51290.8 -14246.4 386 486 1)
(16911 88721.9 -72676.1 565 665 1)
(16913 117738 70247.2 183 283 1)
(16915 -122588 -52517.3 377 477 1)
(16916 -8044.37 -61429.7 105 205 1)
(16920 -108674 27123 544 644 3)
(16926 -30122.4 -51425.5 271 371 1)
(16928 111833 -20281.7 539 639 1)
(16930 -45264.9 -50393.7 358 458 3)
(16931 -101578 66286.5 364 464 1)
(16955 -117640 -93627 121 221 3)
(16964 -114188 11923 606 706 3)
(16971 -52289.1 110600 495 595 1)
(16975 77492.4 80358.3 494 594 1)
(16989 -15049.5 100392 284 384 1)
(16993 23163.3 -76606.1 362 462 1)
(16996 -94588.6 45196.8 534 634 1)
