(158005 -16005.8 110567 511 611 1)
(158006 21898.2 76274.2 211 311 3)
(158011 86506.2 -69446.9 30 130 3)
(158013 -40079.8 -22287.6 234 334 -1)
(158018 -27099.5 -19228.7 453 553 3)
(158032 -35152 -111840 352 452 1)
(158034 -32145.3 -24324.8 547 647 1)
(158039 -11067.1 -15183.5 249 349 1)
(158045 77575.5 -59534.4 441 541 1)
(158050 18164.3 8931.28 309 409 3)
(158051 73510.6 -83696 386 486 1)
(158060 -9961.33 -56548.4 373 473 1)
(158066 110836 26046.4 333 433 1)
(158070 -95469.5 46164.5 28 128 -1)
(158074 -56330.3 -92784.6 587 687 1)
(158080 -66566.6 -127313 321 421 3)
(158091 56452.3 71344.2 560 660 1)
(158092 -14046.3 -36367.3 459 559 1)
(158093 107519 -19265.4 99 199 1)
(158100 -113636 114509 377 477 1)
(158102 -19188.3 -56586.3 212 312 3)
(158105 77609.6 -129965 528 628 3)
(158107 -68319.3 -89599.2 56 156 1)
(158112 -4973.05 25037.5 255 355 1)
(158116 74173.7 -24312.8 552 652 1)
(158125 -24021.7 -68484.3 131 231 1)
(158131 29183.6 111502 63 163 1)
(158132 -119715 -11170.6 474 574 1)
(158134 -52135.9 -52433.8 109 209 1)
(158135 -81562.9 78449.4 516 616 1)
(158136 42365.7 -110878 310 410 1)
(158139 77606.9 -110911 553 653 1)
(158140 107854 -56611 568 668 1)
(158143 39254.1 142823 347 447 1)
(158150 -55305.8 78397.2 544 644 1)
(158152 3105.11 -31336.6 451 551 1)
(158157 -84527.4 -34323.7 393 493 1)
(158176 -10106.2 -103797 366 466 3)
(158181 -74411.7 -133884 270 370 3)
(158187 114882 -53498.8 521 621 1)
(158190 -75454.2 1880.2 438 538 1)
(158191 82497.8 -6033.45 277 377 1)
(158202 16605.1 -30020.2 137 237 3)
(158212 -29042.3 33998.3 483 583 1)
(158214 -42067.2 89429.4 367 467 1)
(158215 105785 70332.7 462 562 1)
(158216 -48355.9 35935.8 16 116 1)
(158219 -27041 69247 77 177 1)
(158224 57367 103495 192 292 1)
(158225 -50292.1 94559.5 595 695 1)
(158227 -18053.3 -82720.3 571 671 3)
(158230 58345.4 34985.3 1 95 1)
(158233 -112584 -26291 98 198 3)
(158238 -12056.1 117630 390 490 3)
(158246 73362.1 36049.7 4 104 3)
(158250 44336.9 125579 1 101 1)
(158256 -111766 39206.8 233 333 1)
(158262 -75553.9 -83565.1 395 495 1)
(158270 -49252.4 -61509.4 309 409 1)
(158275 63615 83511.3 396 496 1)
(158278 -60296.2 83315.6 41 141 1)
(158284 -120747 -12262.6 446 546 1)
(158285 123879 -82696.4 443 543 3)
(158291 26353.8 -79671.2 623 723 1)
(158293 4101.44 -14137.1 172 272 1)
(158310 11194.1 101538 355 455 1)
(158312 -5971.26 -141950 187 287 1)
(158319 65379.7 -25374.9 306 406 3)
(158331 -15031.5 -58515 394 494 1)
(158338 87623.9 126612 93 193 1)
(158339 -108614 15009.7 247 347 1)
(158346 -72412.7 -75645.8 419 519 1)
(158348 3111.62 -13200.7 557 657 1)
(158357 -37917.7 59377 292 392 1)
(158361 1021.55 119531 144 244 1)
(158390 -6941.94 -76624.4 453 553 1)
(158394 38369.7 -30396.8 537 637 1)
(158399 34314.5 -113731 164 264 1)
(158409 13122.6 -108847 342 442 1)
(158413 101778 -120003 615 715 1)
(158423 -90534.4 105604 300 400 1)
(158442 51377.3 -57475.7 273 373 1)
(158444 32308.3 -9201.3 413 513 1)
(158445 68465.6 -106860 414 514 1)
(158463 -3025.28 86410 63 163 1)
(158466 -25098 44129 1 97 1)
(158468 -116644 -110973 417 517 1)
(158478 -117713 57245.6 277 377 3)
(158497 47339.3 -84560.9 141 241 1)
(158498 44357 20960.5 346 446 1)
(158499 9089.47 -48367.8 60 160 1)
(158514 14177.5 -108875 463 563 3)
(158516 -65349.2 20977.5 296 396 3)
(158533 -10998.2 -104940 611 711 1)
(158541 121761 129566 108 208 1)
(158548 -89488 107564 160 260 3)
(158551 -9161.8 148768 323 423 3)
(158554 106802 -115015 381 481 1)
(158562 6133.04 28050.5 390 490 1)
(158576 -96514.6 146717 184 284 1)
(158578 -16101.2 46197.8 441 541 1)
(158583 -49279.8 -29315.3 609 709 1)
(158589 27251.4 1853.48 311 411 3)
(158591 -22081.6 -63547.6 404 504 1)
(158594 3081.08 -71543.6 175 275 1)
(158595 -94563.6 -64578.9 434 534 1)
(158596 2062.22 21036 347 447 1)
(158602 83.3322 16980.5 76 176 3)
(158606 14109 -28317.6 319 419 1)
(158610 -29221.9 30097.7 584 684 1)
(158613 -52269 133699 358 458 1)
(158616 39312.9 30060.3 284 384 1)
(158619 68426.2 -89625.3 61 161 1)
(158620 104681 64285.4 341 441 1)
(158627 21047.3 -97653.2 340 440 1)
(158630 -50295.9 -136021 313 413 1)
(158638 68574.9 17277.6 340 440 1)
(158639 -33147 -123814 34 134 1)
(158644 -60266.9 -8157.97 126 226 1)
(158650 -11025.9 91354.8 40 140 1)
(158652 -117748 -126016 427 527 1)
(158657 -75380.8 -126851 172 272 1)
(158662 64465.1 -92728.2 261 361 3)
(158673 -105575 78341.2 242 342 1)
(158681 -117812 111692 560 660 3)
(158688 61512.2 -122641 607 707 1)
(158698 -113724 -46494.2 560 660 1)
(158700 -93580.1 128804 495 595 1)
(158704 -43219.5 -2152.95 314 414 3)
(158706 74562.8 113618 439 539 1)
(158709 26200 -124870 218 318 1)
(158737 -19032.6 -85551 1 99 1)
(158744 23215.2 23996.7 247 347 1)
(158752 39312.4 7958.46 499 599 1)
(158753 83607.9 -141003 85 185 1)
(158757 -2949.67 18006.5 371 471 1)
(158758 52207.4 -3004.9 453 553 3)
(158778 -77459.3 -99825.7 536 636 1)
(158782 -70433.7 -37418.2 146 246 1)
(158783 -59305.5 -142968 269 369 1)
(158789 -37174.8 -53466.9 313 413 1)
(158791 -49151.4 -79343.6 1 100 1)
(158794 -66318.5 144655 1 98 1)
(158796 -37251.1 80339.7 173 273 1)
(158805 110794 -11209.2 391 491 3)
(158806 39296.1 -142900 84 184 1)
(158812 -15879.2 -7216.37 508 608 1)
(158824 89623.5 8919.51 296 396 1)
(158830 -40277.3 10968.9 211 311 1)
(158838 -78508.5 30021.1 553 653 3)
(158841 -84458.1 -57480.1 297 397 1)
(158864 15077.3 14954.2 330 430 1)
(158869 80588.8 -23287.4 401 501 1)
(158879 26231.9 -70627 467 567 1)
(158881 -97564 -119921 450 550 1)
(158882 27183.1 7996.87 116 216 1)
(158888 -90504.4 107512 311 411 1)
(158903 23193.1 -8159.1 156 256 3)
(158905 -85465.7 -127805 415 515 1)
(158913 104828 -137142 591 691 3)
(158933 64498.7 -16240.6 398 498 1)
(158935 -62361.8 -40359.6 340 440 1)
(158936 -94432.7 -97721.5 115 215 1)
(158939 16323.7 49377.4 193 293 1)
(158941 -29101.5 33162.7 174 274 3)
(158944 99588.4 -33292.8 20 120 1)
(158945 -10002.7 140762 361 461 1)
(158948 99647.9 122606 214 314 1)
(158959 -93501.5 47177.3 280 380 1)
(158965 -120742 -11159.9 549 649 1)
(158971 45370 120661 431 531 1)
(158973 79612.3 -11287 485 585 1)
(158974 -13834.5 60085.3 123 223 3)
(158987 84538.3 6926.67 70 170 1)
(158989 89631.5 23016.8 356 456 1)
(158991 118735 -64473 182 282 1)
(158993 -24131.1 116508 449 549 1)
(158996 -21943.2 113569 8 108 1)
(158999 -59273.9 48140.1 102 202 1)
