(127003 -61345 -18304.4 619 719 1)
(127007 28178.1 114572 192 292 1)
(127013 97776.3 67317.2 451 551 3)
(127038 -89502.4 61992 116 216 1)
(127048 -48134.9 35118.6 113 213 1)
(127067 -10966.1 -56466.2 526 626 1)
(127075 23269.6 84120.7 44 144 1)
(127081 -56305.4 -103788 315 415 3)
(127087 -13020 21004.8 555 655 3)
(127088 38309.9 -23320.6 381 481 1)
(127102 -123530 10788.5 94 194 1)
(127105 109715 -117886 306 406 1)
(127114 63455.8 -54517.3 454 554 1)
(127120 -80428.1 -130945 439 539 1)
(127130 -45060 -69170.8 285 385 1)
(127131 78555.5 -64540.9 323 423 1)
(127137 -27110.6 -42405.5 347 447 1)
(127142 106715 82436.7 111 211 1)
(127143 106452 -106697 137 237 1)
(127146 60443.7 32948.8 494 594 3)
(127151 11138.4 -20268.9 418 518 1)
(127159 8160.94 113639 492 592 1)
(127168 27228.4 -28307 494 594 1)
(127173 -81402.3 -57449.8 260 360 3)
(127177 116750 36114 626 726 1)
(127183 -69425.9 90532 442 542 1)
(127184 20129.8 -53342.1 57 157 1)
(127192 18183 -68562.8 355 455 1)
(127195 -54296.8 -85747.4 551 651 1)
(127200 -21150.8 -37186.6 354 454 1)
(127216 -51288.5 71329.5 565 665 1)
(127217 -37159.2 -85746.8 471 571 3)
(127218 107676 77265.6 107 207 1)
(127227 123847 92510.2 413 513 1)
(127239 -43036.8 -37247.6 29 129 1)
(127258 -17063 87389.8 75 175 1)
(127265 -40259.7 -68844.3 485 585 1)
(127266 50.5491 28049.4 179 279 1)
(127267 84332.4 78245.7 30 130 1)
(127270 -54139.6 -28465 602 702 1)
(127273 1026.1 97439 285 385 1)
(127274 -73377.4 9926.38 204 304 1)
(127277 -108693 -143989 308 408 3)
(127285 -5979.24 49201.2 599 699 1)
(127286 35354 -4024.82 418 518 3)
(127287 124990 -121970 613 713 1)
(127289 3088.51 85360.7 99 199 1)
(127290 58401.8 127678 331 431 1)
(127292 14039.7 83433.9 548 648 1)
(127295 7125.38 -69643.6 119 219 3)
(127297 50370.3 -28287.2 225 325 1)
(127298 67449 -23257.8 215 315 3)
(127299 -92528.9 129629 353 453 1)
(127301 -35142.3 -115862 352 452 1)
(127303 -118509 -101529 350 450 1)
(127309 -43169.5 5916.83 35 135 1)
(127326 -14999.2 -139049 369 469 1)
(127334 -73428.4 -2197.64 608 708 1)
(127345 83895.9 -91788.5 426 526 1)
(127350 117844 -95811.6 534 634 1)
(127360 -94564.7 108565 512 612 3)
(127361 -34618.4 21271.1 346 446 1)
(127379 94618.6 -25.0282 370 470 1)
(127380 -14128.3 -103757 532 632 3)
(127389 -47452.3 137880 587 687 1)
(127406 -29164.6 29031.3 254 354 1)
(127412 94597.6 -8163.75 106 206 1)
(127414 36505.6 2687.9 452 552 1)
(127419 14378.2 -85944.3 568 668 1)
(127425 19173 -74553.1 190 290 1)
(127426 13143.3 -110778 124 224 1)
(127428 25203.9 -34226 523 623 3)
(127430 39475.1 -129730 301 401 1)
(127436 -18027.3 -112894 614 714 3)
(127438 -100612 76345.7 519 619 1)
(127447 -40193.8 -92772.9 500 600 3)
(127448 -106607 -29298.6 340 440 1)
(127449 23189.5 -128047 578 678 1)
(127454 79551.8 86429.2 403 503 3)
(127469 22193.2 -84630.9 232 332 1)
(127474 -24103.3 -88729.5 470 570 3)
(127475 65476.3 101506 126 226 1)
(127478 -17092.7 -12234 158 258 1)
(127482 -19068.4 -22277.5 533 633 1)
(127490 -108496 -47339.6 231 331 1)
(127492 86133.7 -12288.9 417 517 1)
(127493 26044 21303.7 589 689 3)
(127501 124932 68327.2 384 484 1)
(127503 73623.6 -32632.3 508 608 3)
(127505 -103892 69246.4 370 470 3)
(127506 58466.6 36107 520 620 3)
(127508 -8179.03 136610 1 97 1)
(127518 80546.9 -21336.6 89 189 1)
(127524 83568 86411.8 246 346 1)
(127525 42353.9 54230.6 493 593 1)
(127535 54426.6 -42410.8 324 424 1)
(127536 31270.7 -120943 482 582 3)
(127539 -45267.4 -56495.4 308 408 1)
(127541 -109479 -106935 249 349 1)
(127542 -79446.2 45994.1 327 427 1)
(127545 -86564.6 -86777.6 527 627 1)
(127546 -75314.1 2866.5 144 244 1)
(127547 44318.3 -59482 348 448 1)
(127552 -61290.9 145766 238 338 1)
(127566 -62316.1 119562 229 329 1)
(127567 95659 25043 344 444 3)
(127569 -6170.81 -131822 152 252 1)
(127571 -93405.7 -12237.9 221 321 1)
(127573 20178 70290.6 271 371 1)
(127574 86748.6 -7057.17 478 578 1)
(127576 -8151.3 -110093 545 645 3)
(127578 -100635 -21306.4 584 684 1)
(127581 87910.4 79295.4 480 580 1)
(127582 -29126.3 31094.9 235 335 3)
(127594 24234.3 79312.1 299 399 3)
(127600 -79450.6 -129179 472 572 1)
(127604 59545.8 -91062.7 242 342 1)
(127614 111720 -76596.9 239 339 1)
(127615 65408.5 54279.4 496 596 3)
(127620 -56268.5 -115789 162 262 1)
(127622 -9048.94 148996 405 505 1)
(127623 9133.13 74366 474 574 3)
(127624 72781.3 -144817 204 304 3)
(127626 -104605 -21292 348 448 1)
(127629 25181.9 11954.1 141 241 1)
(127630 19109.2 55229.9 337 437 1)
(127633 51411.4 110668 350 450 1)
(127637 -88443.1 -29295 217 317 1)
(127649 -28082.2 -149928 141 241 1)
(127650 -109682 1888.58 426 526 1)
(127653 51290.5 59276.3 161 261 1)
(127655 32198.3 -104607 58 158 1)
(127658 -104907 119580 332 432 1)
(127665 112875 59286.2 548 648 1)
(127666 -57269.6 -46379.8 127 227 1)
(127670 7131.42 -148208 261 361 1)
(127671 -23135.3 76392.7 348 448 1)
(127675 -30114.7 -197.117 399 499 3)
(127676 52345.8 -65468.5 43 143 1)
(127682 -96282.3 -141831 95 195 3)
(127684 103671 16927.1 37 137 3)
(127686 -28116.2 -130960 92 192 1)
(127687 -52249.5 -143921 178 278 3)
(127690 108890 21081.6 619 719 3)
(127691 -62529.4 4916.06 344 444 1)
(127696 -109585 -17228.5 263 363 1)
(127704 41247.4 -93659.7 296 396 3)
(127708 -35172 81415.6 555 655 1)
(127710 92581.2 -14185.4 370 470 3)
(127722 -75431 135738 423 523 1)
(127738 81515.9 -32295.1 201 301 3)
(127750 -56307.1 -124892 375 475 3)
(127772 -86482.2 -145037 376 476 1)
(127773 -62335.7 85386.4 212 312 1)
(127776 74571.1 -54532.4 539 639 1)
(127779 -34117.6 66257 164 264 1)
(127782 2074.02 -72587.1 258 358 3)
(127784 13134.2 64333.2 249 349 1)
(127787 -72426.5 115632 480 580 1)
(127788 27462.8 -34329.6 482 582 1)
(127793 -54309.5 -52495.1 386 486 1)
(127795 48365.9 75327.9 289 389 1)
(127797 -46346.4 49110.9 114 214 3)
(127805 83363.9 -119999 552 652 3)
(127808 -59331.6 -141156 562 662 3)
(127810 26211.8 23017.6 162 262 1)
(127826 12111.7 28990.8 331 431 1)
(127833 23344.6 27042.4 236 336 3)
(127839 21155 -45384.8 117 217 3)
(127851 -77433.9 -96757.6 102 202 1)
(127860 -55289.3 36258.3 230 330 1)
(127862 95585.9 -65518.5 373 473 1)
(127865 6120.02 -91799 595 695 1)
(127870 107793 -134100 627 727 1)
(127877 39262.9 -108742 110 210 1)
(127882 -103546 133734 345 445 1)
(127883 91643.9 -40409.5 380 480 3)
(127886 34291.5 -26478.6 474 574 1)
(127887 51389.4 77368.3 379 479 1)
(127892 17160.6 50177.8 386 486 1)
(127893 97609.3 -99626.6 63 163 1)
(127899 2977.18 28884.2 604 704 1)
(127903 2036.15 16896 1 98 1)
(127904 -9896.51 -14274.2 403 503 3)
(127906 -63341.9 -58514.9 398 498 1)
(127909 95673.7 -103814 410 510 1)
(127913 91637.3 -76624.3 373 473 1)
(127917 -11999.5 21100.9 354 454 1)
(127921 -3059.09 -108701 18 118 1)
(127923 -29041.5 -4970.41 531 631 1)
(127933 -41165 -140991 334 434 1)
(127934 98687.2 -58494.6 346 446 1)
(127935 6192.17 22056.4 618 718 1)
(127941 109874 -148255 222 322 1)
(127946 -111453 -89424.3 55 155 1)
(127959 -89988.6 67686 107 207 1)
(127960 -83414.4 -82618.3 227 327 1)
(127965 88134.5 -86602.1 149 249 3)
(127969 104667 -79517.1 102 202 1)
(127974 -53326.6 -117111 506 606 1)
(127977 29264.4 -59539.6 481 581 1)
(127981 -40176.6 -46443.9 305 405 3)
(127983 -87504.1 32080.7 429 529 1)
(127988 -112577 -125846 199 299 1)
(127998 -36179.8 133569 95 195 1)
