(141000 -114624 -134850 171 271 1)
(141017 -109597 16968 199 299 1)
(141028 -5972.69 37100.3 273 373 1)
(141037 -28125.7 121637 272 372 3)
(141041 30293.1 -72636.4 419 519 3)
(141043 -33142.4 -128833 88 188 1)
(141044 36305.4 -145230 536 636 1)
(141048 50442 -89651.7 574 674 1)
(141054 103722 -114985 570 670 3)
(141065 69640 18909.5 582 682 1)
(141085 -4981.22 -139010 391 491 1)
(141087 5102.02 -86703.2 364 464 1)
(141088 -117582 -41331.4 47 147 1)
(141090 6114.99 -132277 573 673 3)
(141095 14623.6 -53319.8 360 460 1)
(141096 45529 25010.2 602 702 1)
(141098 -64380.6 70292.3 141 241 1)
(141100 44380.3 75382.3 591 691 1)
(141101 88788.5 5949.6 458 558 1)
(141109 -87521.4 -5206.52 497 597 3)
(141110 -12972.4 -40399.4 381 481 1)
(141113 20164.3 69274.3 54 154 1)
(141115 -60292.6 -26256.6 75 175 1)
(141132 12150.7 -79481.8 50 150 1)
(141133 -90476.6 21072.2 119 219 3)
(141147 97736.8 -19267.1 542 642 1)
(141148 82668.5 56217.6 507 607 1)
(141150 60357.6 -9025.34 267 367 3)
(141155 5081.1 -88756.4 23 123 1)
(141163 -86493.6 -46410.2 324 424 1)
(141172 4056.42 -62452.7 168 268 1)
(141188 69497 19077.6 278 378 1)
(141190 -108629 144822 409 509 1)
(141193 -82411.3 42296.5 316 416 3)
(141198 -92565.3 -72644.9 533 633 1)
(141204 -122697 4932.35 350 450 1)
(141206 89722 -105924 423 523 1)
(141211 -87448.6 -86599.6 133 233 1)
(141213 92797.8 -46504.7 627 727 1)
(141222 -46332.9 51218.4 430 530 1)
(141233 -61300.2 32253.4 382 482 1)
(141240 -19172.5 -124042 161 261 1)
(141245 -12049 110509 180 280 3)
(141255 22172.7 -31297.7 118 218 1)
(141261 -65401.8 -113924 480 580 1)
(141262 -80453.7 -25252.6 388 488 1)
(141263 9032.18 -129825 295 395 1)
(141265 25342.4 41173.5 353 453 1)
(141273 27237.4 -47418.6 290 390 3)
(141278 11127.2 -25331.1 560 660 1)
(141284 16214.8 -65794.7 183 283 1)
(141291 -19071.3 -108596 42 142 1)
(141293 -42148.6 112561 88 188 1)
(141297 101682 74075.4 527 627 3)
(141306 -83476.3 -78651 426 526 3)
(141313 2054.11 -20064.5 111 211 1)
(141320 6159.3 -42366.3 108 208 1)
(141331 29251.4 -46438.6 401 501 1)
(141332 -48251.3 28102.3 427 527 1)
(141342 21338.3 110678 588 688 3)
(141349 31239.5 -21246 129 229 1)
(141363 52468.5 112480 206 306 1)
(141364 -10983.9 46186.8 264 364 1)
(141365 33391.1 126791 412 512 3)
(141371 109696 -36243.6 92 192 1)
(141373 -18053 128609 75 175 1)
(141376 -61293.7 80358.5 66 166 3)
(141378 -108535 -25277.8 216 316 3)
(141384 56384.1 -91628.1 17 117 1)
(141385 -51281.5 34851.9 222 322 1)
(141398 -97518.6 -147996 201 301 1)
(141401 -68497.3 -53526.2 567 667 1)
(141402 54452.2 -122995 550 650 1)
(141405 99792.4 25022.1 537 637 1)
(141421 95756.8 43166.8 478 578 1)
(141425 -79389.9 48146.6 63 163 1)
(141428 -1948.55 140676 183 283 3)
(141433 -82456.7 100484 307 407 1)
(141436 -9894 17077.8 82 182 1)
(141448 -86485.1 -105825 404 504 1)
(141452 17170.4 27056.7 367 467 1)
(141453 82524.3 -93694.4 389 489 1)
(141462 -98654.4 -28224.3 572 672 3)
(141477 -57099.8 -89719.6 77 177 1)
(141483 99820.9 36109.1 106 206 1)
(141488 -77434.4 14990.7 282 382 1)
(141489 101958 69116.4 335 435 1)
(141492 31226.7 -79618.6 335 435 3)
(141499 102168 25216.7 629 729 3)
(141513 101006 60139.7 410 510 1)
(141522 6980.65 -99809.3 472 572 1)
(141524 14159.3 -103795 493 593 1)
(141529 -58411.9 125752 276 376 1)
(141530 50328.8 -42339.2 24 124 1)
(141543 40388.6 -23335.1 375 475 1)
(141559 48391.9 -123818 128 228 1)
(141561 119587 -46301 114 214 1)
(141589 90.6294 103651 189 289 1)
(141596 -18007.8 -34318.8 94 194 1)
(141606 72343.3 -19486.2 410 510 1)
(141613 -70461.6 -81723.4 448 548 3)
(141614 96706.9 -146109 455 555 1)
(141621 -60240.9 59231.9 1 93 3)
(141624 -1898.08 -104804 442 542 1)
(141626 53398.7 64275 327 427 1)
(141641 11117.8 40108.8 80 180 1)
(141643 34200.9 116455 20 120 1)
(141660 -47205.3 -24239.8 11 111 1)
(141665 -123849 67336.3 523 623 1)
(141666 -119600 86357.2 29 129 1)
(141669 -16034 -97610.8 140 240 1)
(141679 -46198.3 41107.4 58 158 1)
(141683 4076.85 85514.8 522 622 1)
(141694 -78437.7 -97747.9 545 645 3)
(141697 19153.1 92428.4 279 379 1)
(141700 27237.8 49171.3 274 374 1)
(141704 -108687 87479.5 592 692 1)
(141707 -60348.2 -33365.6 523 623 1)
(141721 -73458 145913 481 581 1)
(141722 -94596.4 -103853 602 702 1)
(141736 -37179 122584 164 264 1)
(141746 21188.5 -21259.3 327 427 3)
(141747 17159.2 20046.8 160 260 1)
(141753 -103599 125663 307 407 1)
(141757 13211.1 35090.1 224 324 1)
(141758 -86558.9 42086.4 307 407 3)
(141765 30348.5 84413.3 604 704 1)
(141771 -38147.8 13965.8 142 242 1)
(141798 68407.5 -84614.7 107 207 1)
(141805 -72246.6 -20540.3 172 272 3)
(141806 -78411.5 8915.21 147 247 1)
(141807 -57465.2 -20219.7 415 515 1)
(141810 11118.5 -34310.6 60 160 1)
(141814 112694 21953.5 214 314 1)
(141819 -119725 -113793 333 433 1)
(141830 -96537.6 -102776 295 395 1)
(141842 105753 -125965 449 549 1)
(141851 -10786.5 -29329.9 218 318 3)
(141860 -66487.9 53270.7 501 601 3)
(141864 -62261.4 99413.6 273 373 1)
(141866 -52247.3 -14196.5 1 96 1)
(141867 -116700 130630 117 217 1)
(141872 83532.9 47186.7 222 322 1)
(141876 -44172.5 12968.8 11 111 1)
(141877 38395.5 27023.3 337 437 3)
(141881 -36159.7 -6174.61 413 513 1)
(141882 19218.1 -117893 327 427 1)
(141886 100688 137689 292 392 1)
(141889 -61459.1 -59054.5 494 594 1)
(141890 -4010.45 -81399.4 1 100 1)
(141905 26265.4 -3159.61 593 693 1)
(141910 69546.9 -11193.5 309 409 1)
(141918 100668 -115826 136 236 1)
(141923 -26107.2 -131920 532 632 1)
(141926 -36142.5 -52436.5 260 360 1)
(141930 64429.3 -5048.73 108 208 1)
(141931 94516.6 -102713 102 202 1)
(141933 104609 31094.4 107 207 1)
(141934 -55315.6 -149003 252 352 1)
(141938 -108647 -30328.9 429 529 1)
(141941 35553.4 -22081.6 291 391 3)
(141953 -105593 13962.8 106 206 3)
(141962 -36113.8 -125995 468 568 3)
(141963 20250.9 -60522.6 521 621 1)
(141970 -108672 46193.1 518 618 1)
(141974 92840.3 43160.4 577 677 1)
(141981 16120.6 -103582 114 214 3)
(141982 -103544 -4117.63 174 274 1)
(141985 -29100.9 -22260.2 175 275 1)
(141991 53436.8 -45456.3 421 521 1)
(141994 21185.8 61227.2 144 244 1)
