(184005 -92465.1 71285 99 199 1)
(184010 51362.4 -26276.3 176 276 1)
(184017 -81379.6 -6151.38 2 102 1)
(184027 89551.1 -17249.7 405 505 1)
(184030 92703.6 43170.3 404 504 3)
(184037 -14972.7 2869.52 129 229 1)
(184043 -29111.6 -12129.9 582 682 1)
(184048 -12014.9 -71606.6 442 542 3)
(184051 82546.6 -12189 207 307 1)
(184057 -106685 -38399.7 279 379 1)
(184058 -103527 69277 112 212 1)
(184063 -97591.9 -103845 499 599 1)
(184066 -41196.2 -83673 392 492 3)
(184069 46359.2 -133983 364 464 1)
(184077 17193.3 5897.72 202 302 3)
(184090 -71451.9 79382.3 536 636 3)
(184093 -42195 103520 250 350 1)
(184109 -104405 -97734.3 1 100 1)
(184112 -89424.3 -41298.8 31 131 1)
(184115 -105542 30052.2 133 233 3)
(184119 18138.8 -25328.5 383 483 1)
(184120 -121195 -3968.28 381 481 1)
(184124 -15043.5 -10179.5 526 626 3)
(184132 75542.9 -18203.1 349 449 1)
(184138 68918.7 126418 368 468 1)
(184143 -37485.5 17730.2 291 391 1)
(184147 -61368.3 26003.5 569 669 1)
(184150 -118647 -91719.6 110 210 1)
(184159 14164.1 -27380.3 573 673 3)
(184169 -46298.4 -86689.8 527 627 1)
(184174 7098.05 -45392.1 292 392 1)
(184183 25339.6 -7108.23 329 429 1)
(184191 101683 -29265.3 440 540 1)
(184192 8154.48 60148.1 148 248 1)
(184199 94575 -22239.4 111 211 3)
(184205 120774 -108676 156 256 1)
(184208 97748.9 -125975 407 507 3)
(184210 69321.6 -73601.5 24 124 1)
(184213 55373.5 104454 158 258 1)
(184216 20130.3 -39405.1 198 298 1)
(184218 21264.4 -46465.1 459 559 1)
(184220 71419.6 -83546.4 29 129 1)
(184224 42377.3 -115974 584 684 3)
(184233 -25110.2 -2130.73 21 121 1)
(184234 -110281 -127643 18 118 1)
(184236 -81413.2 -16161.4 69 169 1)
(184239 69578.8 -15213.3 574 674 3)
(184242 -35178.3 -113930 477 577 1)
(184250 -67372.9 -129911 207 307 1)
(184255 11133.7 -127858 186 286 1)
(184257 -105621 142807 388 488 1)
(184260 47311.1 -98673.9 101 201 3)
(184263 -84445.4 78441.1 303 403 1)
(184272 85597.9 116446 264 364 1)
(184277 81688.1 149861 560 660 1)
(184284 -105488 69211.7 7 107 3)
(184285 41329.7 120660 367 467 1)
(184292 -35070.7 -54513.4 213 313 1)
(184295 36294 65306 336 436 1)
(184308 88562.4 -24250.5 1 100 1)
(184311 42658.7 27844.1 525 625 1)
(184316 -11017.5 16974.5 37 137 1)
(184320 80559.4 -24247.6 341 441 1)
(184328 49378.9 -11199.2 375 475 3)
(184334 109710 75328.6 99 199 1)
(184335 -124946 61267.1 370 470 1)
(184336 -4949.61 2950.56 509 609 1)
(184342 29156.2 3878.83 136 236 3)
(184347 -101570 118673 421 521 1)
(184354 -62350.1 -25276 364 464 1)
(184361 -5910.27 -107911 563 663 3)
(184376 8115.32 17955.6 189 289 1)
(184378 42327.6 11979.8 460 560 3)
(184380 -106659 -3206.91 377 477 3)
(184382 -19127.4 31060.6 85 185 1)
(184385 34236.3 10929.7 33 133 1)
(184388 6998.81 131683 330 430 1)
(184390 -112679 -114924 503 603 1)
(184398 108673 30036.2 27 127 1)
(184399 66181.1 71407.6 17 117 3)
(184410 97605.8 -127245 75 175 3)
(184412 -10719.3 58211.2 571 671 1)
(184417 -103517 13942.4 281 381 1)
(184426 -120722 -130960 195 295 1)
(184432 76525.3 -149156 517 617 3)
(184434 56464 -78720.9 466 566 1)
(184451 -32131.4 -137947 226 326 1)
(184454 9129.74 58277.8 130 230 1)
(184475 -73457.4 111683 572 672 1)
(184484 64236.8 129605 92 192 1)
(184488 37281.1 -26253.5 117 217 3)
(184495 118722 -102713 495 595 3)
(184499 80644 35104.3 499 599 3)
(184509 44411.7 101756 3 103 1)
(184517 -9974.52 -87577.8 114 214 1)
(184521 110589 -71420.2 119 219 1)
(184522 -48148.4 -132286 610 710 1)
(184526 20137.2 -53521.2 144 244 1)
(184530 32267.9 20941.2 39 139 1)
(184538 -83462 144785 325 425 1)
(184542 -43255.4 -96752.7 464 564 1)
(184553 -102770 67280.9 436 536 1)
(184561 -65331.5 -91712.9 421 521 1)
(184566 26271.8 -86727.6 530 630 1)
(184567 -23140.3 -40452.1 620 720 3)
(184568 77462.5 20981.5 87 187 1)
(184570 106791 30980.7 303 403 1)
(184573 14160.2 -59491 269 369 1)
(184574 -40175.7 -77537.9 38 138 1)
(184576 -76388.6 -72486.6 25 125 1)
(184585 -92453.8 87338.6 128 228 1)
(184587 -53671 -59887.6 221 321 1)
(184601 11253.3 -136065 606 706 1)
(184615 21220.1 -4156.34 287 387 1)
(184620 -114609 -19213.6 75 175 1)
(184624 2312.22 -6067.55 497 597 3)
(184634 17139.6 -29308.5 583 683 1)
(184639 22166.6 -143888 57 157 1)
(184649 -23107.2 -105846 470 570 3)
(184651 -62343.8 139741 138 238 1)
(184653 22231.3 101571 440 540 1)
(184654 -10001.7 -98670.5 127 227 1)
(184659 34269.6 -58473.6 167 267 1)
(184662 118787 31044 160 260 3)
(184668 10038.4 -9137.43 33 133 3)
(184677 13147 -78658.2 361 461 1)
(184678 106677 -62372.9 49 149 1)
(184680 36282.3 -70607.9 439 539 1)
(184684 119912 102748 601 701 1)
(184693 101820 -71577.6 394 494 1)
(184695 -2109.25 106520 284 384 1)
(184704 -65319.2 -91712.9 309 409 1)
(184711 36572.7 110941 620 720 1)
(184712 121791 31090.2 311 411 3)
(184730 -96440.9 96380.5 103 203 1)
(184735 -87485.2 -99750.9 331 431 3)
(184736 -36104.5 -21171.5 283 383 1)
(184741 -9007.29 76368.6 570 670 1)
(184745 104026 66447.6 437 537 1)
(184750 -37173.1 2855.23 391 491 3)
(184752 -33117.1 -66467.1 150 250 1)
(184754 -121724 -142135 545 645 1)
(184757 -118967 16941.5 454 554 1)
(184759 -58326.6 -123845 93 193 1)
(184767 -109664 12955.3 421 521 1)
(184768 35282.5 -16199.2 243 343 1)
(184777 123849 67319.1 398 498 1)
(184789 -1947.54 -81635.5 329 429 1)
(184790 -60268.5 -75548.1 85 185 1)
(184803 19354.1 -8019.92 452 552 3)
(184809 -123813 -84748.6 602 702 1)
(184816 -104927 -4288.52 218 318 3)
(184821 -110655 90444.7 378 478 1)
(184822 -4966.42 19989.7 153 253 3)
(184836 35317 -32251.4 231 331 1)
(184837 42461.9 39092.7 457 557 1)
(184843 -39164.4 -17220.3 138 238 1)
(184850 -34115 33059.8 390 490 3)
(184852 27282 -8173.16 38 138 3)
(184856 -81588.9 73347.5 545 645 1)
(184859 -89460.9 -125966 512 612 1)
(184866 69881.8 -11004.2 497 597 1)
(184872 -83431.4 -130930 201 301 3)
(184876 1214.31 -95855.1 103 203 1)
(184880 -38277 114430 69 169 1)
(184881 -16937.8 -2112.08 86 186 1)
(184882 -76328.8 104567 321 421 1)
(184886 -60322.3 -104698 177 277 1)
(184889 -112695 80470 560 660 1)
(184895 -12534.9 112369 572 672 3)
(184899 -15000 -107863 508 608 1)
(184902 109589 58105.7 88 188 3)
(184911 -63475.9 -107237 618 718 1)
(184912 -104666 -50498 556 656 1)
(184913 87685.3 -83719.7 602 702 3)
(184915 31357.1 96601.6 571 671 3)
(184927 -93399.9 23518.7 473 573 1)
(184931 -6975.64 -19226.2 32 132 3)
(184934 -94455.4 -66469.7 30 130 1)
(184936 -43187.8 -141904 81 181 1)
(184942 -19060.9 -61586.3 581 681 1)
(184949 38202.2 130531 76 176 1)
(184958 -10031.1 -80620.8 463 563 1)
(184959 -4959.28 65259.2 217 317 1)
(184976 -61377.4 -11206.4 510 610 1)
(184982 63494.8 -44454.6 579 679 1)
(184985 -63393.5 -85555 226 326 1)
(184987 -21085 57239 215 315 1)
