(149010 -82522.5 -68573.4 405 505 3)
(149014 3165.8 -137969 372 472 1)
(149015 -7967.02 -56537.3 560 660 1)
(149016 -27092.2 -141859 65 165 3)
(149027 -67309.5 -34288.8 54 154 1)
(149029 3072.59 891.709 44 144 1)
(149035 -23159.5 121675 417 517 3)
(149037 -29083.6 -115893 312 412 1)
(149044 25264.8 105714 446 546 3)
(149047 74554.5 84387.7 394 494 3)
(149051 41430.1 -72244.7 88 188 3)
(149066 11068.4 32043 181 281 1)
(149082 -28120 -149100 401 501 1)
(149085 -78368 -3119.21 58 158 1)
(149091 -898.044 75280.1 28 128 1)
(149092 74476.6 51174 37 137 1)
(149095 13155.5 91409.1 98 198 1)
(149102 73469.4 -45436.9 324 424 1)
(149103 80457.6 -19261.8 68 168 3)
(149106 24381 115833 427 527 1)
(149107 29157.1 -40408.4 265 365 3)
(149142 -21040 -96770.9 129 229 1)
(149149 -54267.1 -110781 329 429 1)
(149151 35307.4 -29354.6 556 656 1)
(149152 -24882.3 -131938 521 621 1)
(149162 -26200.8 -105082 619 719 1)
(149164 -117759 -126003 437 537 3)
(149165 50401.8 -26294.9 464 564 1)
(149168 83864.6 -84841 416 516 1)
(149177 35303.8 -149233 497 597 1)
(149188 -42194.1 -41450.7 581 681 1)
(149193 -74330.6 43053 48 148 1)
(149195 -66626.1 -5227.79 59 159 1)
(149205 46331.3 9933.21 202 302 1)
(149208 21278.4 118475 41 141 1)
(149211 75536.9 -5155.99 302 402 1)
(149212 15204.8 94455.6 35 135 1)
(149214 26413.6 24113.2 617 717 3)
(149217 69577.6 -63614.1 407 507 3)
(149223 -14909.7 10932.6 163 263 3)
(149227 98645.6 20999.7 327 427 3)
(149252 -71307.7 -129868 184 284 1)
(149253 -118845 -129107 154 254 1)
(149255 -33110.5 -66522.1 240 340 1)
(149256 -68420.2 42120.8 560 660 1)
(149259 -11992.5 46164.6 131 231 1)
(149266 -65407.8 -126973 274 374 1)
(149270 -1942.74 116593 330 430 1)
(149275 19189.5 144762 289 389 1)
(149295 -17089.6 18082.4 217 317 1)
(149296 -58265.3 -91714.5 344 444 1)
(149301 44399.5 45061.5 205 305 3)
(149303 48405.3 -15272.8 350 450 3)
(149325 -44146.9 -39281.4 530 630 1)
(149328 92540.3 26045.9 9 109 3)
(149350 109502 -126907 5 105 1)
(149352 73611.5 -53527.7 588 688 1)
(149360 -92534.9 142834 436 536 1)
(149362 -112626 75343.4 295 395 1)
(149378 -107547 33076.4 109 209 1)
(149385 107817 54146.5 598 698 1)
(149390 105652 49162.7 110 210 3)
(149392 55381.8 -138887 129 229 1)
(149401 -87362.3 -52383.5 17 117 1)
(149402 -54255.8 -102615 11 111 3)
(149404 -110684 36073.2 536 636 3)
(149409 -12020.7 -28249.3 604 704 1)
(149414 58208.7 26267.8 488 588 1)
(149415 14133.3 20049.3 195 295 1)
(149419 -11993.2 -116001 420 520 3)
(149425 24258.3 -17228.3 154 254 1)
(149444 63586.4 -28153.7 270 370 3)
(149446 124734 47264.6 129 229 3)
(149450 -89588.3 94462.2 546 646 1)
(149454 100596 -56429.8 52 152 1)
(149462 11115.6 -64519.5 98 198 1)
(149474 57449.3 36063.7 324 424 1)
(149477 4115.05 105576 269 369 1)
(149488 -102580 -76546.7 306 406 1)
(149489 -37191.8 -111872 413 513 3)
(149493 77579.5 142820 538 638 1)
(149494 -112848 -132132 566 666 1)
(149495 -1895.17 -96029.4 462 562 1)
(149504 -25063.5 -86641.5 85 185 1)
(149515 36320.4 -74654 563 663 1)
(149522 -64564.7 143603 514 614 1)
(149527 36331.2 -74678.1 596 696 1)
(149532 71539.4 -49491.3 305 405 -1)
(149535 -65396 98503.5 513 613 1)
(149541 -71478.4 -63488.9 470 570 1)
(149548 -29119.4 41110.2 76 176 1)
(149565 -113663 36980.4 401 501 1)
(149577 35271 -93567.7 192 292 1)
(149582 -67356.6 36099.9 305 405 1)
(149583 -122757 119633 439 539 1)
(149584 -59309.6 140806 452 552 1)
(149596 -87481.4 -111764 167 267 3)
(149604 35317.9 -32363.2 553 653 1)
(149607 -73437.9 -10208.5 504 604 1)
(149610 -2949.19 -119942 464 564 3)
(149612 -36197.1 70325.1 508 608 1)
(149635 -11041.6 -135866 28 128 1)
(149638 -94684.7 -60783.3 580 680 3)
(149640 -29168.8 -115845 369 469 1)
(149648 117871 -93825.3 593 693 1)
(149656 -82491 -124944 400 500 1)
(149660 123909 40158.9 391 491 3)
(149661 -33165.7 56242.6 492 592 3)
(149667 -76415.7 -51408.5 107 207 1)
(149668 -69389.7 -49459.7 410 510 1)
(149672 81662.2 103608 526 626 1)
(149673 55445.3 -36260.5 139 239 1)
(149678 5099.51 -121915 381 481 3)
(149682 -50230.1 29060.4 31 131 1)
(149714 -70327.7 34124.9 478 578 3)
(149716 107651 -10197.5 404 504 3)
(149724 12339 -39342.2 340 440 1)
(149742 93713.1 -77614.4 494 594 3)
(149743 5073.77 -16233.7 550 650 1)
(149746 41307.6 -97713.4 253 353 1)
(149765 -91601.6 784.81 335 435 1)
(149771 -18179 -9160.95 330 430 1)
(149774 -18043.9 -6139.06 82 182 1)
(149777 -98515.9 -51248.7 171 271 1)
(149781 69919.2 7027.94 266 366 3)
(149783 34312.4 -12197.4 614 714 1)
(149796 21199.6 143946 421 521 3)
(149799 37039.6 -57634.5 307 407 1)
(149805 -1921.26 39174 594 694 1)
(149807 32267.7 -11236.5 604 704 1)
(149808 -7075.56 -11187 158 258 1)
(149815 30218.9 36106.9 407 507 1)
(149822 19156.5 42118.5 51 151 3)
(149828 23187.5 -72473.5 81 181 1)
(149834 -74277.3 60311.1 162 262 3)
(149835 -62390.6 40962.4 366 466 1)
(149839 -57694.7 60211.3 268 368 3)
(149841 45340.9 16971.6 235 335 3)
(149845 -105599 -14220.1 463 563 3)
(149848 122089 17904.7 157 257 1)
(149855 46309.3 109491 22 122 1)
(149858 -3956.41 -149913 47 147 1)
(149864 118798 109482 393 493 1)
(149867 -118654 -31323.1 220 320 1)
(149870 28219.7 -103715 154 254 1)
(149872 6113.49 56290 29 129 3)
(149873 -46408.4 18869.3 354 454 3)
(149874 -15040.7 36110.7 437 537 1)
(149881 -76422.7 134656 53 153 1)
(149884 45360.8 66313.2 410 510 1)
(149895 62488.9 37116.7 426 526 1)
(149897 -122729 88472.3 241 341 1)
(149903 32266.1 15975.7 522 622 1)
(149913 -71342.7 -72502.7 14 114 1)
(149914 -64371 -108858 453 553 1)
(149916 -23833.3 90753 611 711 3)
(149920 -29112.8 -58451.2 115 215 1)
(149934 -7975.78 76374.8 380 480 1)
(149935 -45263.2 -103730 453 553 1)
(149937 107768 28056.3 421 521 1)
(149942 -22016.4 104606 489 589 1)
(149944 100618 -52409.3 116 216 1)
(149949 69465.2 -67496 186 286 1)
(149950 -10950.7 -112850 452 552 1)
(149954 1002.56 1813.62 38 138 3)
(149959 44157.8 116577 367 467 1)
(149969 -14008.6 47164.3 202 302 -1)
(149971 105818 -49487.5 589 689 1)
(149980 -4970.95 -112762 150 250 3)
(149983 81322 138627 12 112 1)
(149987 110976 91531.7 550 650 1)
