(73005 2973.33 45137.6 534 634 1)
(73008 32313.5 -140058 370 470 1)
(73010 2085.31 -34383 509 609 3)
(73028 -27110.4 -96799.4 584 684 1)
(73031 24207.1 69225.3 205 305 1)
(73039 27259.3 67264.4 349 449 1)
(73041 -21072.1 -69567.2 338 438 3)
(73046 -119806 103583 481 581 3)
(73048 116735 -36322.8 387 487 1)
(73049 67063.1 -110807 435 535 1)
(73050 103720 -11177.2 340 440 1)
(73066 -35193.1 88403.4 275 375 1)
(73077 -76587.7 74403.1 495 595 1)
(73089 64482.5 -90724.2 402 502 3)
(73090 -112622 106533 268 368 1)
(73097 69545.5 37116.8 481 581 1)
(73105 -83506.4 64218.1 132 232 3)
(73113 -116643 -62489.5 300 400 1)
(73114 16159.2 -94702 215 315 1)
(73121 22204.3 -8256.23 508 608 1)
(73125 -42263 62285.9 567 667 3)
(73130 8158.21 36296.3 48 148 1)
(73135 -15919.2 5978.79 379 479 3)
(73144 87484.7 -10125.1 587 687 1)
(73154 80551.7 86200 619 719 1)
(73155 -91201.2 69165.2 437 537 1)
(73156 84637.8 17957.1 270 370 1)
(73162 -9995.79 -18248.9 361 461 1)
(73163 94542.3 -77655 231 331 1)
(73164 6078.16 62317 591 691 1)
(73169 114768 122637 321 421 1)
(73173 -118763 -112950 592 692 1)
(73179 26954.4 67276.6 65 165 3)
(73184 -32040.4 -20270.2 411 511 1)
(73196 -50153.3 -43346.9 41 141 1)
(73198 -91444.4 84375.4 47 147 1)
(73210 34251.6 -127871 151 251 1)
(73211 -21069.3 -96668.4 48 148 1)
(73219 44309.3 31093 617 717 1)
(73221 84530.1 -83605.8 37 137 1)
(73222 53204.4 97409.8 180 280 3)
(73223 52415.4 62282.9 356 456 3)
(73225 9102.61 -149055 295 395 1)
(73234 -60356.8 -113145 487 587 1)
(73236 28205 139678 86 186 3)
(73242 -12058.9 21045.2 217 317 3)
(73243 28264.1 -93509.1 208 308 1)
(73244 74489.8 -29308.3 44 144 1)
(73246 46369.9 -68549.4 332 432 1)
(73248 -70356.6 -124019 517 617 1)
(73250 69515.2 73207.7 371 471 1)
(73254 114792 -39405.5 438 538 3)
(73263 91661.4 105459 489 589 1)
(73265 -57295.1 -31315.9 222 322 1)
(73266 -118603 47150.1 141 241 1)
(73267 -35152.3 -60452.8 213 313 3)
(73275 -2057.47 -64706.8 57 157 1)
(73276 -56324.5 -89752.4 493 593 1)
(73287 -39213.3 -61572.9 581 681 1)
(73295 -48597.8 -34367.5 479 579 1)
(73296 115650 101467 124 224 1)
(73319 2083.11 -37311.1 46 146 1)
(73331 -44221.8 -14282.7 409 509 1)
(73333 32283.2 -91686.1 304 404 3)
(73338 -5939.15 111398 34 134 1)
(73358 -28135.6 13963.3 171 271 1)
(73360 -26094.7 -130851 61 161 1)
(73362 79498 -46382.2 164 264 1)
(73371 -1931.7 -23384.5 560 660 1)
(73375 -9926.93 -97696.1 217 317 1)
(73379 -47234.8 96471.7 214 314 1)
(73392 -120719 -56498.1 437 537 1)
(73393 -81417.5 -134866 131 231 3)
(73397 -101520 -149968 192 292 1)
(73399 10105.9 -32265.9 361 461 1)
(73403 -45187.4 -65529.4 261 361 1)
(73410 -5096.47 47397.2 621 721 1)
(73420 -107570 72395.2 420 520 1)
(73422 97617 70279.9 157 257 1)
(73423 -78430.1 49182.3 204 304 1)
(73441 -89471.6 19992.2 219 319 1)
(73443 -35162.3 131734 115 215 3)
(73449 112766 -88545.1 172 272 3)
(73452 8072.85 70294.5 309 409 1)
(73457 34398 -43354.9 579 679 1)
(73459 -50262.4 58272.8 569 669 1)
(73480 -39137.9 -4118.6 449 549 3)
(73485 89624.8 -57586.7 620 720 3)
(73486 88687.6 11944.1 481 581 1)
(73488 -99603.6 20870.1 616 716 1)
(73495 -37164.8 -122847 257 357 1)
(73496 -76454.8 -136098 359 459 1)
(73507 47356.1 -17252 468 568 1)
(73509 16159.2 -129823 81 181 1)
(73513 25259.3 -103871 536 636 1)
(73516 -124859 139848 40 140 1)
(73517 87.3777 56215.9 457 557 1)
(73520 -58394.6 -128867 211 311 1)
(73526 -1946.78 -28320.3 483 583 3)
(73529 -108529 70267.5 33 133 1)
(73534 -116646 81222.2 38 138 1)
(73536 -13651.7 -88846.5 313 413 3)
(73550 -16997.7 -43341.6 82 182 1)
(73554 -19990.9 32746.8 1 93 1)
(73561 -15056.5 -146178 477 577 1)
(73564 -21083.9 -88700 352 452 1)
(73566 50330.6 -90692.4 261 361 1)
(73568 -86458.6 -54571.9 287 387 1)
(73569 -29137.3 -79802.3 608 708 1)
(73577 -14918.9 -40475.2 463 563 3)
(73585 -9022.54 41176.5 121 221 1)
(73598 2982.87 -48442.2 39 139 1)
(73600 83553.4 60250.7 1 93 1)
(73602 49389.5 -118905 409 509 3)
(73603 -61242.6 126539 108 208 1)
(73605 -67339.1 97422.8 114 214 1)
(73610 113719 63253.1 134 234 1)
(73621 -44221.2 137715 369 469 1)
(73630 -26102.9 -115905 459 559 1)
(73642 6091.23 99391.7 11 111 3)
(73648 -49280.6 82416.9 498 598 1)
(73652 -54117.9 134807 53 153 1)
(73661 -71344.4 -114838 378 478 1)
(73663 39293.3 -107829 329 429 3)
(73664 -57234.9 70345.6 344 444 1)
(73665 -32402.9 45175.1 559 659 1)
(73671 23036.8 -90411.5 542 642 3)
(73685 5089.24 97375.7 1 99 3)
(73697 107681 5907.16 128 228 3)
(73700 -58376.6 -88819.4 417 517 1)
(73702 26282.5 -56428 384 484 1)
(73709 44305.9 -84586.6 116 216 3)
(73710 -70386.8 -70548.4 252 352 1)
(73716 -73421.1 -47449.8 529 629 1)
(73725 -10008.9 -4131.51 389 489 1)
(73735 -66302.9 -37325.6 125 225 1)
(73740 -4953.55 -27343.5 615 715 1)
(73742 -31180.7 -36358.9 343 443 1)
(73745 -12016.4 21929.8 229 329 1)
(73752 26273.6 -65518.3 323 423 1)
(73754 -51293.5 -146160 479 579 3)
(73764 118682 -64616.8 253 353 3)
(73779 86625 30096 489 589 1)
(73784 4095.93 -104718 311 411 1)
(73796 -111776 -100815 582 682 1)
(73798 77691.9 38913.1 444 544 1)
(73800 101572 -10320.8 230 330 3)
(73806 -98448.9 98358.7 87 187 1)
(73816 13148.9 -51446.9 181 281 1)
(73821 25214.1 29042.8 236 336 1)
(73824 17242.2 -73618 533 633 1)
(73829 -15032.6 -75523 41 141 1)
(73831 -64353.8 3845.4 433 533 3)
(73834 -63295.6 -24253.7 40 140 1)
(73836 -78447.2 114651 347 447 1)
(73837 -62351.8 31063.3 608 708 1)
(73843 -56342.6 11984.9 539 639 3)
(73845 1153.2 -58438.7 392 492 1)
(73854 88682.2 -74685.4 564 664 1)
(73858 -17054.3 71305.8 529 629 1)
(73867 16129.2 -59498.5 398 498 1)
(73872 8140.61 -114949 495 595 1)
(73883 2063.5 -31377.1 376 476 1)
(73902 62314.2 -121779 179 279 3)
(73904 -28114.5 -112693 8 108 1)
(73908 37317.9 52218.4 235 335 1)
(73926 122779 -20264.2 233 333 1)
(73927 62539.7 61282.8 582 682 3)
(73932 105710 59246.6 306 406 1)
(73934 113865 -20328.5 550 650 1)
(73937 -105566 53057 100 200 1)
(73942 106611 -18237.9 629 729 1)
(73946 -36177.4 -109786 156 256 1)
(73949 52134 -20000.5 143 243 1)
(73960 -83807 16145.4 535 635 1)
(73961 84689 -39136 621 721 1)
(73979 -88506.3 -33348.1 395 495 3)
(73980 54295.3 83611.8 467 567 3)
(73981 114898 -4180.48 375 475 1)
(73994 108773 -116917 491 591 1)
(73995 50387 71324.4 321 421 1)
(73996 -62453.8 43288.2 234 334 1)
(73998 -11004.2 -33345.2 303 403 1)
