(111008 7152.52 -87137.1 37 137 3)
(111013 -29162 -45426.7 322 422 3)
(111036 -12213.4 -63657.1 259 359 1)
(111039 36193.3 107547 331 431 1)
(111041 1075.04 48182.9 495 595 1)
(111042 -19068.2 -110.022 410 510 1)
(111045 -90864.8 67103.1 411 511 1)
(111051 103737 89437.4 398 498 1)
(111052 -2946.37 27083.9 450 550 1)
(111054 119988 -49633.6 469 569 3)
(111056 -105738 33094 515 615 1)
(111082 -107622 -67549.5 348 448 1)
(111097 -60306 106543 165 265 3)
(111110 -88421.1 4922.45 50 150 1)
(111113 58519.4 -27372.8 623 723 1)
(111115 15148 147780 286 386 1)
(111141 49333.5 82392.7 112 212 3)
(111145 -50238.5 -77731.2 402 502 1)
(111160 63424 -51669.4 468 568 1)
(111165 -94319.8 -134920 366 466 1)
(111167 31237.9 75329 256 356 1)
(111173 -43208.7 -62555 432 532 1)
(111176 76467.7 -26260.1 77 177 1)
(111199 -68307.1 -59391.2 197 297 1)
(111200 -52277.1 79366.8 375 475 1)
(111201 -52245.7 -126858 180 280 1)
(111203 -33369.1 -1019.74 350 450 1)
(111205 45298.3 -138952 218 318 1)
(111207 33301.7 -59534.9 447 547 1)
(111211 -59305.2 20027.9 248 348 1)
(111221 -56219.4 145748 328 428 1)
(111224 -13012 -87584.4 73 173 1)
(111241 53252.3 -119879 318 418 1)
(111247 56222.6 110577 110 210 1)
(111251 -69355.6 51131.4 313 413 3)
(111254 -28110.9 -108705 141 241 3)
(111267 111064 2967.49 599 699 3)
(111271 30266.9 -60572.5 581 681 1)
(111278 19162.6 -40372.7 208 308 3)
(111290 -114705 -98786.4 435 535 3)
(111296 -1674.83 34186.9 325 425 1)
(111310 -20087.1 -53408.8 107 207 1)
(111312 -47237.7 -120979 446 546 1)
(111321 -44215.1 70252.7 99 199 1)
(111330 47584.8 14034.9 143 243 1)
(111342 30225.1 -36346.5 88 188 1)
(111344 -92361.4 26163.2 13 113 1)
(111355 -12044.9 -147936 89 189 1)
(111362 4085.02 34069.9 195 295 3)
(111383 8085.99 -51395.7 5 105 1)
(111384 34300.9 124647 520 620 1)
(111394 115845 77341 437 537 1)
(111402 -110661 80414.6 374 474 1)
(111411 -33097.6 -40370.1 184 284 1)
(111414 14145.8 -39333.6 221 321 1)
(111415 11119.6 -21254.8 547 647 3)
(111417 -60358.6 -111845 398 498 1)
(111422 22045.1 21027 283 383 1)
(111427 89688.9 107572 550 650 1)
(111429 1067.17 -32254.5 302 402 3)
(111431 8156.46 -119051 602 702 1)
(111434 97734.4 2957.28 593 693 1)
(111441 -2947.44 -115976 611 711 1)
(111444 10116.1 -136842 75 175 1)
(111448 9151.92 42100.2 68 168 1)
(111450 76507.1 -37358.5 370 470 1)
(111453 25167.7 19004 287 387 1)
(111467 -23077.8 -41453 177 277 1)
(111468 -81414.3 6915.77 177 277 1)
(111471 50256.4 -27336.6 9 109 1)
(111488 -26076.7 -17304.9 433 533 3)
(111500 24243.8 -45689.9 239 339 3)
(111505 65677.9 54139.8 459 559 1)
(111514 -52258.8 50195.7 179 279 1)
(111516 -11024.2 -68500.9 135 235 3)
(111517 -70395.3 8936.85 382 482 1)
(111520 -41199.2 25029.6 431 531 1)
(111521 -119727 -4249.06 194 294 1)
(111522 -104624 -91740.6 441 541 1)
(111526 15287.6 16954 107 207 1)
(111531 56390.2 -70453.2 34 134 1)
(111535 20263 -24309.7 586 686 1)
(111551 -99575.8 70298.4 7 107 1)
(111554 -55358.2 -17414.6 347 447 1)
(111571 50366.5 -122890 274 374 3)
(111575 -30145.1 120548 294 394 1)
(111579 -15961.7 -69642.7 524 624 1)
(111580 91590.1 -84635.6 116 216 1)
(111585 29214.9 59206.4 192 292 1)
(111589 72626.5 -103893 626 726 1)
(111591 28211.2 -12196.7 79 179 1)
(111595 -55351.4 59543.4 496 596 3)
(111597 -40275.6 -14099.5 370 470 1)
(111608 -3961.82 -18125.2 63 163 1)
(111609 -98543.3 -34246.4 485 585 1)
(111623 -33196.6 70355.1 308 408 3)
(111625 -25990.3 51069.5 546 646 1)
(111626 49325.5 -34293.4 1 95 3)
(111629 42337.2 26103.4 321 421 1)
(111645 99438.9 84281.7 324 424 3)
(111655 48335.4 -123901 402 502 1)
(111671 34301.5 -76534 300 400 1)
(111673 -6912.22 -117738 400 500 1)
(111675 -89205.3 68405 206 306 1)
(111677 -46277.3 -97597.9 94 194 1)
(111690 48352 121610 250 350 1)
(111691 -18043.3 -32294 17 117 1)
(111692 54436.3 -131971 332 432 1)
(111696 -37189 -144015 320 420 1)
(111697 34316.1 -134059 502 602 1)
(111707 -20082.2 -101878 515 615 1)
(111718 -20087.7 -132018 372 472 1)
(111721 101674 119613 312 412 1)
(111725 70543.1 -111940 538 638 3)
(111736 78548.2 -27478.3 527 627 1)
(111739 21223.4 -18375.8 459 559 1)
(111742 28202.1 95432.1 151 251 1)
(111746 -124784 -103899 532 632 1)
(111757 41278.6 -58439.5 134 234 1)
(111767 32219.5 54210.1 1 97 1)
(111770 81391.3 -9129.71 248 348 3)
(111775 33304.1 149040 553 653 3)
(111776 54347.2 80317 45 145 1)
(111777 79614.9 -27302.4 495 595 1)
(111783 76469 -91610.9 42 142 3)
(111789 -62435.3 -145191 571 671 1)
(111797 65537.9 55205.9 426 526 1)
(111803 -16008.7 110538 443 543 3)
(111809 -52224.3 -86711.4 344 444 1)
(111817 103778 21054.6 442 542 1)
(111820 122671 -74618.2 170 270 1)
(111822 115716 83378.7 215 315 1)
(111826 19165.9 -93612 31 131 1)
(111828 -93620.1 -63683.6 76 176 1)
(111832 -64352 -110879 523 623 3)
(111836 -87474.1 5918.42 146 246 1)
(111842 -109626 13837.9 466 566 1)
(111844 45305.8 -116808 127 227 3)
(111845 45325 -123838 168 268 3)
(111846 119520 7068.99 36 136 1)
(111850 68658.8 100397 494 594 1)
(111855 55292.6 109305 437 537 1)
(111857 -117684 -65555.4 500 600 1)
(111859 23236.6 37072.4 597 697 1)
(111863 24195.4 106470 80 180 1)
(111866 -50280.2 -85704.1 464 564 1)
(111870 -32131 -76575.4 164 264 1)
(111873 -29098.2 -143895 29 129 1)
(111881 23243 29046 517 617 3)
(111893 -35214.4 -77672.4 624 724 1)
(111894 -17028.9 -114753 156 256 1)
(111902 -83411.4 -122832 389 489 1)
(111913 34264.9 -57461.6 229 329 1)
(111923 80495 84332.5 95 195 1)
(111944 26204 -97686.8 166 266 1)
(111948 4110.45 127698 215 315 3)
(111949 16155.5 -107751 205 305 1)
(111956 -123587 -76552.6 183 283 3)
(111961 -25920.2 99540.1 332 432 3)
(111963 -100591 17093.8 589 689 1)
(111964 49404.8 59253 473 573 1)
(111967 -99551.9 -60502.9 259 359 1)
(111978 -22090.6 -40405.1 438 538 1)
(111984 76449 -1122 5 105 1)
(111991 -107756 55310.7 428 528 1)
(111999 -66416.3 -31336.3 519 619 1)
