(77000 -23147.7 -113889 537 637 3)
(77002 -103557 68284.7 232 332 1)
(77011 35282.2 -136924 192 292 1)
(77018 -8770.52 -64600 230 330 3)
(77020 2159.99 2956.49 523 623 1)
(77022 -105650 -27328.3 501 601 1)
(77023 -88306.4 -47455.4 234 334 3)
(77034 -62238.1 -71428.2 22 122 1)
(77039 -118735 -81661.6 474 574 1)
(77044 -44056.3 -9016.68 124 224 3)
(77046 -118656 -112933 522 622 3)
(77049 -89555.3 129757 582 682 3)
(77050 -109654 -64397.6 403 503 1)
(77076 -10008.5 99513.2 391 491 1)
(77083 -109681 139771 376 476 3)
(77085 81606.9 -17254.5 444 544 1)
(77086 90589.9 39157.2 344 444 1)
(77087 -52275.5 -130976 426 526 3)
(77092 113666 -24242.9 96 196 1)
(77096 -5988 -8136.07 278 378 1)
(77097 76520.4 -1105.96 293 393 1)
(77104 37297.4 -108804 288 388 3)
(77118 -926.746 146803 420 520 1)
(77119 13323.3 -13967.6 287 387 1)
(77127 -4970.99 -95662.6 110 210 1)
(77128 23107.4 -97904 359 459 1)
(77130 41397.9 70354.6 597 697 1)
(77136 115778 -140057 252 352 1)
(77147 16157.1 5901.73 284 384 1)
(77149 -83564.6 44192 94 194 1)
(77150 31248.8 63256.4 233 333 3)
(77156 45357.7 -139016 376 476 3)
(77158 62342.7 21998.4 437 537 3)
(77160 118517 3581.25 19 119 1)
(77162 92536.5 89377.4 35 135 1)
(77172 37292.3 -109778 222 322 1)
(77178 -104620 -10195 348 448 1)
(77185 31256.7 17977.9 271 371 1)
(77192 40128.2 84392 100 200 1)
(77195 67514.7 -1137.08 445 545 1)
(77202 -25049.9 23225 333 433 1)
(77212 -11005.8 119634 431 531 1)
(77216 2079.49 -42379.7 257 357 1)
(77219 124886 -31347.3 503 603 1)
(77224 30686.9 -33227.9 500 600 1)
(77229 -64360 38916.7 429 529 3)
(77238 17128.2 26033 499 599 3)
(77256 -74409.2 -105824 433 533 -1)
(77265 110812 77396.2 231 331 3)
(77266 118895 -91709.2 409 509 3)
(77277 33322.5 -101866 598 698 1)
(77278 88645.2 121634 336 436 3)
(77279 -65482.3 -38285.9 402 502 3)
(77286 -32090.2 -62551.3 491 591 1)
(77294 -94487.6 -86765.4 556 656 1)
(77298 -61283.2 -115747 27 127 1)
(77302 -42224.1 -143117 538 638 1)
(77308 -42114.7 -62561.3 77 177 1)
(77310 101491 -131855 191 291 3)
(77320 -82444.6 -30282 191 291 1)
(77326 -25112.2 -66528.3 331 431 3)
(77336 -20112.5 -2072.07 179 279 3)
(77348 107781 -62542.1 446 546 1)
(77350 117817 129684 360 460 1)
(77353 68349.8 -73418.3 163 263 1)
(77354 -91425.2 24023.8 2 102 3)
(77362 12148.5 -10196 266 366 1)
(77364 -47278.2 -8230.46 263 363 1)
(77368 16168 -49388.5 77 177 1)
(77369 -116817 114708 579 679 1)
(77374 -23116.7 -78308.4 500 600 3)
(77375 82535.3 -98729.6 225 325 3)
(77379 -90484.4 86383.4 219 319 1)
(77381 -89420.6 8925.67 1 100 3)
(77382 -3970.74 -103676 45 145 1)
(77388 39313.2 65284 280 380 1)
(77403 17224.5 -52531.1 498 598 3)
(77409 -113692 28064.5 438 538 3)
(77413 -34127.6 -46476.1 479 579 1)
(77415 -40218.7 -29359.6 544 644 1)
(77420 11133.6 128803 369 469 1)
(77423 -16222.9 9923.29 577 677 3)
(77432 65437 -36343.6 168 268 1)
(77441 106735 -81670.4 343 443 1)
(77444 14327.2 -56609 555 655 1)
(77456 41533.7 68251.5 426 526 1)
(77461 -16058.2 -55479.2 576 676 3)
(77464 60583.7 -58598.9 624 724 1)
(77467 120752 29059.2 95 195 1)
(77473 -87247.8 115593 80 180 1)
(77485 29303.8 108645 609 709 1)
(77494 -29136.5 30075.8 552 652 1)
(77499 -29123 2866.16 25 125 1)
(77503 -17245.3 141836 311 411 1)
(77505 101698 36375.8 97 197 3)
(77511 8063.09 -51377.1 31 131 1)
(77512 -51264.5 19033.3 217 317 1)
(77514 -21103.8 -129815 81 181 1)
(77543 36310.9 17977.4 440 540 3)
(77552 115840 -90736.6 360 460 3)
(77557 -90527.2 -48458.7 422 522 1)
(77568 40259.9 18967.6 90 190 1)
(77571 -65368.4 -106843 458 558 1)
(77578 35288.6 -8138.34 164 264 3)
(77584 58441.6 33122.1 218 318 3)
(77586 6236.56 -46455.7 495 595 1)
(77588 -28263.2 20044.4 338 438 1)
(77600 -77419.5 -174.541 378 478 3)
(77606 38324.8 100529 520 620 1)
(77613 73512.9 -47449.3 431 531 3)
(77618 -109583 15944.8 211 311 3)
(77620 -51241.5 -104736 215 315 1)
(77621 -76491.2 -149173 367 467 3)
(77623 -93451.9 -56399.3 20 120 1)
(77628 74534.2 -133946 136 236 1)
(77633 14151.3 -48327 33 133 1)
(77640 -43253.9 -131032 481 581 1)
(77644 65462.6 -147858 372 472 1)
(77645 -30116 6903.2 242 342 1)
(77648 -850.703 -7242.43 307 407 1)
(77653 40291.7 -46380.6 480 580 1)
(77654 103660 4935.26 141 241 1)
(77660 39339.9 40122.3 612 712 1)
(77665 86637.5 44117.7 402 502 1)
(77666 41328.1 -51440 337 437 1)
(77669 -56315.9 -39386.9 277 377 1)
(77670 20219 118629 492 592 3)
(77672 -29098.8 -103996 616 716 1)
(77675 -24102.1 97445.1 178 278 1)
(77679 55411.6 -117960 546 646 1)
(77695 1181.25 9970.26 529 629 1)
(77696 -39196 -42427.8 515 615 1)
(77698 -6923.93 -38288.4 89 189 1)
(77703 19201.5 -5974 535 635 1)
(77721 -42219 -38384.7 441 541 1)
(77728 72529.6 -15211.5 335 435 1)
(77730 28278 -129981 392 492 1)
(77744 -21042.7 39267 7 107 1)
(77747 -35208.9 -22156.5 159 259 1)
(77750 52434.8 149871 463 563 1)
(77754 -105669 8931.73 519 619 1)
(77756 1066.3 137812 629 729 1)
(77758 71762.7 -33200.4 243 343 3)
(77759 -46257.7 -75800.4 405 505 1)
(77768 -88501.6 -76628.9 178 278 1)
(77777 98630.1 4890.18 108 208 1)
(77778 -5951.52 -145928 227 327 1)
(77781 -38201.7 -14229.1 100 200 1)
(77787 39334.7 7918.78 240 340 1)
(77790 17185.2 -123025 614 714 1)
(77794 40382.3 116708 134 234 3)
(77795 -102677 -79656.2 629 729 1)
(77806 48394.7 -46429.5 337 437 1)
(77807 29299.8 102673 463 563 1)
(77827 -22083.3 -112102 607 707 1)
(77831 76393 38282.6 368 468 1)
(77834 47398 10921.8 321 421 1)
(77836 -46238 -108795 360 460 1)
(77838 -40195.4 66278.9 418 518 1)
(77843 30344.3 -47447.2 175 275 3)
(77845 -6945.23 -48394.1 336 436 1)
(77846 -10993.2 -114868 467 567 3)
(77857 119719 65221.8 38 138 1)
(77861 45376.3 -63593.3 559 659 1)
(77865 -7938.86 51176.5 404 504 1)
(77872 3022.82 13935.7 417 517 3)
(77875 -118743 148868 483 583 1)
(77880 -68343.3 -138924 169 269 1)
(77881 -41760.1 133726 394 494 1)
(77882 100801 -23303.1 573 673 1)
(77883 -22127.8 -99632.2 430 530 3)
(77887 -87476 20993.9 121 221 1)
(77897 74488.6 -47419.8 212 312 1)
(77902 20188.7 -10134.4 15 115 1)
(77904 25292.3 16770.8 261 361 3)
(77908 26312.3 -57861 628 728 3)
(77914 31111.6 -81472.3 78 178 3)
(77916 81528.6 -60396.4 416 516 3)
(77920 71453.5 -71516.2 90 190 1)
(77924 65447 98652.1 312 412 1)
(77929 -92566.2 -136933 55 155 1)
(77932 57397.1 -110813 290 390 1)
(77934 3078.88 87491.1 590 690 1)
(77935 -55223.6 -87579.2 25 125 1)
(77951 -9659.16 -84657.7 479 579 3)
(77954 -121800 18979.5 448 548 1)
(77962 28411.4 -35393.6 452 552 1)
(77975 -55486.3 16956.4 43 143 1)
(77978 -54295.5 -85706.7 455 555 1)
(77988 19151.4 -148007 204 304 1)
(77989 -59311.6 20969.1 91 191 1)
(77993 102753 -123999 554 654 1)
(77996 -14018.5 128635 403 503 1)
(77999 -25054.8 -3134.29 62 162 1)
