(33005 17157.8 -149978 130 230 1)
(33017 -32085.3 -132125 600 700 1)
(33020 -86486.9 -53442.9 362 462 1)
(33022 -60212.3 -55517.4 327 427 1)
(33023 -30135.4 45052.1 580 680 1)
(33025 -24088.6 7922.69 278 378 1)
(33027 -120693 -68562.1 337 437 1)
(33029 98607.5 2907.24 55 155 1)
(33035 -24140.9 16787.9 602 702 1)
(33038 74597.6 36107.2 568 668 1)
(33039 -113549 45139.8 72 172 1)
(33042 -25121.5 -58653.7 625 725 1)
(33044 61503.8 59258.7 525 625 3)
(33045 30209.9 26034.1 95 195 3)
(33053 12122.5 -39322.5 121 221 1)
(33058 -107546 7929.57 204 304 1)
(33061 -74382.5 118641 563 663 1)
(33062 -80556.3 -123014 483 583 1)
(33064 -46228.4 -61524.6 350 450 1)
(33070 -111646 60293.5 278 378 1)
(33071 -85470.1 63240 376 476 1)
(33072 -6973.77 23009.6 469 569 1)
(33077 -112726 -38383 471 571 -1)
(33079 72294.5 57185.1 578 678 1)
(33082 20071.7 -137913 236 336 1)
(33085 -10004.9 122713 549 649 1)
(33086 -90494.7 12956.7 242 342 1)
(33088 -24061.7 86547.7 393 493 1)
(33090 -15038.8 -79606.2 347 447 1)
(33098 123889 92525.4 519 619 1)
(33104 -25003.3 103360 317 417 1)
(33119 111884 -133079 585 685 1)
(33120 72324 -15046.7 367 467 1)
(33124 -76431.3 87353.7 300 400 1)
(33126 58190.5 94320.3 42 142 1)
(33130 -22973.9 -108672 13 113 1)
(33131 -57391.7 92453.5 470 570 1)
(33132 -56298.7 -114826 341 441 3)
(33138 8123.76 40123 334 434 1)
(33151 -47160.9 -82608.6 165 265 3)
(33156 96781.9 139829 613 713 3)
(33164 -35161.9 -107725 100 200 1)
(33173 -68286.9 49165.2 175 275 1)
(33178 -99533.6 -98740.2 228 328 1)
(33183 -100626 43204.3 543 643 1)
(33198 -81322.5 18059.5 163 263 1)
(33208 46386.3 -74601.8 497 597 1)
(33210 -94432.9 -147797 236 336 1)
(33222 1083.8 -102734 256 356 3)
(33225 -59331.9 6952.1 286 386 3)
(33226 7108.63 129633 212 312 1)
(33240 -115879 141518 32 132 1)
(33242 1152.01 96493.2 311 411 1)
(33244 18163.1 38098.8 102 202 1)
(33247 -67335 -3164.67 427 527 1)
(33252 115738 15997.7 108 208 1)
(33258 -78336.7 -35273.4 163 263 1)
(33262 62418.6 -132853 36 136 1)
(33267 23201.3 48157.6 207 307 1)
(33268 9213.59 -134979 287 387 3)
(33272 -38279.1 95546.3 488 588 1)
(33273 -26076.9 7912.19 46 146 1)
(33280 9123.53 62281.2 360 460 1)
(33281 -16080.9 103528 198 298 1)
(33289 -44275.5 -51524.3 598 698 3)
(33290 -52164.9 -135761 45 145 1)
(33298 -55300.3 7888.55 384 484 3)
(33300 -97479.3 -100668 159 259 1)
(33301 -58322.3 -29324.2 471 571 3)
(33304 73530.3 -2123.15 288 388 1)
(33308 22.9124 16927.1 220 320 1)
(33310 58372.7 55189.2 73 173 1)
(33325 -27086.6 56218 298 398 1)
(33326 -77540.6 11984 615 715 1)
(33341 -117692 -30358.4 448 548 3)
(33349 56448.5 20000.8 483 583 1)
(33375 -16999.9 -105866 564 664 1)
(33377 37117 91335.6 148 248 1)
(33379 -106605 37087.9 69 169 1)
(33383 -10153.2 79074.5 231 331 1)
(33386 -40460.4 -28293.5 1 97 1)
(33390 32243.1 -114852 168 268 1)
(33396 39278.4 31069.9 48 148 3)
(33398 70446.9 32110.8 1 93 3)
(33405 -104584 -126874 247 347 1)
(33420 -122814 59171 458 558 1)
(33422 -24027.2 14930.3 514 614 3)
(33437 49301 -100584 144 244 1)
(33443 -42192 44118.1 100 200 1)
(33444 84507.3 -114735 45 145 1)
(33455 30296.3 -24306.1 225 325 3)
(33460 -104567 -48376.8 159 259 1)
(33461 -71352.3 -69665.5 488 588 3)
(33464 45359 6917.11 404 504 3)
(33465 89701 64312.8 587 687 1)
(33469 71531.2 4944.85 313 413 3)
(33471 91545.8 45275.6 339 439 3)
(33476 122808 -46440.2 310 410 1)
(33479 -83488.8 -81611.8 258 358 1)
(33493 -59337.4 -125952 424 524 1)
(33495 -116696 64292.6 401 501 1)
(33498 38273.8 -19306.1 617 717 1)
(33499 -36213.8 -52536.6 582 682 1)
(33507 -123590 -149908 67 167 1)
(33512 2066.01 -21231.8 40 140 1)
(33524 -109554 -106719 124 224 3)
(33537 -40233.3 -55568.4 594 694 1)
(33540 99699 -140839 119 219 1)
(33544 -111715 -86658.4 532 632 1)
(33553 -19002.3 68355 50 150 3)
(33555 -91553.5 25030.7 557 657 1)
(33557 99649.1 -41178.2 511 611 3)
(33559 -62326.8 52200.9 292 392 3)
(33561 58193.9 -29236.6 238 338 1)
(33563 2055.74 11966.6 279 379 1)
(33570 18214.7 18972.7 212 312 1)
(33573 -42189.8 -108766 212 312 1)
(33577 -26088.2 51193.7 450 550 1)
(33580 64520.2 -31385.4 567 667 1)
(33582 -21050.4 -46447.1 342 442 3)
(33584 -16998.4 -108712 43 143 1)
(33585 -73373.6 -12190.3 95 195 1)
(33595 -79407.3 107481 187 287 1)
(33596 -43046.9 10084 426 526 1)
(33599 48949.5 88560.3 290 390 1)
(33601 -10264.2 92607 300 400 1)
(33610 -29056.1 58250.6 188 288 3)
(33611 -59327.4 -68597.6 473 573 1)
(33618 -28176 -41415.6 466 566 1)
(33627 -12979.5 -146873 193 293 1)
(33630 -60276.6 -58478.3 57 157 1)
(33631 -36169.9 37090.9 410 510 3)
(33656 -50237.6 -23318.2 314 414 1)
(33658 41345.6 -39140 195 295 3)
(33669 -6976.24 -70567.2 320 420 1)
(33670 -102593 -133003 214 314 1)
(33685 -100585 -109880 456 556 1)
(33706 -23075.7 -93720.7 355 455 1)
(33708 68391.7 -83817.1 40 140 1)
(33709 2151.75 -131870 281 381 1)
(33712 -14041.5 -68580.9 402 502 3)
(33718 -37127 -86666.1 193 293 1)
(33726 -69393.7 -28325.5 332 432 1)
(33727 -123650 -139984 172 272 1)
(33733 -46245.9 145729 602 702 1)
(33740 101715 17994.6 384 484 1)
(33746 88653.6 107596 362 462 3)
(33752 67553.6 -103863 562 662 1)
(33755 6100.77 146822 111 211 1)
(33756 -18051.9 -70599.7 437 537 1)
(33757 -10040.7 51287.6 404 504 3)
(33759 89702.1 28068.5 624 724 1)
(33762 56417.4 122737 408 508 1)
(33766 -21066.1 -62487.4 151 251 3)
(33769 121863 -1134.94 182 282 1)
(33772 -123695 105542 327 427 1)
(33776 -16929 123704 242 342 1)
(33785 -86464 127714 420 520 1)
(33787 28262.8 -54564.8 598 698 1)
(33789 33312.8 -72611.1 502 602 1)
(33790 20274 20929.2 167 267 1)
(33796 49302.8 123559 4 104 1)
(33800 -29108.1 13954.2 79 179 1)
(33801 -75454.3 -134077 576 676 1)
(33804 -115675 72312.4 439 539 1)
(33812 54462.2 -139178 453 553 1)
(33813 -2982.66 -70716.2 605 705 1)
(33817 67508.3 2776.9 340 440 1)
(33820 84621.3 -61546.6 436 536 1)
(33822 -14020.7 -102775 296 396 3)
(33833 -79489.3 -43483.8 624 724 1)
(33836 6027.75 37133.9 419 519 1)
(33842 23231.6 27046.7 566 666 1)
(33846 114904 82447.4 583 683 1)
(33851 -31142.5 118634 427 527 1)
(33853 45371.7 20990.4 559 659 1)
(33858 -38173.4 -141020 333 433 1)
(33867 -81980.9 -59255 490 590 1)
(33872 36228.7 -23239 112 212 3)
(33882 -25087.3 -42357 110 210 1)
(33884 20165.4 -111729 75 175 1)
(33902 -93574.9 -81691 508 608 1)
(33906 -22099.9 100500 190 290 1)
(33916 14887.2 -94677.3 50 150 1)
(33918 -115841 15899.2 211 311 1)
(33919 -50314.3 -137159 533 633 1)
(33932 42340.4 -67547.2 331 431 1)
(33941 -15087.3 -107793 467 567 3)
(33942 -91526.9 -91727.2 349 449 1)
(33944 -8973.08 -111856 400 500 1)
(33954 -67380 -7163.54 358 458 1)
(33955 94712.1 2890.53 535 635 3)
(33962 9090.54 -97857 518 618 1)
(33974 86551.2 132633 126 226 3)
(33984 1044.08 21033 100 200 1)
(33985 63413 -4138.82 123 223 1)
(33998 46312.6 -21939.8 580 680 1)
