(114012 117607 116524 29 129 3)
(114026 14234.8 -70689.8 411 511 1)
(114028 50359.5 7884.84 354 454 1)
(114035 -41152 -49375.9 22 122 1)
(114041 62437.2 41112.6 212 312 1)
(114042 66476.1 120613 278 378 1)
(114053 95658.2 -17246.5 344 444 1)
(114054 43313.8 -149083 349 449 3)
(114056 -83509.5 38128.7 285 385 1)
(114057 12117.4 83274.2 194 294 1)
(114066 -35872.2 -142836 440 540 1)
(114067 -96636.4 120758 509 609 1)
(114069 -4151.14 26194.7 31 131 3)
(114081 -49264.5 23088.6 225 325 1)
(114085 -45231 -8186.24 433 533 1)
(114099 -9927.38 -63505 23 123 1)
(114101 -2920.76 -147117 619 719 1)
(114103 -76270.4 54174.3 142 242 1)
(114110 40235.5 65254.2 15 115 1)
(114120 113651 60186.7 110 210 1)
(114132 32297.3 54178.6 19 119 3)
(114136 113741 -132829 289 389 1)
(114138 93663.8 -29255.5 201 301 1)
(114141 89527.2 118575 531 631 1)
(114163 34282.7 -17288.9 593 693 1)
(114176 -15115.5 -107679 1 99 1)
(114179 -7050.37 -72658.3 356 456 1)
(114190 8082.77 -13214.8 344 444 1)
(114195 -44240.4 -118997 571 671 3)
(114196 43414 -83834.2 379 479 3)
(114199 61430.8 102462 61 161 1)
(114203 108635 70196.5 45 145 1)
(114204 -3267.91 -61547.5 161 261 3)
(114208 75556 -110927 586 686 1)
(114232 -80445.5 -149094 401 501 1)
(114244 8085.42 -20314.4 543 643 1)
(114253 123759 -71564.4 220 320 1)
(114256 -36070.9 115681 181 281 1)
(114260 -72335.7 -82583.3 17 117 1)
(114263 8111.24 -97683.1 137 237 1)
(114265 17189.5 55203.8 26 126 1)
(114269 63415.1 -115770 194 294 1)
(114274 3058.23 -75534.5 77 177 3)
(114277 13997.1 44081.8 333 433 3)
(114290 3111.98 46038.7 69 169 1)
(114291 -12976.5 -63569.6 393 493 1)
(114306 -60272.1 -68469.6 17 117 1)
(114313 77690.9 -39380.5 334 434 1)
(114321 -116568 -45354.7 1 95 1)
(114335 -74378 43132 182 282 1)
(114338 85702.6 145788 522 622 1)
(114339 85572.6 79451.3 253 353 1)
(114342 101650 145819 284 384 1)
(114343 -114584 -63449.1 89 189 3)
(114347 -119588 6834.68 409 509 3)
(114360 82572.7 -66546.2 295 395 1)
(114373 10070.8 -50373.6 145 245 1)
(114380 -16086.4 125604 252 352 3)
(114390 -64289.3 -34303.2 41 141 1)
(114391 10114.2 128609 112 212 1)
(114402 4992.55 -16196.1 232 332 1)
(114403 -46760 115705 462 562 1)
(114411 -5981.04 -21260.3 392 492 1)
(114421 64593.9 42641.5 290 390 1)
(114427 52414.8 -40381.9 460 560 1)
(114433 39293.5 74306.4 151 251 1)
(114437 21209.5 35055.4 556 656 1)
(114441 -65371.7 -89713.3 394 494 1)
(114444 22211.2 -76541.8 240 340 1)
(114449 23261.5 129701 432 532 1)
(114456 -10007.2 -38338.4 164 264 1)
(114461 -107584 68073.3 158 258 1)
(114468 -925.463 -136954 206 306 1)
(114469 -75496.7 -115964 444 544 1)
(114470 55481.2 10801.6 501 601 1)
(114473 -20053.7 -131898 209 309 1)
(114479 -15039.4 -54517.5 538 638 1)
(114480 18157.5 -22152.2 331 431 1)
(114491 -80363.7 -26197.1 65 165 1)
(114499 47446.2 -69651.2 513 613 1)
(114500 26176.1 -137864 209 309 1)
(114501 -93586.1 23036.9 515 615 1)
(114503 53366.9 -135064 484 584 1)
(114526 -4913.77 47212.5 271 371 1)
(114530 75440.4 -112175 252 352 1)
(114535 -71396.8 -71538.7 162 262 1)
(114538 87591.8 44168.4 237 337 1)
(114545 103779 -34387.8 527 627 3)
(114546 -13009.6 -103872 505 605 1)
(114550 -30123.4 -61531.8 461 561 1)
(114565 69488.4 -113830 298 398 3)
(114566 -42229.7 -137092 552 652 1)
(114575 70438.2 62231.7 317 417 1)
(114579 37283.5 -23249.3 234 334 1)
(114582 87519.8 33109.7 187 287 1)
(114583 110694 84292.8 161 261 1)
(114584 11257.9 14828.7 437 537 1)
(114589 26301.1 -27333 592 692 1)
(114590 118710 -85588.5 73 173 3)
(114597 -20143.3 -149982 84 184 1)
(114601 -39213.6 -5185.52 399 499 1)
(114612 -25639.2 -76927.3 406 506 1)
(114616 80528.7 128633 185 285 1)
(114626 -77392.5 81489.7 79 179 3)
(114635 33287.8 -16191.5 528 628 3)
(114642 -11008.5 -19272.1 524 624 1)
(114644 -51306.6 -47480.8 586 686 1)
(114653 -31135.1 -13142.6 191 291 3)
(114657 50418.7 61268.3 582 682 3)
(114672 -11964.7 122594 529 629 3)
(114674 110680 129442 51 151 1)
(114679 36263.9 -117777 136 236 1)
(114680 40341.2 -66615.2 527 627 1)
(114682 -59236.6 -66458.6 194 294 1)
(114691 58455.7 -70639.5 469 569 1)
(114700 51387.8 126541 217 317 1)
(114703 -110587 -130841 166 266 3)
(114713 13170.2 -82682.8 461 561 1)
(114723 104804 -114960 549 649 1)
(114727 -62362.3 25080.5 446 546 1)
(114735 -26103.3 94407.7 96 196 1)
(114747 103731 -65531.2 231 331 1)
(114753 -53243.7 -68502.1 200 300 1)
(114758 -122715 97472.1 299 399 1)
(114759 49400.7 -14404.1 366 466 3)
(114760 -13976.1 -92589 24 124 1)
(114763 73442.2 141632 1 95 1)
(114765 6103.76 -79709.9 571 671 3)
(114777 -57387.6 99652.3 188 288 1)
(114797 -24049.3 -17207.9 457 557 1)
(114804 19167.2 -129842 1 100 3)
(114811 -107652 -67579.9 354 454 1)
(114823 -84606.5 131717 513 613 1)
(114827 77576.3 -96759.1 420 520 1)
(114833 -90573 37137.3 622 722 3)
(114834 49581.2 -112847 58 158 1)
(114843 -94488.9 -29267.6 162 262 1)
(114853 4014.47 -37321.6 229 329 1)
(114858 -24309.5 3801.08 65 165 1)
(114860 -14954.5 -107795 538 638 1)
(114863 34233 -148974 167 267 3)
(114865 -3959.68 -86650.2 271 371 1)
(114866 -101638 116661 557 657 1)
(114870 -51253.6 -128016 460 560 1)
(114871 8130.06 74423.1 213 313 1)
(114875 5072.88 12912.9 562 662 1)
(114877 -943.37 34098.6 567 667 1)
(114879 -3968.56 878.289 207 307 1)
(114880 80519.7 1886.19 477 577 1)
(114884 -22100.5 -37390.6 304 404 1)
(114886 -43175.7 -2145.58 84 184 3)
(114902 -924.915 38074 216 316 1)
(114904 35279.8 -112922 469 569 3)
(114920 -41208.8 110626 511 611 1)
(114928 1094.06 -43461.4 486 586 1)
(114933 -121236 98445.9 283 383 1)
(114935 114018 102357 565 665 1)
(114949 -95536.2 -69574.3 366 466 1)
(114954 -37149.2 72327.4 336 436 1)
(114955 94589.6 78212.9 76 176 1)
(114961 -17042.6 73353.5 521 621 1)
(114962 -56185 38150.6 1 95 1)
(114972 -67388.3 117666 503 603 1)
(114973 -11035.3 69438.2 373 473 1)
(114979 75589.2 -87744.4 478 578 1)
(114983 -104662 -91717.5 498 598 1)
(114996 63499 -3142.79 498 598 1)
(114999 -10041.1 60279.5 583 683 1)
