(63000 -21076.8 -117800 195 295 1)
(63002 69501.1 -62643.5 568 668 1)
(63008 35271.2 -22329.3 505 605 3)
(63009 -54264.4 66320.9 394 494 3)
(63015 -920.833 -78642.6 357 457 1)
(63028 -53294.9 27014.5 615 715 3)
(63033 -109728 12966.1 514 614 1)
(63041 56826.9 -141903 49 149 1)
(63048 -55300.6 109448 317 417 1)
(63049 13255.7 57438.3 412 512 1)
(63052 -119673 103509 292 392 3)
(63065 74564.2 -43433.9 484 584 3)
(63069 -19821.5 -68802.5 597 697 1)
(63070 -16039.7 -10209.8 571 671 1)
(63077 113757 69317.4 39 139 1)
(63078 110691 146710 105 205 3)
(63084 12201 73286.9 32 132 3)
(63087 52392.5 -4131.23 225 325 3)
(63095 -18900.5 -123753 123 223 3)
(63099 -39113.7 31918.1 614 714 1)
(63118 -3012.43 103652 504 604 1)
(63120 60469.9 2842.26 533 633 1)
(63140 -17050 -4174.44 275 375 1)
(63166 -50289.8 -122020 610 710 1)
(63167 55741 68354.8 101 201 1)
(63170 -77426.7 -54482.1 369 469 3)
(63171 -40081.7 -24893.8 1 100 1)
(63177 91606 55192.6 242 342 1)
(63183 114816 -12214.8 265 365 1)
(63193 31243.2 -21298.6 265 365 3)
(63198 -86405.2 -101671 62 162 1)
(63201 83508.4 -91634.9 456 556 1)
(63202 89776.7 23017.4 291 391 1)
(63203 6082.19 -137072 422 522 1)
(63204 56460.2 -55497.6 376 476 1)
(63212 -75516.1 -115877 385 485 1)
(63213 20205.8 -124777 56 156 1)
(63227 -72488.3 14970.4 494 594 1)
(63232 -69316.8 82423 449 549 1)
(63233 -75496.6 42357.3 608 708 1)
(63240 113722 -3146.64 341 441 1)
(63250 83645.2 -145083 463 563 1)
(63256 -95466.6 -132847 49 149 1)
(63265 -106577 20036 267 367 1)
(63271 73393.3 60209.7 283 383 1)
(63279 -116648 -73576.7 254 354 1)
(63285 -103639 -23288.1 535 635 1)
(63286 7100.71 -75694.8 379 479 3)
(63287 -111632 -52450.2 351 451 1)
(63289 -95590.4 -140114 555 655 1)
(63291 -39151 64287.5 256 356 3)
(63294 5109.18 23897.7 1 93 1)
(63295 -25064 97612.4 602 702 1)
(63300 35255.4 46143.4 150 250 1)
(63323 -98541.8 -106686 78 178 3)
(63330 8016.27 -88626.2 77 177 1)
(63332 90561.8 -42402.8 198 298 3)
(63333 -90539.1 -85680 163 263 3)
(63334 -17062.4 -29300.3 447 547 3)
(63341 -56070.5 -51498.9 1 98 3)
(63357 22225.2 -51494.6 523 623 3)
(63377 -64245.2 20926.2 157 257 1)
(63378 -103571 -76592.1 266 366 1)
(63381 -80472.1 128717 284 384 3)
(63383 61322.2 -9119.68 303 403 1)
(63398 -4897.9 -121869 519 619 3)
(63411 36307.3 -94796.4 510 610 1)
(63418 -62383.7 -120957 400 500 3)
(63443 76446.8 -34270.1 9 109 1)
(63448 -9975.58 -56613.2 491 591 1)
(63456 111661 -98636.4 44 144 1)
(63466 -20070.8 -61584.7 610 710 1)
(63479 -24103.7 -80715.3 598 698 1)
(63481 44304.3 -138938 133 233 3)
(63488 35330.2 15981.1 467 567 1)
(63489 41273.9 81328.1 44 144 1)
(63491 116934 29091.8 90 190 1)
(63494 -14862.5 63109.9 322 422 1)
(63497 96687.4 100506 431 531 1)
(63500 -3968.99 20970 155 255 1)
(63501 -90464.9 97385 174 274 1)
(63511 8100.35 -35355.4 344 444 3)
(63517 79553.8 -90640.9 273 373 1)
(63532 -19064 142863 593 693 1)
(63541 -91461.2 -111750 148 248 1)
(63545 111636 -7078.74 170 270 3)
(63549 -34167.6 -96718.7 322 422 1)
(63559 102770 -7205.41 521 621 3)
(63562 -17090.4 123801 392 492 1)
(63566 40287.8 -32313.6 47 147 3)
(63567 17117.8 -142842 359 459 3)
(63568 -3815.96 -132059 614 714 1)
(63570 -19035.4 -109778 312 412 1)
(63572 5133.83 -106707 69 169 3)
(63576 37327.5 19988.3 131 231 1)
(63583 94649 13008.1 177 277 3)
(63595 12054.3 -22161.1 396 496 3)
(63600 -91577.9 -83718.3 615 715 1)
(63603 47423.7 145022 484 584 1)
(63609 -99432.3 -34175.4 81 181 1)
(63610 82638.3 -3162.93 483 583 1)
(63613 -27115.5 -53398.8 451 551 1)
(63624 -35181.6 83376.9 272 372 1)
(63629 -93576.5 -122987 500 600 1)
(63631 108367 -64443.6 280 380 1)
(63637 -67385.8 4853.5 119 219 1)
(63641 -67391.8 -27339.8 552 652 1)
(63659 -13067.3 -40334.4 150 250 1)
(63661 62413.7 -119.034 123 223 1)
(63668 87637.9 -77728.5 586 686 1)
(63669 1076.16 -37327.4 94 194 1)
(63673 -11973.2 136744 322 422 3)
(63679 -23952 -124533 310 410 1)
(63682 13142 -111852 506 606 1)
(63687 -29142 61250.9 609 709 1)
(63696 -102648 -80700.7 566 666 1)
(63701 117813 129667 315 415 3)
(63716 -122726 5961.06 234 334 1)
(63721 -70344.8 21044.8 85 185 1)
(63725 124961 149735 281 381 3)
(63741 -29235.5 -104551 76 176 3)
(63750 -95552.8 19941.7 621 721 1)
(63752 -117629 -141946 151 251 1)
(63753 62550.3 -105861 619 719 3)
(63774 75690.2 -113078 503 603 1)
(63799 -34137.9 18986.2 116 216 3)
(63801 -9970.47 2873.41 153 253 3)
(63803 -8969.89 -25270.2 202 302 1)
(63806 -76422.4 104497 358 458 1)
(63807 -48178.4 -139181 570 670 1)
(63809 26206.8 -48417.8 139 239 1)
(63812 -67410.5 -89416.8 75 175 1)
(63814 6127.66 109592 386 486 3)
(63816 -43228.9 41204.4 587 687 3)
(63822 -9991.57 43068.5 513 613 1)
(63829 -73445.5 -32376.4 562 662 1)
(63833 91725.5 -31357 605 705 3)
(63839 -21179 -11094.1 56 156 3)
(63842 -91495.7 -28299.8 229 329 3)
(63843 -60124.7 -96579.8 127 227 3)
(63850 -5966.22 -46415.8 140 240 1)
(63855 80542.6 29054 255 355 1)
(63856 55401.2 53319.3 244 344 3)
(63878 -7968.29 -135032 454 554 3)
(63884 28265.4 132771 538 638 1)
(63896 62450.1 6932.04 185 285 3)
(63897 47226.6 -133989 514 614 1)
(63908 -101632 -23305.1 544 644 1)
(63916 -28122.1 -9180.79 222 322 1)
(63917 -33239.5 -92723.6 626 726 3)
(63918 90621.8 -33331.2 294 394 1)
(63919 -70398.8 -98772.7 411 511 1)
(63927 52412.2 -42518.7 217 317 1)
(63942 77563.2 -18251.7 380 480 1)
(63949 -8997.54 50212.1 525 625 1)
(63973 49362.5 -121840 166 266 1)
(63974 -49235.6 -20294.6 439 539 1)
(63976 -47270.3 65307.5 610 710 1)
(63983 -73372.8 -126881 273 373 1)
(63988 -109460 -6188.19 243 343 3)
(63991 -3855.93 -74633 467 567 3)
(63995 -124785 134815 539 639 1)
(63997 -79461.9 -114908 474 574 3)
