(198009 105769 -80608.9 335 435 1)
(198027 -47156.4 -4179.03 232 332 3)
(198031 -37210.4 -65459.1 161 261 1)
(198036 20312.3 127740 74 174 3)
(198041 2093.73 -5177.41 198 298 3)
(198051 -75524 -116060 525 625 3)
(198057 -68219 20184.4 358 458 1)
(198060 11157.3 -74515.4 263 363 1)
(198066 60119.4 -25410.9 131 231 1)
(198074 -17021.7 -16197.3 77 177 1)
(198093 40159.2 -122696 164 264 3)
(198094 36368.7 -19288.5 399 499 1)
(198095 17205.7 -13213.5 132 232 1)
(198098 13245.1 38119.3 543 643 1)
(198101 58336.3 -135249 527 627 1)
(198115 79480.6 125581 43 143 1)
(198116 -17029.9 64237.6 439 539 3)
(198127 26188.8 -70503.8 106 206 1)
(198138 55396 64269.4 241 341 3)
(198154 20188.6 -55460.8 236 336 3)
(198166 35310.6 87529 473 573 3)
(198168 8149.78 19023.2 554 654 1)
(198172 3111.75 -104782 275 375 1)
(198176 -73406.2 74346.7 498 598 1)
(198178 -60307.6 -57450.2 130 230 1)
(198194 110640 10886.9 74 174 1)
(198199 44354.4 -82589 96 196 1)
(198207 -7592.53 44065.3 472 572 3)
(198215 6201.58 61284.4 562 662 1)
(198219 82635.3 62294 524 624 1)
(198227 -92496.4 -47379.9 534 634 1)
(198240 53546 21178.6 289 389 1)
(198243 -48214.7 -63478.2 98 198 1)
(198248 -54301.6 81403.8 465 565 1)
(198255 36312.6 -26315 506 606 1)
(198257 -29189.3 -14195.1 155 255 3)
(198260 78535.9 125721 584 684 1)
(198263 77621.6 -73676.7 599 699 1)
(198267 -84280.7 125561 187 287 3)
(198268 12107.8 -62539.6 527 627 1)
(198270 76518.3 2882.89 226 326 1)
(198284 -8974.27 -80556.7 146 246 1)
(198285 -5992.34 -46388.2 252 352 1)
(198300 41366.7 -98927.7 473 573 1)
(198310 -99552.3 33138.7 512 612 1)
(198326 77559.3 71308.9 306 406 1)
(198333 -28129 -52457.5 291 391 3)
(198336 -3949.14 79335 260 360 3)
(198337 -40206.2 8923.24 387 487 1)
(198338 -58264.8 23054.4 50 150 1)
(198348 71387.9 2920.97 11 111 1)
(198349 115718 25035.2 147 247 1)
(198363 11106.3 -88497.3 92 192 1)
(198369 59407.4 4882.29 117 217 1)
(198386 104669 -101804 466 566 3)
(198389 -29055.2 -63506.1 331 431 1)
(198400 10097 -34419.3 46 146 1)
(198404 -16055.3 -31383.2 429 529 1)
(198405 74317.6 -79750.5 282 382 1)
(198409 14125 -47547.4 619 719 1)
(198417 65523.3 71359.4 471 571 1)
(198422 -60465.9 -37394.3 616 716 3)
(198427 123756 -102728 141 241 1)
(198442 24239.6 91458.1 396 496 1)
(198443 -90474.5 48266.5 485 585 1)
(198453 -12989.2 -18204.3 133 233 1)
(198454 -41944.5 138681 170 270 1)
(198455 116894 -148181 556 656 3)
(198457 23160.6 143798 84 184 1)
(198459 12947.1 -126746 299 399 1)
(198465 -1967.24 -129019 462 562 1)
(198471 23084.3 -81760.3 495 595 1)
(198475 -6980.73 -59455.3 131 231 1)
(198477 -107527 -133886 91 191 3)
(198480 73592.8 -106296 486 586 3)
(198483 -113156 29421 519 619 1)
(198485 95607.7 -110746 240 340 3)
(198496 7158.94 127781 569 669 1)
(198521 -106535 -114739 36 136 3)
(198528 -123760 -109881 461 561 3)
(198529 -77409.8 -105764 338 438 1)
(198532 -95423.2 -64430.3 34 134 1)
(198535 38266.7 14962.4 130 230 3)
(198541 -33130.5 -3144.43 252 352 1)
(198549 23086.5 -117716 435 535 1)
(198557 115775 -55517.2 218 318 1)
(198558 -3961.83 -87652.2 248 348 1)
(198563 117779 54201.6 144 244 1)
(198570 -108688 38122.7 607 707 1)
(198571 -91531.9 44167.2 380 480 1)
(198578 -2957.19 -36331.4 315 415 1)
(198585 -62345.2 -120956 397 497 1)
(198588 -94583.3 105583 540 640 1)
(198589 -15042.9 -68540.8 277 377 1)
(198598 35293.8 -33362.5 293 393 1)
(198601 -45255 -7284.32 468 568 3)
(198605 -12993.6 -80564.6 81 181 3)
(198611 -57269.8 -4144.86 197 297 1)
(198612 -108522 -133811 1 97 1)
(198613 27198.8 -89600.3 59 159 1)
(198614 103909 78447.3 572 672 1)
(198616 -49201.7 -102579 116 216 3)
(198622 -124863 -91791.5 605 705 1)
(198629 -70420.1 -37264.8 406 506 1)
(198630 -9894.71 12941.2 253 353 1)
(198631 77544.4 -14217 391 491 1)
(198635 -25104.1 -46442.3 495 595 1)
(198653 11143 -21264.4 316 416 3)
(198667 122807 -80897.8 572 672 3)
(198668 -65349.6 -82718.3 429 529 1)
(198676 64555.3 -31345.5 388 488 1)
(198685 1072.73 -76558.2 151 251 1)
(198691 -72401.8 21025.5 298 398 1)
(198697 98596.3 39105.1 14 114 1)
(198703 -69330.4 16995.5 181 281 1)
(198706 -10021.7 -23235.9 153 253 1)
(198712 -69321 133693 264 364 1)
(198717 -7987.52 -116732 17 117 1)
(198720 -21066.1 43131.5 21 121 3)
(198723 -119721 -1223.3 296 396 1)
(198724 -35158.6 -79601.2 250 350 1)
(198737 -59333.2 -57529.4 486 586 1)
(198739 11153.9 -79592.8 190 290 1)
(198740 -6988.44 -148054 305 405 1)
(198754 39280.3 -55459.1 224 324 3)
(198759 96697.4 -72645.7 576 676 1)
(198766 94638 -136901 219 319 1)
(198768 -86442.5 37103.5 201 301 3)
(198770 64465.1 -72584.3 466 566 1)
(198774 24223.9 7956.58 312 412 1)
(198780 100603 126519 199 299 3)
(198783 54219.8 141858 591 691 1)
(198793 -30290.1 92446.4 574 674 1)
(198795 -1986.04 -41473.9 538 638 1)
(198803 50146.1 79184 38 138 1)
(198804 -3951.35 114637 509 609 1)
(198806 32267.8 -145070 375 475 1)
(198807 83562.3 -106829 362 462 1)
(198813 99913.7 36627.3 52 152 3)
(198816 13132.6 -125860 169 269 1)
(198817 19080.8 20108 382 482 1)
(198824 -25103.8 -52396.4 104 204 1)
(198841 -32159.4 102574 613 713 1)
(198848 84391.6 109482 1 98 3)
(198855 -108541 76301.2 121 221 1)
(198858 79470.8 25075.3 306 406 1)
(198861 22083.1 -125754 176 276 3)
(198890 122891 -12214.2 474 574 3)
(198897 -79516.2 4957.55 318 418 3)
(198904 -85738.4 13606.3 300 400 1)
(198906 -26091.5 -58463.2 2 102 3)
(198913 19169.1 28991.9 1 98 1)
(198916 -52294.3 77266.4 117 217 3)
(198918 47293.7 80305.2 40 140 1)
(198920 -80561.1 105646 627 727 3)
(198923 115786 135678 256 356 1)
(198934 60522.1 40167 588 688 1)
(198942 -4957.08 -49426 235 335 3)
(198944 -2162.85 -46519 98 198 1)
(198947 32291.2 -84723.2 307 407 1)
(198953 -73384.2 -31354.3 422 522 1)
(198977 -21964.9 149731 427 527 1)
(198985 -73440.2 -5128.71 493 593 1)
(198987 -40220.1 -20639.5 610 710 1)
(198997 84637.3 144844 421 521 1)
