(50000 -6980.08 116632 474 574 1)
(50019 18222.1 -96771.6 134 234 1)
(50022 49379.1 -89653.4 251 351 3)
(50029 -23079.1 -28300.1 264 364 1)
(50036 20171 39134.4 463 563 3)
(50060 107820 55806.8 465 565 1)
(50086 -95258.9 85113.7 1 98 1)
(50099 -55206.8 21035 521 621 1)
(50102 48360.7 -97821.1 534 634 3)
(50106 121710 128583 43 143 3)
(50118 54383.1 -73598.1 402 502 1)
(50119 -115712 1862.69 477 577 3)
(50120 -34797.6 -101955 499 599 1)
(50129 63514.5 817.509 351 451 1)
(50130 47375 -120934 442 542 1)
(50132 76593.1 -17289.6 236 336 3)
(50138 -122570 77286.8 1 94 1)
(50140 95772.5 97551.8 624 724 -1)
(50149 -1904.34 -38293 100 200 1)
(50169 2001.95 148552 381 481 1)
(50175 -14970.9 -87774.7 596 696 3)
(50182 21193 10942.5 321 421 1)
(50183 60470.2 -22283.4 441 541 1)
(50189 -54283 -127946 361 461 1)
(50200 -15986.6 -5196.94 380 480 3)
(50202 28174.6 -93589.5 15 115 1)
(50211 -18931 7844.55 551 651 1)
(50213 36299.2 -31255.1 5 105 1)
(50219 -27088 42110.5 35 135 3)
(50221 116741 -117843 20 120 1)
(50223 95556.1 -38338.9 64 164 1)
(50234 -42197.5 -48423.4 327 427 3)
(50239 123852 98502.4 326 426 1)
(50251 -106652 -129001 477 577 1)
(50253 94765.6 11983.9 426 526 3)
(50257 -41264.7 141886 413 513 1)
(50258 -85563.7 -127975 529 629 1)
(50279 70353.5 -109758 153 253 1)
(50284 -70541.3 64126.6 455 555 1)
(50285 -62362.4 119701 248 348 1)
(50289 41314.8 -100622 498 598 1)
(50292 23231.4 60378.7 135 235 3)
(50297 -4985.12 92434.9 63 163 1)
(50301 106640 -62460.9 81 181 1)
(50312 -96565.7 7922.49 568 668 1)
(50315 -53226.6 31054.8 82 182 1)
(50323 28239.3 61225.1 147 247 1)
(50324 -119644 -40189.1 246 346 1)
(50326 -17079.6 -11513.8 146 246 3)
(50327 13549.3 -57142.1 24 124 3)
(50328 -56312 -112931 614 714 3)
(50329 -46269.2 29036.9 500 600 1)
(50332 65487.5 68326.6 352 452 1)
(50339 103749 -48482.5 171 271 1)
(50348 -52234 135741 534 634 1)
(50349 -30160.1 -76489.5 316 416 1)
(50351 -43205.3 20055.2 290 390 1)
(50352 29204.5 -52409.9 322 422 1)
(50356 -75457.4 -78694.9 567 667 1)
(50367 -46284.1 141669 136 236 1)
(50369 -120675 2830.98 348 448 1)
(50370 -32117.6 70254.2 114 214 3)
(50379 -3422.37 -64347.8 326 426 1)
(50385 -14035 -143002 296 396 1)
(50391 -21028.2 -13232.1 511 611 1)
(50402 -53251.5 -137966 232 332 1)
(50409 -21069.2 -122890 295 395 1)
(50411 -82465.2 -141003 507 607 1)
(50416 -75443.4 106567 392 492 1)
(50417 42316.6 36085.4 227 327 1)
(50426 117938 105627 584 684 1)
(50431 88547.6 17969.7 12 112 3)
(50434 -104584 -28313.1 205 305 1)
(50437 38286.2 120598 190 290 1)
(50440 70458.3 -81568 191 291 1)
(50447 49241.1 -77529.9 1 100 1)
(50450 3898.73 -25334.1 130 230 1)
(50460 -7991.34 -81626.5 160 260 3)
(50463 -22965.4 100474 384 484 1)
(50498 -48184.7 17021.2 534 634 3)
(50500 26180.7 -1153.8 240 340 1)
(50501 -66454.1 -47425.7 626 726 3)
(50508 35359.5 -133107 575 675 3)
(50513 106814 15976.3 538 638 1)
(50515 -42180 -58434.2 64 164 1)
(50522 103680 74344.6 177 277 1)
(50526 -33834.2 -52342.3 45 145 1)
(50527 17171.1 48176.3 437 537 1)
(50531 124673 83285.3 146 246 1)
(50532 11138.5 -105858 434 534 1)
(50535 -102898 -15250.9 542 642 1)
(50537 43335.4 -68608.5 446 546 1)
(50540 89975.8 25543.9 272 372 3)
(50549 50353.9 -14231.3 356 456 1)
(50552 -95530 -107822 393 493 3)
(50553 9082.53 -44450.2 398 498 1)
(50558 110761 -135921 253 353 1)
(50559 -19882.9 -119481 176 276 1)
(50568 26226.7 888.71 410 510 3)
(50573 -95727.9 -129094 579 679 1)
(50574 -121740 -39329.7 310 410 1)
(50578 -80509.5 -47465.1 379 479 1)
(50585 6115.39 31086.5 272 372 1)
(50593 -24012.1 88462.3 550 650 1)
(50615 -11022.8 -92827.4 565 665 3)
(50622 67497.7 31067.2 370 470 3)
(50624 -54712.7 146964 215 315 1)
(50628 27241.4 -30302.7 213 313 1)
(50636 -56309.7 -59647.7 628 728 3)
(50644 8104.74 -97801.3 592 692 1)
(50646 -60364 -70568.2 333 433 1)
(50647 49288.7 -110714 46 146 1)
(50654 12118.3 54384 621 721 1)
(50657 54536.2 -121232 523 623 1)
(50658 35249.1 -95594 180 280 1)
(50661 -1155.65 -10150.1 406 506 3)
(50665 -2060.83 101525 504 604 1)
(50669 59396.1 -135016 322 422 1)
(50670 57423.2 -32332.6 320 420 1)
(50677 -4946.9 -39401.1 506 606 1)
(50693 17261.2 -132088 597 697 1)
(50697 23235 -26342.5 438 538 1)
(50700 -29110.6 120524 151 251 1)
(50702 -72266.9 -3121.22 1 95 1)
(50706 -38190.3 -35363.4 446 546 1)
(50708 20348.1 -40701.1 581 681 1)
(50713 -92639.8 87332.8 605 705 1)
(50724 56417.9 -108789 261 361 1)
(50726 36273.8 40066.9 278 378 1)
(50729 -45204 -138856 3 103 1)
(50737 116795 -6094.96 31 131 3)
(50747 -8984.75 -29255.6 56 156 1)
(50755 124888 122794 463 563 1)
(50757 65489.9 122680 442 542 1)
(50771 79549.8 56126.6 166 266 1)
(50787 -83386.9 -20205.4 78 178 3)
(50794 -99503.4 -138011 278 378 1)
(50799 64549.5 -99857.9 589 689 1)
(50807 -87589.3 -34165.4 438 538 1)
(50809 -57291.3 -35555.2 624 724 1)
(50820 69534.2 -62558.5 480 580 3)
(50824 -34180.1 -19271 346 446 1)
(50831 58487.3 -10305.7 356 456 1)
(50833 -28025.5 -108697 118 218 1)
(50834 58.5981 37096.2 157 257 1)
(50840 -116543 -62478.7 175 275 3)
(50853 8047.5 81223.6 73 173 3)
(50861 -40233.5 40140.9 407 507 1)
(50863 9111.23 103495 345 445 1)
(50867 -81371 4918.49 52 152 1)
(50870 -28133.7 59168.7 303 403 1)
(50871 -8980.81 -114787 151 251 3)
(50872 -42113.9 37991.7 598 698 1)
(50875 -11038.3 -117813 43 143 1)
(50882 -37200.6 95516.1 512 612 3)
(50884 117694 109539 114 214 3)
(50890 56285.7 -6060.04 74 174 1)
(50902 9120.36 20164.3 9 109 1)
(50906 66493.5 -78635.8 375 475 1)
(50907 71531.9 74526.3 622 722 1)
(50913 38322 146890 550 650 1)
(50926 61484.7 49148.6 501 601 1)
(50928 63518.6 -95820.4 570 670 1)
(50931 -38200.2 -17228.9 448 548 1)
(50933 -4960.42 -111842 425 525 1)
(50934 109739 -104819 377 477 1)
(50937 -2944.58 -72691.4 609 709 1)
(50938 15158.3 -124991 506 606 1)
(50943 -73315.9 -103742 377 477 1)
(50945 83752.3 -77660.9 539 639 1)
(50952 -66431.2 96305 392 492 1)
(50955 70493.9 -62488.6 33 133 1)
(50974 -14035.5 -35333.4 286 386 1)
(50977 80596.1 -50483.4 462 562 1)
(50978 -38194.4 -120794 374 474 1)
(50982 83544 -108857 330 430 1)
(50994 57368.1 -71487.7 62 162 1)
(50998 -77208.7 92326.1 278 378 3)
