(20003 -9982.66 -20277.1 468 568 3)
(20005 -109789 -104123 610 710 1)
(20010 -19666.4 54374.2 378 478 1)
(20017 -44992.4 -128018 368 468 1)
(20018 -27105.8 -147980 246 346 1)
(20024 76503.8 114548 225 325 3)
(20028 -4967 -129845 116 216 1)
(20032 45386.3 -15263.7 561 661 1)
(20036 -76412 48163.4 295 395 1)
(20038 37302.2 -60519.8 255 355 3)
(20043 68499.7 -111850 333 433 1)
(20044 10143.8 -60581.3 596 696 1)
(20052 55434.4 34084.8 394 494 1)
(20060 91731.9 -37456.2 496 596 1)
(20069 -68201.2 -69556.6 478 578 3)
(20075 -17046.6 -130894 284 384 3)
(20078 -123822 -7141.89 197 297 3)
(20080 -93530.3 -30324 329 429 1)
(20081 43405.5 57228.5 93 193 1)
(20089 9136.65 103545 440 540 1)
(20090 53414.2 -113858 359 459 1)
(20096 56428.5 -54524.5 334 434 3)
(20100 62406.6 29044.3 96 196 1)
(20101 45183 -117011 343 443 3)
(20106 113757 -74328.4 536 636 3)
(20114 5148.15 80202.8 493 593 1)
(20116 37363.5 113747 608 708 3)
(20125 1073.83 -25328.7 618 718 1)
(20133 11155 -148194 553 653 3)
(20139 -9989.71 59290.1 18 118 1)
(20144 88566.9 84345.7 134 234 1)
(20146 74538.4 -37372.2 196 296 1)
(20147 -87441.9 12870.9 276 376 1)
(20157 37203.6 8962.55 33 133 1)
(20176 -20102.2 -64340.1 108 208 1)
(20179 98627.8 -44399.7 167 267 1)
(20196 -32188.1 9924.24 569 669 3)
(20229 37349.7 146845 540 640 1)
(20242 118816 6758.46 358 458 1)
(20250 -69352.8 93429.7 203 303 3)
(20261 98731.2 26074.8 392 492 1)
(20270 116883 -39419 565 665 1)
(20280 -28124.9 -26324.7 540 640 3)
(20284 -10017.4 83368.5 384 484 1)
(20285 -35180.2 -1100.37 477 577 3)
(20288 -114566 55212.3 76 176 1)
(20289 -41211.8 -127940 339 439 1)
(20291 -23072.2 -8207.46 146 246 1)
(20298 74451.1 -4176.17 52 152 1)
(20318 -29215.4 120755 276 376 1)
(20325 -69379.3 12036.4 114 214 1)
(20331 -66400 -103893 535 635 1)
(20334 -104634 -87711.3 490 590 1)
(20335 -10000.7 16967 514 614 1)
(20341 7099.78 31085.5 432 532 1)
(20352 -40063.8 40373.8 356 456 1)
(20375 3040.49 -13238.3 7 107 3)
(20377 -72325.9 88470.4 191 291 1)
(20381 92.1479 -60509.1 345 445 1)
(20382 89686.4 123709 496 596 3)
(20391 -47221.7 52179.6 113 213 3)
(20406 20312 11898.6 185 285 1)
(20410 78537.3 -6133.09 377 477 1)
(20412 68423.6 16974.7 45 145 3)
(20414 24234.3 94508.3 575 675 1)
(20415 -96533.7 82405.6 336 436 1)
(20421 31454.8 8969.57 219 319 1)
(20422 105671 71288.1 166 266 1)
(20440 81521 21996.5 149 249 1)
(20460 46034.3 -43476.8 247 347 1)
(20462 -32168.4 56238.6 410 510 3)
(20467 -36158.2 58212 140 240 1)
(20470 18166.4 89397.1 173 273 3)
(20477 37135.1 -68562.7 310 410 3)
(20478 103712 38131.2 349 449 1)
(20481 31240 -90644.7 161 261 1)
(20491 62151.4 105523 199 299 1)
(20503 91346.2 -42223.3 21 121 1)
(20514 61423.2 -60530.9 460 560 3)
(20519 26216.8 -64487.5 79 179 3)
(20520 72570.1 78145 208 308 3)
(20533 -20061.7 -52534.4 464 564 1)
(20542 4197.38 145747 48 148 3)
(20543 84482.9 61346.5 150 250 1)
(20547 19200.5 -54430.4 424 524 1)
(20554 -3968.39 -128863 91 191 3)
(20559 -38200.1 64321.9 295 395 1)
(20561 9076.34 75265.8 48 148 1)
(20567 -48247.1 110563 382 482 3)
(20575 106948 -47433.6 502 602 3)
(20579 13141.5 76370.8 620 720 1)
(20581 52357.2 48177.3 271 371 1)
(20588 -46733.7 -116903 581 681 1)
(20594 -6999.35 131755 461 561 1)
(20597 39279.5 -54463.4 209 309 0)
(20602 -29986 -65527.4 76 176 1)
(20603 88734.9 -30321.3 299 399 3)
(20606 33255 139727 238 338 1)
(20611 -66360.1 33161.1 537 637 1)
(20617 -18039.8 140783 411 511 3)
(20626 29247.3 -54443.8 237 337 1)
(20627 57464 -45458.5 536 636 1)
(20633 2082.31 -90606 110 210 1)
(20634 109636 -38302.6 146 246 1)
(20635 -88508.6 -69442.8 344 444 1)
(20639 9171.94 57206.4 1 98 1)
(20641 56496.3 -37394.9 570 670 3)
(20646 -23077.3 -50314.9 104 204 1)
(20650 -24076.5 -13182.9 41 141 1)
(20664 -10044.8 128852 467 567 1)
(20672 34247.6 -110705 70 170 3)
(20673 -95734.3 46094.3 217 317 1)
(20675 -4135.82 -48633.1 625 725 1)
(20680 39052 -136232 467 567 1)
(20683 63410.6 -44377.2 178 278 1)
(20687 -4986.61 -111795 394 494 1)
(20689 106765 -90721 415 515 1)
(20690 -21297.4 -29175.8 186 286 3)
(20691 101466 34220.6 70 170 1)
(20709 50310.9 -119835 197 297 3)
(20725 109664 127821 342 442 1)
(20727 49363.6 49228.5 442 542 3)
(20732 19198.2 -69609.5 625 725 1)
(20734 -59315 22004.6 378 478 1)
(20745 80501 37106.9 328 428 1)
(20751 -49239.5 56216.5 271 371 1)
(20754 108733 -95543.9 2 102 1)
(20758 -109603 900.612 237 337 1)
(20760 64489.9 -16238.2 352 452 1)
(20763 121784 -20226.6 229 329 1)
(20768 29235 68279.6 215 315 1)
(20769 52470.9 -120027 607 707 1)
(20777 -32156.8 173.561 351 451 1)
(20780 -51234.8 -130928 273 373 1)
(20793 -116628 -114815 217 317 1)
(20799 62519.2 74327.1 45 145 1)
(20806 -46204.2 -8197.08 187 287 3)
(20812 81.7385 -39392.2 71 171 3)
(20824 -59345.6 -67625 594 694 1)
(20825 -21094.5 39188.4 545 645 1)
(20828 -31125.2 25006.4 244 344 1)
(20835 51411.5 29987.8 356 456 3)
(20836 14198.3 55246.8 524 624 1)
(20838 -1957 -104642 69 169 1)
(20848 -63380.6 -169.415 610 710 1)
(20851 -64353 -32823.9 190 290 1)
(20852 -44185.4 -70670.2 541 641 1)
(20855 -39142.4 69393.4 94 194 1)
(20872 -10974.4 -47437 250 350 1)
(20874 1086.62 -39416.6 565 665 1)
(20875 37291.7 119597 245 345 1)
(20878 -61406 48257.5 333 433 3)
(20880 55520.4 6051.1 455 555 1)
(20881 -31116.5 -38315.7 54 154 1)
(20887 -65360.5 43271.8 432 532 3)
(20892 -60308.9 -78575.8 122 222 3)
(20898 -94556.8 142789 522 622 1)
(20899 29259.9 -10214.6 379 479 3)
(20901 -19042.9 -69581.5 387 487 3)
(20907 -122657 89367.2 139 239 1)
(20908 25162.7 117621 304 404 3)
(20918 -1782.39 80419.6 378 478 1)
(20920 -31174.5 20869.8 535 635 1)
(20922 77729.3 13870.5 537 637 1)
(20923 -113700 -77681.7 536 636 1)
(20928 -5976.55 16955 426 526 1)
(20929 -76462.7 96525.5 542 642 1)
(20931 5131.15 111527 549 649 3)
(20940 -40207.9 -83761.3 586 686 1)
(20944 -20064.5 49177.5 255 355 1)
(20955 -94534.9 -121002 515 615 1)
(20966 -24092.3 -13196.2 144 244 1)
(20968 12126.9 -27364.3 603 703 1)
(20984 96681.6 -118908 398 498 1)
(20987 -49308.6 -42396.6 572 672 1)
(20994 -83496 -123922 537 637 1)
(20999 81480.6 28046.8 28 128 1)
