(97006 -49294 71334.7 614 714 1)
(97015 7005.43 109616 201 301 1)
(97019 -26110.4 -70743.6 361 461 1)
(97025 -47265.1 -91719.1 346 446 1)
(97028 7131.34 43166.5 531 631 1)
(97034 -86416.2 -50416.6 93 193 1)
(97035 -20049.2 -42352.5 38 138 1)
(97036 -8004.66 -11273 31 131 1)
(97041 76529.9 -60427.2 92 192 1)
(97048 -75366.3 -145931 97 197 1)
(97050 102785 908.225 250 350 3)
(97070 55.2462 -71476.9 81 181 1)
(97077 93543.5 7919.81 23 123 3)
(97080 -59315.3 81417.8 563 663 3)
(97088 -74424.4 -96791.4 428 528 1)
(97093 -28086.3 -2109.44 136 236 1)
(97094 -107368 -119533 105 205 1)
(97096 107633 43135.2 25 125 1)
(97099 32238.1 25020.7 2 102 1)
(97101 -26104.2 83411.4 432 532 1)
(97104 -23113.6 43118.2 536 636 1)
(97125 -114632 -105652 131 231 1)
(97130 111662 -71472.6 38 138 1)
(97139 -24097.2 45170.3 389 489 3)
(97143 -69328.2 52167.5 61 161 1)
(97144 -7793.29 -108839 320 420 1)
(97155 6149.02 -148048 389 489 1)
(97158 -77440.7 -45409.8 438 538 1)
(97163 41342.9 -33393.9 486 586 3)
(97164 58465.7 -130052 516 616 1)
(97166 124942 -104850 489 589 1)
(97170 -34141.4 53364.2 96 196 1)
(97171 121774 128635 213 313 1)
(97176 -78303.1 -149030 248 348 1)
(97177 23200.2 -72543.8 148 248 1)
(97188 -47255.2 -28314.1 463 563 1)
(97191 -44247.1 -52513.2 503 603 1)
(97198 -57227.3 -56421.9 215 315 1)
(97200 -124637 -54354.5 52 152 3)
(97209 -103582 58269.6 525 625 3)
(97213 -15924.4 122640 140 240 1)
(97221 -86425 55187.2 46 146 1)
(97236 10094.1 87481.3 483 583 1)
(97239 103862 7864.94 597 697 1)
(97249 -34057.6 -31241 119 219 1)
(97258 -101588 -24285.5 358 458 1)
(97263 -107578 -134141 225 325 1)
(97266 -80357.2 14971.8 199 299 3)
(97269 -34138.9 -119932 586 686 1)
(97273 30224.9 -105627 75 175 1)
(97274 -90446.7 -32265.2 83 183 1)
(97283 -13027 -19209.9 242 342 1)
(97287 104848 -112953 592 692 3)
(97289 16179 29073 501 601 1)
(97305 -120697 -72581.4 333 433 1)
(97312 -78399.3 22006.8 281 381 1)
(97313 -95551.9 -21158.7 58 158 1)
(97326 -81446.7 -51485.3 410 510 1)
(97329 14194.6 61286.9 217 317 1)
(97344 56438.8 37120.7 488 588 1)
(97345 -2969.11 29191.1 523 623 1)
(97350 -61335.6 31059.3 356 456 3)
(97351 -928.942 -19227.1 212 312 1)
(97358 -28068.6 -85543.4 15 115 1)
(97371 -9997.48 39100.9 220 320 1)
(97378 88525.6 -146888 10 110 1)
(97381 79551.7 -108806 369 469 1)
(97388 -90501.7 30017.6 168 268 1)
(97390 40399.6 84503.8 525 625 1)
(97391 -47268 -130014 470 570 3)
(97399 46399.7 -84715.7 551 651 1)
(97404 -105654 92403.2 388 488 1)
(97407 -124641 65273.2 186 286 1)
(97410 -39177.5 -16282.1 610 710 1)
(97412 49445.7 -30424.2 614 714 3)
(97419 32302.6 -98848 600 700 1)
(97427 -101531 -4146.28 185 285 1)
(97432 -116907 -149106 445 545 1)
(97434 -74427.8 -22288 456 556 1)
(97441 -27109.7 -93792.1 479 579 1)
(97443 -55426.8 -2534.67 191 291 1)
(97450 7060.69 -4168.63 103 203 1)
(97451 33234.3 -64463.3 125 225 1)
(97464 -77409.7 33991.5 423 523 1)
(97479 -35112.8 -105695 55 155 1)
(97480 -46264.9 -15210 243 343 1)
(97481 20190.9 -39411.3 413 513 3)
(97487 109746 75282.6 63 163 1)
(97490 111616 16883.1 23 123 1)
(97492 -70367.8 -59486.7 140 240 3)
(97496 31177.1 6821.59 74 174 1)
(97497 -41275.7 -97772.2 332 432 3)
(97498 21175.9 -137836 29 129 1)
(97501 25251.7 -1149.27 265 365 1)
(97504 -3988.99 28053.4 457 557 3)
(97507 81672.1 50233.7 623 723 1)
(97508 -32204.5 78315.1 272 372 1)
(97510 20186.9 36102.4 274 374 1)
(97511 -78459.2 -69675.4 550 650 1)
(97514 114832 60137.4 603 703 1)
(97515 -41194.4 -37348.3 279 379 1)
(97518 -21049.3 49037.4 40 140 1)
(97529 -85467.9 -68548.5 574 674 1)
(97532 37270.1 -24227 80 180 1)
(97540 67521.1 39967.5 49 149 1)
(97543 10283.8 -26348.3 389 489 3)
(97545 29300.7 -46378.8 80 180 1)
(97551 37351.4 -37432.9 551 651 3)
(97563 -58279.3 46151.6 151 251 1)
(97567 -912.293 -68615.6 201 301 1)
(97570 35406.4 132764 449 549 1)
(97571 -102628 -109901 527 627 1)
(97575 27169.3 -160.009 1 94 3)
(97580 -37173.6 -23282.5 372 472 -1)
(97581 -110625 90413.3 289 389 3)
(97582 63471.1 145799 279 379 1)
(97586 -103504 -89587.3 30 130 1)
(97587 6064.33 -32414 466 566 1)
(97599 113781 -54610.1 430 530 1)
(97601 -59258.1 -23314.4 370 470 1)
(97606 124979 83068.5 475 575 1)
(97610 69423.8 33053.7 206 306 1)
(97615 -53067.8 89645.1 233 333 1)
(97621 -38165.7 -36426.7 614 714 3)
(97625 31154.1 784.783 588 688 1)
(97628 111821 45156.8 537 637 3)
(97630 60500.1 121715 613 713 1)
(97632 -37152.4 97384.4 90 190 1)
(97640 46381.2 66304.5 479 579 1)
(97647 39268.6 21002.8 275 375 1)
(97665 -35130.1 -92591.1 24 124 1)
(97671 17172.1 106570 285 385 1)
(97685 -51236.3 -24258.7 160 260 3)
(97690 63448.8 -112844 88 188 1)
(97694 123875 -82703.5 337 437 3)
(97712 -26107.1 -9200.34 332 432 1)
(97715 -120703 63328 153 253 1)
(97719 -87488.3 -89585.1 152 252 1)
(97721 95698.5 -69660.1 453 553 3)
(97726 87621.8 137726 444 544 1)
(97730 -48233.2 -19223.6 252 352 1)
(97735 -4021.95 43158.5 64 164 1)
(97746 39032.9 21124.3 1 100 1)
(97748 -67498.4 -58236.7 375 475 1)
(97752 -55814.2 59052.9 295 395 1)
(97758 -43178.2 -89638.4 508 608 1)
(97760 81529.2 -40360.1 194 294 1)
(97761 -60266.8 105441 5 105 3)
(97764 55.3696 51217.7 55 155 1)
(97766 26231 64374.4 457 557 1)
(97767 32199.4 -26395.1 478 578 3)
(97769 -29141.5 -104833 557 657 1)
(97785 -94666.1 -63474 603 703 3)
(97792 72578.4 -53473.2 500 600 1)
(97807 -81235.8 -38029.5 3 103 1)
(97810 106899 -46465.7 489 589 1)
(97811 47319.1 -110728 78 178 1)
(97820 -9007.48 29033.1 231 331 3)
(97826 -13804.4 94644.8 299 399 1)
(97827 36289.1 -56397.6 67 167 1)
(97838 -55339.9 130753 548 648 1)
(97841 71281 39097.5 241 341 1)
(97842 -7917.81 -11296.5 161 261 1)
(97851 61381.7 -5128.95 192 292 1)
(97854 8090.74 96498.2 380 480 1)
(97864 29233.2 143656 44 144 1)
(97875 -41193.6 -69560.5 285 385 1)
(97878 -57227.1 108494 142 242 1)
(97880 26243.8 -49450.3 367 467 3)
(97881 -16102.5 -61536.5 464 564 1)
(97883 67329 -74521.1 64 164 3)
(97886 65460.2 -56365.9 30 130 1)
(97890 18940.1 -18013.3 169 269 3)
(97901 36333.8 -2209.82 621 721 1)
(97903 -74370 77359 263 363 1)
(97908 -45211.4 108569 428 528 1)
(97916 -46026.9 -108534 624 724 3)
(97918 13137.2 -9179.31 241 341 1)
(97924 -62331.7 -148189 530 630 1)
(97929 95591.3 -96649.5 99 199 1)
(97933 17217.3 -45373.6 103 203 3)
(97937 10116.5 79389 414 514 1)
(97942 -30099.1 -56444.6 191 291 3)
(97945 49468.9 -28365.8 219 319 1)
(97955 40373.3 -118648 216 316 1)
(97958 -2966.26 -84779.6 507 607 1)
(97961 123897 141807 491 591 1)
(97967 -121687 -148875 9 109 1)
(97969 8146.68 -97754.5 286 386 1)
(97975 -49225.1 -67583.5 203 303 1)
(97979 -3024.1 -127762 175 275 1)
(97986 39280.1 -133850 57 157 3)
(97991 32337.4 -38515.3 522 622 1)
