(61004 32229 -78534.5 24 124 1)
(61024 -40146.3 -134810 14 114 1)
(61033 78551.9 5025.97 398 498 1)
(61034 3079.24 53234.4 495 595 1)
(61036 -72436.3 -101839 564 664 1)
(61043 44533.5 88015.6 587 687 1)
(61044 107770 961.004 267 367 1)
(61047 10104.3 -29333.7 544 644 1)
(61049 52438.2 -21280.4 623 723 1)
(61050 111773 14953.5 373 473 1)
(61057 25024.9 -92915.7 131 231 1)
(61070 53433.4 86416.5 243 343 1)
(61074 -32177.1 -6156.93 95 195 1)
(61105 76460.2 144712 140 240 3)
(61120 -33085.6 46112.8 547 647 1)
(61121 58378.4 -120800 93 193 3)
(61124 66525.2 -89740.5 463 563 1)
(61129 13878.4 -106039 602 702 1)
(61130 24217.1 26035 216 316 1)
(61133 37263.5 -69492.1 11 111 1)
(61138 -119833 4160.22 144 244 1)
(61141 -83267 119613 486 586 3)
(61143 -21063.3 -72519.8 78 178 3)
(61169 50372.6 102478 177 277 1)
(61176 61425.3 84335.7 85 185 1)
(61178 62414.2 -14203.7 98 198 3)
(61180 85643.7 -21249.7 275 375 3)
(61191 -77334.2 -43369.5 311 411 1)
(61192 3139.72 112494 237 337 1)
(61194 -90517.7 -3168.75 242 342 1)
(61197 -124669 -86617.9 199 299 1)
(61200 22221.9 -71630.5 412 512 1)
(61204 -10027.5 -83698.2 429 529 1)
(61206 56370.3 122678 316 416 3)
(61207 -17042 -9171.69 140 240 3)
(61212 31281.2 -135810 116 216 3)
(61214 119604 -18084.4 98 198 3)
(61222 22122.2 -131795 187 287 1)
(61232 113703 -10190.6 109 209 3)
(61238 117699 -149923 47 147 1)
(61247 3200.54 -44458.7 139 239 1)
(61261 36500.8 -14537.9 387 487 3)
(61269 -14118 -149326 624 724 1)
(61275 -114571 102562 240 340 3)
(61279 120717 108473 62 162 1)
(61284 69403.9 134611 1 95 3)
(61288 -92465.8 -119730 74 174 3)
(61289 19179.9 -137104 553 653 3)
(61290 -21087.1 -86584 38 138 1)
(61295 -93566.9 -30352.2 516 616 1)
(61298 82536.8 143703 206 306 3)
(61302 124859 -34430.3 318 418 3)
(61306 19180.5 -48418.5 148 248 1)
(61312 -70338.1 -123781 106 206 1)
(61317 -63382.6 -82735.8 582 682 1)
(61320 38278.8 -34478 487 587 3)
(61321 46526.2 121743 272 372 3)
(61329 46347 118577 217 317 1)
(61331 -123809 -76676.3 566 666 3)
(61336 43238.8 -18251.3 265 365 1)
(61347 -71312.2 8745.86 564 664 1)
(61348 87682 -35325.3 561 661 1)
(61360 -56326.8 -132915 165 265 3)
(61364 92571.4 -136893 121 221 1)
(61368 -100534 -67507.1 249 349 1)
(61379 59535.1 139805 480 580 1)
(61382 -65417 43173.6 522 622 3)
(61383 -9944.1 127590 71 171 3)
(61395 30434.2 -41724.2 206 306 1)
(61403 124726 -59439.9 87 187 1)
(61407 -112586 137693 463 563 1)
(61410 24220.6 -25269 591 691 1)
(61413 -16130 138061 264 364 1)
(61428 -25115.8 -89703.9 300 400 1)
(61436 2744.13 149982 354 454 1)
(61438 -117572 -41337 22 122 1)
(61444 -117673 11930.7 326 426 1)
(61446 82557.5 -56467.3 252 352 1)
(61449 54276.6 -64410 25 125 1)
(61450 -36172.6 42170.4 501 601 1)
(61456 -20306.5 -9162.25 505 605 1)
(61461 -59270.4 56190.5 27 127 1)
(61464 -38177.8 -82719.2 425 525 1)
(61471 24254.4 -123012 606 706 1)
(61485 -96494.8 -63404.6 128 228 1)
(61494 23355.4 -5237.38 590 690 1)
(61501 -18051.2 -37336.8 260 360 1)
(61504 -101693 -9248.7 522 622 1)
(61510 -20040.9 -117750 89 189 1)
(61511 49382.3 -52445.4 464 564 1)
(61513 -4968.9 -33299.5 53 153 1)
(61514 -73397.5 -79597.4 216 316 1)
(61522 -73244.1 106574 133 233 3)
(61537 -81418.5 21011.7 14 114 3)
(61539 53396.6 -98713.5 142 242 1)
(61545 34309.6 -106750 141 241 3)
(61546 104631 128573 53 153 1)
(61549 109703 -140988 154 254 1)
(61553 -47227 -41377.4 268 368 1)
(61554 -26.9473 105731 629 729 1)
(61555 -57002.1 22075 124 224 1)
(61559 121806 122641 392 492 1)
(61560 93694.6 15962.9 256 356 1)
(61564 60627.1 -96835.1 587 687 1)
(61566 -14008.9 31108.3 326 426 1)
(61568 69532.8 13923.2 487 587 1)
(61571 106768 81333.5 404 504 1)
(61573 82514.5 -29298.1 160 260 3)
(61584 -78459.9 -107806 329 429 1)
(61587 10007.6 111631 546 646 1)
(61591 118722 -110748 1 100 1)
(61592 -61340.7 45164.2 592 692 1)
(61594 -13050.5 -109752 253 353 1)
(61602 -38120.8 71436.7 321 421 1)
(61604 -100548 -75536.1 207 307 1)
(61608 46873.1 115129 459 559 1)
(61617 -52270.7 133667 270 370 1)
(61623 28285.3 -22159 459 559 3)
(61632 -122824 -117979 626 726 3)
(61633 -116449 -96700.9 124 224 1)
(61634 -95597 -52514 595 695 1)
(61637 68485.2 -146006 298 398 3)
(61645 124816 84390.5 280 380 3)
(61651 50448.4 -42446.2 617 717 3)
(61652 -23087.8 -62534.3 473 573 1)
(61657 6103.73 -102611 7 107 3)
(61660 -41216.5 63298.3 528 628 1)
(61669 -56274.3 58232.9 343 443 1)
(61679 -6974.44 -6152.55 41 141 1)
(61682 85677.4 -121922 128 228 3)
(61683 55651.6 -102759 604 704 1)
(61685 20096.1 -63348.8 65 165 1)
(61688 115777 55158.5 53 153 3)
(61689 -16037.3 77347.9 269 369 1)
(61698 40312.4 -199.035 206 306 1)
(61723 120766 -128853 160 260 1)
(61726 93730.7 -60551.2 609 709 1)
(61731 -22086.8 44131.7 1 93 1)
(61735 -120635 -14358.7 1 96 1)
(61736 124737 21998.3 65 165 1)
(61740 104821 -67639.9 604 704 1)
(61741 118911 54268.2 592 692 3)
(61742 -81577.1 -148242 623 723 1)
(61755 83687.5 89304.6 392 492 3)
(61778 -10087.6 51292.8 609 709 1)
(61784 115649 72215.1 34 134 3)
(61790 -43195.5 127690 276 376 1)
(61793 120025 54095.3 563 663 1)
(61794 -43287.7 105559 452 552 1)
(61800 -69333 73349.2 53 153 1)
(61801 -24096.2 16010.2 212 312 1)
(61802 82726.1 97335.1 330 430 1)
(61804 91674 -53459.9 479 579 1)
(61817 -16034 -23226.8 44 144 1)
(61818 42349.5 -109835 313 413 1)
(61837 -41171.6 -135895 181 281 3)
(61850 -50247.3 -96813 597 697 1)
(61864 -31334.6 -138989 70 170 3)
(61866 -68412.1 -13233.3 516 616 1)
(61867 6114.56 -17253.2 472 572 1)
(61869 71195.2 92459.2 343 443 1)
(61877 -8990.61 -83735.3 579 679 1)
(61881 -81500.3 132666 554 654 1)
(61895 -60310.4 -83748.3 578 678 1)
(61907 -19089 -65551 334 434 1)
(61909 -120770 44189.3 578 678 1)
(61914 117865 -69610.6 497 597 1)
(61925 16127.7 35100.4 267 367 1)
(61928 75565.1 -45463.1 494 594 1)
(61931 -26091.4 134741 274 374 1)
(61940 81632.5 -63583.2 551 651 1)
(61942 9122.94 51172.5 218 318 1)
(61948 82515.6 -46363.9 60 160 1)
(61950 -120641 32062.2 158 258 3)
(61951 18196.2 38120.9 610 710 1)
(61957 -8985.82 -136048 387 487 1)
(61959 53467.2 -73656.3 611 711 3)
(61968 -61410.7 -83626.6 418 518 3)
(61988 19912 -91509 104 204 1)
(61993 -78772.9 54727.8 578 678 3)
(61998 39270.9 100453 77 177 3)
