(133001 58377.6 -81596.1 163 263 1)
(133007 20237 -93727 418 518 3)
(133010 18185.3 -24293.2 433 533 1)
(133013 23310.9 27047.1 425 525 1)
(133018 -1753.72 -2026.77 231 331 1)
(133023 85684 -6194.76 609 709 1)
(133037 -75333.2 54233.9 170 270 3)
(133038 118760 146818 220 320 1)
(133049 -64381.3 74368.1 564 664 1)
(133052 88638.4 41140.8 421 521 1)
(133053 -20055.2 -113727 70 170 1)
(133054 20180.8 -1164.47 546 646 1)
(133055 -29158.5 -128975 349 449 1)
(133057 -80394.8 -22247.9 220 320 1)
(133058 -968.835 -42442.5 488 588 1)
(133064 -116588 -62423.2 226 326 1)
(133067 -112583 -131963 140 240 1)
(133074 -4035.52 116396 426 526 1)
(133076 63341.4 140637 96 196 1)
(133077 -2960.48 -11181.3 166 266 3)
(133078 91552.2 -136853 43 143 1)
(133079 -53294.1 -57471.6 345 445 3)
(133081 -15965.1 -110789 363 463 1)
(133098 23132.2 -48839.8 435 535 1)
(133100 11113.9 -119891 261 361 1)
(133101 -101532 132777 98 198 1)
(133105 82510.7 137887 610 710 3)
(133111 -80238.7 40971.5 7 107 1)
(133113 -108503 88353.3 149 249 1)
(133115 13485.4 -58563.6 92 192 1)
(133117 -49149 -29199 101 201 3)
(133121 -115584 -62668.7 610 710 1)
(133132 14157.8 -24294.1 385 485 1)
(133136 -109597 64316.5 527 627 1)
(133137 -68341.5 -15194.8 103 203 3)
(133148 -16007.6 -43432.7 52 152 1)
(133151 -28108.7 -42410.4 461 561 1)
(133157 -70422.1 -11226.7 541 641 1)
(133165 -62332 135516 187 287 1)
(133169 -41206.5 109659 64 164 1)
(133182 9103.11 -66552.8 450 550 1)
(133187 75463.2 85330.5 24 124 1)
(133189 -89513.5 -38423.7 31 131 1)
(133193 15163.7 -8155.38 291 391 1)
(133195 -1948.89 66239.9 1 100 3)
(133198 -104592 58214.9 191 291 1)
(133199 37387.1 45209.2 495 595 1)
(133200 -49212.1 46160.2 563 663 1)
(133209 -4968.99 136664 159 259 1)
(133213 14341.5 -58477.7 446 546 1)
(133225 -109604 29035.2 197 297 3)
(133232 34952.3 31312.4 594 694 1)
(133234 -9171.58 19320.7 591 691 3)
(133237 52358.9 -94718.3 386 486 1)
(133242 45491 127752 499 599 3)
(133248 68291.7 -78503.5 308 408 3)
(133257 104784 -102697 387 487 1)
(133258 94726.9 10936.3 528 628 1)
(133262 -7953.13 -133026 422 522 1)
(133266 19091.3 -132103 324 424 1)
(133267 -25082.8 -4165.19 193 293 1)
(133269 118748 -33219.7 5 105 1)
(133271 -3932.95 -46492.6 599 699 1)
(133272 -6010.82 -46269.5 326 426 1)
(133274 -59379.5 -10218.4 478 578 3)
(133276 3109.76 129640 191 291 1)
(133277 7044.94 -88682.8 319 419 1)
(133286 -98580.6 -68611.8 471 571 3)
(133287 -53311.9 -69643.9 625 725 1)
(133303 -100605 1893.28 474 574 3)
(133304 -6880.82 -104781 427 527 1)
(133310 -76447.9 22042.8 274 374 3)
(133317 48402.9 60331.9 568 668 1)
(133319 -10068.2 -57238.4 330 430 1)
(133321 -1899.19 -42420.7 456 556 1)
(133322 -94353.9 -127904 431 531 1)
(133338 108775 -105811 432 532 1)
(133340 90702.6 -56532.1 519 619 1)
(133341 104868 -133072 78 178 3)
(133346 -78385.9 -12298 16 116 3)
(133347 -8954.3 -28290 138 238 3)
(133350 77542.4 87418.7 391 491 1)
(133351 64533.7 -146090 513 613 3)
(133354 54403.4 72320.4 337 437 1)
(133355 60480.2 -53494.8 491 591 1)
(133358 44345.2 -2050.55 377 477 1)
(133362 82538.7 -93903 612 712 1)
(133364 -36212.5 -39321.5 613 713 1)
(133365 -77452.9 9926.15 556 656 3)
(133370 -106617 86573.5 406 506 1)
(133371 96681.4 23149.6 413 513 3)
(133377 -8764.14 84400 320 420 1)
(133381 60315.3 -142891 60 160 1)
(133405 44360.1 130714 382 482 1)
(133410 -14022.7 -146253 218 318 3)
(133417 -71435.2 115659 578 678 1)
(133424 -7989.93 69322 478 578 1)
(133426 -106645 -61528.7 415 515 3)
(133438 -85457.7 -12200.1 234 334 3)
(133439 -119544 -59507.5 175 275 1)
(133452 18186.2 27055.3 579 679 1)
(133465 -105022 85585.2 537 637 1)
(133467 -32652.7 -105941 414 514 1)
(133473 90581.5 122517 3 103 3)
(133475 -11842.2 -77426.7 597 697 1)
(133477 -16035.9 -68551.7 299 399 1)
(133482 -48249.8 -113801 206 306 1)
(133497 50435.1 -81743.5 595 695 3)
(133498 75514 39057.4 568 668 3)
(133499 86677.8 -3171.07 616 716 1)
(133501 6103.29 15009.3 118 218 1)
(133503 -82359.2 -64473.6 22 122 3)
(133508 -53393.9 72426.8 492 592 1)
(133510 -58397.9 -44477.7 616 716 1)
(133514 16206.5 -32374.6 629 729 1)
(133526 -9996.28 128853 612 712 1)
(133529 -12016.7 -47347 1 95 1)
(133540 -72364.8 -106748 184 284 1)
(133541 5067.16 -59538.9 56 156 1)
(133549 24191.3 72340.5 323 423 1)
(133551 -22145.6 -90782.8 572 672 1)
(133555 34252.6 -144016 244 344 3)
(133557 -37187.9 61286.8 463 563 3)
(133558 73524.9 -136991 364 464 1)
(133559 -65355.5 6830.44 278 378 1)
(133561 92680.2 -112880 362 462 1)
(133566 -100666 39067.3 544 644 1)
(133572 -83533.5 5815.05 482 582 3)
(133577 -97552 -2161.4 375 475 3)
(133590 -101644 1682.45 299 399 1)
(133598 88610.3 115249 171 271 1)
(133600 31241.8 -83606.5 177 277 1)
(133607 64556.8 -112954 588 688 1)
(133611 44309.9 -14321.1 549 649 1)
(133623 46291.8 -87638.2 145 245 1)
(133633 36529.4 -72761.5 319 419 1)
(133640 67439 -140906 109 209 3)
(133646 -56285.2 -137025 325 425 1)
(133657 61453.7 119627 372 472 1)
(133659 -32277.7 32018.4 599 699 3)
(133668 79495.8 -75534.5 63 163 1)
(133676 2113.83 5898.17 56 156 1)
(133682 44363.9 -35372.7 184 284 1)
(133685 -58265.9 -91699.7 523 623 1)
(133694 37294.7 88404.9 259 359 1)
(133702 -31154 -87621 191 291 1)
(133716 91479.3 18800.2 1 99 1)
(133725 -29073.3 -32427 237 337 1)
(133727 -84472 90430.8 367 467 1)
(133730 -44160.2 -106.704 317 417 3)
(133731 104690 -111810 305 405 1)
(133733 51394.6 -57584.6 345 445 1)
(133746 16176.2 -132803 247 347 3)
(133760 40280 -17214.6 61 161 1)
(133765 33277.8 -96725.8 294 394 1)
(133772 29266.1 40136.2 597 697 1)
(133779 -38165.3 61425.3 74 174 1)
(133781 78528.8 -48401.4 269 369 1)
(133785 -80499 50204.8 572 672 1)
(133789 -9922.25 -115827 139 239 1)
(133792 -2928.27 35097.1 364 464 1)
(133793 28488.2 18932.3 431 531 1)
(133796 -108677 109606 455 555 1)
(133801 -31145.4 -86755.7 567 667 1)
(133803 104647 114613 199 299 1)
(133804 -34056.2 -98916.2 199 299 1)
(133805 93630.3 -47401.6 292 392 1)
(133807 88564.6 -119815 179 279 1)
(133811 110852 -138057 444 544 3)
(133827 14141.2 -146111 413 513 1)
(133829 41364.5 -45459.1 481 581 1)
(133830 -50216.2 37101.8 50 150 1)
(133832 92573 -74622.7 327 427 1)
(133840 31415.6 70062 119 219 3)
(133841 -32176.3 86510.1 481 581 1)
(133842 -102580 -130935 307 407 1)
(133848 -22053.1 -104776 319 419 1)
(133852 108692 -117981 432 532 1)
(133854 28202.6 -51442.7 111 211 1)
(133855 120775 -96650 119 219 1)
(133857 68417.8 -83542.4 113 213 1)
(133865 -97495.5 69267.5 93 193 1)
(133868 -51293.8 -56542.8 568 668 3)
(133869 -16019 -110747 100 200 3)
(133870 -83478.7 89450.5 419 519 1)
(133871 -947.05 -103687 71 171 1)
(133877 43265.3 28037.8 258 358 3)
(133885 67373.2 12958 178 278 1)
(133890 68161 -21207.7 36 136 3)
(133902 9100.98 -42380.3 249 349 1)
(133908 -19089.5 11985.9 610 710 1)
(133928 114679 24989.3 76 176 3)
(133930 -30194.9 91457.1 475 575 1)
(133932 41303.6 -35337.2 348 448 1)
(133936 24191.5 63237.4 138 238 1)
(133940 -86466.5 119481 20 120 1)
(133945 -85586.3 131830 616 716 3)
(133954 -102659 -79603.5 407 507 1)
(133967 21139.1 -17190.3 46 146 1)
(133972 124748 12965.6 11 111 1)
(133974 52392.6 -2015.84 224 324 3)
(133980 26233.5 70268 606 706 1)
(133983 -122538 47923.6 234 334 1)
(133993 53305.5 -129663 41 141 3)
(133994 21196 24000 368 468 1)
(133995 -112534 -116807 82 182 1)
(133997 -66429.4 -34387.6 455 555 1)
