(142010 61416.6 -43398.1 290 390 1)
(142018 -20099.9 36115.9 607 707 1)
(142026 -9206.26 -115793 29 129 1)
(142032 39404.7 -132993 444 544 1)
(142035 -108672 -37384.6 486 586 3)
(142042 -117737 87349.3 192 292 1)
(142043 9114.17 -90544 66 166 1)
(142049 6106.95 -45400 335 435 1)
(142051 -33164.1 77380 313 413 3)
(142053 -86616 102751 493 593 1)
(142055 33292.1 30039.2 311 411 1)
(142061 1092.78 -49491.7 590 690 1)
(142063 66545.2 49074.5 592 692 3)
(142079 6082.22 -39383.8 28 128 1)
(142082 -47262.4 -24247.2 528 628 1)
(142091 -85654.7 96691.7 570 670 1)
(142094 64115.1 30221.4 237 337 1)
(142098 -85500 71322.7 397 497 1)
(142109 -107574 119665 529 629 1)
(142115 86635.8 108553 191 291 1)
(142119 -78448.6 27975.2 377 477 3)
(142121 19236.3 -55529.1 404 504 1)
(142126 -114526 -63453.5 42 142 1)
(142128 -46226.7 54222.7 515 615 1)
(142131 -99646.5 -125998 518 618 1)
(142139 -100525 -121758 76 176 1)
(142140 6089.71 -64462.6 58 158 3)
(142146 62342.4 91524 162 262 1)
(142147 120836 -67692.5 393 493 1)
(142149 24148.2 117585 130 230 1)
(142150 35314.3 -69635.3 559 659 1)
(142153 120987 -116946 469 569 1)
(142155 -90627.6 -21.3963 610 710 1)
(142163 106705 -46401.3 240 340 1)
(142164 64520.9 98534.2 541 641 1)
(142167 46172.6 -146824 198 298 1)
(142170 92545.8 -111709 19 119 1)
(142172 -6980.66 -119797 131 231 1)
(142175 -38163.8 31081.4 114 214 1)
(142182 -54327.9 -142125 559 659 1)
(142183 -100655 -66511.3 382 482 1)
(142185 -85540.3 65212.1 282 382 1)
(142187 -98607.4 6926.87 426 526 1)
(142196 -85479.9 -18246.1 327 427 1)
(142208 43374.6 -134068 608 708 1)
(142209 26258.8 21009.6 509 609 1)
(142213 62521.2 -86830.8 587 687 1)
(142224 80464.7 -63471.7 95 195 1)
(142230 18106.2 28966.1 227 327 1)
(142240 -73384.4 108505 243 343 1)
(142245 -64279 -31335.4 420 520 1)
(142249 7000.07 149781 52 152 1)
(142250 -12193.7 129762 617 717 1)
(142252 -58331.5 106714 604 704 3)
(142254 13220 -110648 289 389 1)
(142260 -42212.3 -46388.2 347 447 1)
(142265 -50311.5 113620 602 702 1)
(142270 105740 -68569.4 371 471 1)
(142272 -64375.5 88450.7 375 475 1)
(142273 -98719.2 -41305.1 546 646 1)
(142275 -52211.6 -31291.3 401 501 1)
(142277 63645.5 -141207 469 569 3)
(142303 -13079.9 34208.9 536 636 3)
(142307 -66390.1 -34393.6 511 611 3)
(142313 115842 -20241.7 480 580 1)
(142315 67552.8 20994.5 506 606 3)
(142322 3915.3 -15133 1 93 1)
(142325 106838 -129065 620 720 1)
(142334 -11989.9 8934.47 1 95 3)
(142335 25261.1 -89855.1 136 236 1)
(142347 -66360.2 74314.2 513 613 3)
(142349 -88680.3 46382.9 12 112 3)
(142353 -57307.6 -43419.1 423 523 1)
(142363 11217.5 78369.5 442 542 3)
(142365 -46206.6 -16215.2 484 584 3)
(142379 50335.8 -19229.4 60 160 1)
(142381 -29137.1 -108916 604 704 1)
(142383 21188.4 -118811 172 272 1)
(142393 81469.8 -51262 161 261 3)
(142404 -45155.4 -50505.6 229 329 1)
(142428 112697 49131.8 187 287 3)
(142432 -55290.4 124674 420 520 3)
(142437 -77427.2 27026.3 365 465 1)
(142440 110689 -143086 455 555 1)
(142443 14278.4 -3067.69 476 576 3)
(142444 32281.3 81353.8 294 394 1)
(142454 -34148.1 29070.8 236 336 1)
(142463 -39171.8 -83673 383 483 1)
(142465 104516 -36407 197 297 1)
(142473 -29139.2 -83598.6 212 312 3)
(142476 -89570.4 -20270.8 595 695 1)
(142482 33482.4 13162.8 619 719 3)
(142491 -83309.5 123521 1 101 1)
(142511 -53245.6 -102674 103 203 1)
(142514 -18129.9 143872 610 710 3)
(142528 118933 120615 507 607 3)
(142537 55360.9 -7125.36 617 717 3)
(142543 -68401.2 -111708 223 323 1)
(142547 -24126.6 -77447.1 366 466 1)
(142552 -67320.3 -89735.7 41 141 1)
(142557 -120630 51158.7 52 152 1)
(142558 -89573 62261.6 591 691 1)
(142572 -27422.8 -102766 413 513 3)
(142575 -76682.3 85452.9 450 550 1)
(142577 72457.4 -149013 179 279 1)
(142584 12131.5 38122.8 211 311 1)
(142598 -15006.4 -117814 137 237 3)
(142599 -77454.2 25048.7 443 543 1)
(142608 -99547.1 -71534.8 232 332 1)
(142614 -92478.5 88408.2 149 249 3)
(142631 -84963.6 28982.3 365 465 1)
(142634 -63317 59234.6 233 333 1)
(142636 121880 82347.9 357 457 1)
(142653 -9181.18 115596 346 446 3)
(142654 -94512.2 -63503.2 231 331 1)
(142656 -95456.2 -38316.3 19 119 3)
(142659 12196.8 73260.1 535 635 1)
(142662 -107755 -97650 296 396 3)
(142664 122812 -92717.9 295 395 1)
(142666 -111558 137657 83 183 1)
(142671 114688 58199.6 75 175 3)
(142673 -87417.2 115615 202 302 1)
(142674 -101596 -104878 629 729 1)
(142678 108729 73338.8 287 387 1)
(142680 84693.9 -5156.43 533 633 1)
(142691 76528.8 134702 303 403 1)
(142703 -122670 -52428.3 276 376 3)
(142707 -19884.7 -117189 623 723 3)
(142716 -13049.3 -110840 518 618 3)
(142718 -47261.6 -10245.8 551 651 1)
(142720 109777 -91796.9 436 536 1)
(142732 17460.6 4936.41 599 699 1)
(142735 124834 -95656.9 39 139 1)
(142743 20210.3 -116936 515 615 1)
(142747 112712 126669 333 433 1)
(142751 52376.5 -79574.1 214 314 3)
(142760 -19046.7 -146970 185 285 1)
(142765 28243.9 -32365 138 238 1)
(142771 -117695 -62567.2 459 559 1)
(142776 -49207.9 5920.68 39 139 1)
(142786 17169.3 -27243.6 61 161 1)
(142789 -32267.1 -41400.4 602 702 1)
(142794 5085.83 -36305 63 163 3)
(142799 20272.4 70451.7 623 723 1)
(142805 -10001.8 -30366.8 562 662 1)
(142807 5096.69 -86664.1 244 344 1)
(142821 112975 35103.7 537 637 1)
(142828 -59401.9 66222.2 246 346 1)
(142833 -105533 64248.7 148 248 1)
(142847 91652.5 45295.5 272 372 1)
(142851 -100639 65314.6 614 714 1)
(142856 -23027.3 -84501.8 154 254 1)
(142863 12009.2 61071.3 157 257 1)
(142864 -14139.2 -137833 397 497 1)
(142865 3870.31 -43507.2 502 602 1)
(142870 63312.7 67234.7 68 168 1)
(142892 -31162.4 -48497.7 577 677 1)
(142897 -114664 -8208.15 16 116 1)
(142899 -49249 80316.3 1 100 1)
(142900 -116724 45155.9 514 614 1)
(142901 -44259.5 -107911 587 687 1)
(142903 53385.2 -39369 290 390 1)
(142906 -43186.3 -84691.9 280 380 1)
(142907 -64297.5 106592 221 321 1)
(142909 -2965.05 76303.4 143 243 1)
(142912 -23103.1 69351.6 629 729 1)
(142917 68524.5 -146077 408 508 1)
(142919 -98509.1 131667 236 336 1)
(142933 -42253.3 -108841 424 524 1)
(142937 -113576 -14208.5 409 509 1)
(142939 -26005.9 51244 481 581 1)
(142941 -117676 59161.6 284 384 1)
(142943 -48114.8 -140765 30 130 1)
(142945 13261.4 103538 373 473 1)
(142965 1087.58 17998.7 93 193 3)
(142987 58469.7 -56521.5 539 639 -1)
(142990 8064.93 87409 118 218 1)
(142997 -78381.5 -33311.5 106 206 3)
