(7004 89688.9 120609 374 474 1)
(7009 12146.7 -146073 407 507 1)
(7014 -11016 97496.5 411 511 1)
(7015 6111.24 -106690 10 110 1)
(7016 -97981.2 -31510.2 486 586 1)
(7023 34303.9 -123876 61 161 1)
(7025 -72443.7 64307.7 604 704 3)
(7028 62670.7 -15309.8 301 401 1)
(7039 -88483.6 21003.2 299 399 1)
(7041 -96543.2 -119669 41 141 1)
(7054 -66237.3 74079 120 220 1)
(7056 78567.4 22041.1 374 474 1)
(7062 3101.46 34006.2 383 483 1)
(7063 95722.8 -40412.1 493 593 3)
(7069 -84308.3 45076.7 240 340 1)
(7071 103773 82450.3 442 542 1)
(7074 49446.4 -12197.3 544 644 1)
(7076 -23169.4 -85842.1 459 559 1)
(7081 -31074.9 69159.3 316 416 1)
(7086 -71393.3 -105904 594 694 1)
(7090 -22070.4 -92615.6 192 292 1)
(7091 -39191.2 -65485.9 221 321 1)
(7093 -106514 -2126.29 6 106 3)
(7094 -85396.8 -107739 224 324 1)
(7097 -17072.1 28032.8 596 696 1)
(7099 43514.4 32046.2 243 343 1)
(7101 96729.2 134819 553 653 1)
(7109 123026 58323 577 677 1)
(7111 -29546.4 -29355.1 169 269 1)
(7137 -58285 26029.5 210 310 3)
(7141 -39182.1 9959.62 228 328 1)
(7144 13170.7 -42351.8 369 469 3)
(7146 66420.7 -61464.7 85 185 1)
(7149 93738.6 59289.7 600 700 1)
(7153 60369.4 104619 242 342 1)
(7159 -61333.6 -11173.4 422 522 3)
(7165 -115756 -77665 618 718 3)
(7173 -59452 -138857 259 359 1)
(7174 49452.6 -52481.2 454 554 1)
(7177 118682 -101679 17 117 1)
(7178 30241.8 24025.6 241 341 1)
(7187 -11001.8 -56457.2 149 249 3)
(7196 25355.7 68177.6 562 662 1)
(7209 61590.9 -149232 627 727 1)
(7217 31307.4 55123.7 441 541 3)
(7218 -102646 -47484.2 583 683 3)
(7223 100917 99631.7 418 518 1)
(7241 5139.28 -19140.9 251 351 1)
(7253 85493.3 99671.4 395 495 1)
(7257 43362.9 -98765.4 450 550 1)
(7289 -36165.9 -28317.6 315 415 3)
(7291 -41232.2 -6174.55 602 702 1)
(7293 -41360 -139872 13 113 1)
(7298 16188.1 32088.9 516 616 1)
(7299 -6915.69 -84639.3 303 403 3)
(7304 38353 -60580.5 587 687 1)
(7305 -13054.6 57212.9 128 228 1)
(7313 -43203.6 -133992 404 504 1)
(7314 68459.2 -14232.1 293 393 3)
(7318 -85464.2 25917.8 330 430 1)
(7319 -53508.6 79542.1 380 480 1)
(7335 -7003.08 -8156.61 236 336 1)
(7337 -111616 -131079 199 299 3)
(7338 -85482.9 -141956 266 366 1)
(7345 98738 -1249 621 721 1)
(7346 12179.2 128248 507 607 1)
(7347 1997.61 -141779 2 102 3)
(7350 -121609 133708 58 158 1)
(7366 52350.9 101426 42 142 1)
(7383 -112698 22966.9 456 556 3)
(7386 -38198.8 127505 230 330 1)
(7389 -44168.1 -16250.8 113 213 1)
(7390 11015.8 76260.7 257 357 3)
(7396 -21083.2 -92811.7 410 510 1)
(7400 61432.2 67295.9 242 342 1)
(7402 91707 3840.04 412 512 1)
(7411 -27100.4 -31291.8 96 196 3)
(7421 63490.6 -45459.9 476 576 1)
(7422 90626.9 -77609.8 310 410 3)
(7424 -113739 -74650.8 506 606 1)
(7429 -70620 25777.6 557 657 3)
(7432 6217.3 70372.5 341 441 1)
(7441 94590.7 77319.3 127 227 1)
(7443 -21052.5 62514.9 367 467 1)
(7445 -104753 -57424.1 88 188 3)
(7447 105573 78214.2 60 160 1)
(7450 44296.1 84510.1 526 626 1)
(7464 -93597.5 -49486.3 349 449 1)
(7466 -68316.9 36187 68 168 1)
(7490 114686 -96651.9 68 168 1)
(7501 112656 -29343.4 152 252 1)
(7505 118024 89379.6 430 530 3)
(7510 78489 17004.1 9 109 1)
(7515 53051.3 -16206.7 111 211 1)
(7519 -13000.7 -9197.59 628 728 1)
(7521 92689.5 -34348.9 527 627 1)
(7525 -105677 -91775.6 539 639 1)
(7539 40290.6 -58453.8 142 242 -1)
(7541 -19043 -69484.7 66 166 1)
(7544 -11010.3 -54414.6 65 165 3)
(7545 10121.4 17963.6 376 476 1)
(7550 -42128.5 -58482.8 216 316 1)
(7562 81589.8 -46357.9 177 277 1)
(7564 39310.6 -124931 311 411 1)
(7565 51310.3 -145260 410 510 1)
(7572 -59439.2 36362.7 428 528 1)
(7580 -60329.6 -73676.5 297 397 1)
(7587 -12979.9 -77552.5 76 176 1)
(7588 -30087.3 60241.1 178 278 1)
(7595 31255.2 -17241.4 311 411 3)
(7608 88579.4 -4957.14 122 222 1)
(7610 60419.9 -112825 322 422 1)
(7615 -97532.4 -134932 223 323 1)
(7640 -32076.2 -79725.1 561 661 1)
(7644 -2939.81 133771 498 598 1)
(7648 -31187.7 85401.3 195 295 1)
(7651 -62360.4 -87668.9 282 382 1)
(7653 53351.1 -115758 68 168 1)
(7655 -103664 -52621.5 490 590 3)
(7658 -116663 -62542.8 308 408 1)
(7670 57461.2 -71656.9 545 645 1)
(7674 38079.2 -10159.3 406 506 1)
(7678 48355.8 -124832 224 324 1)
(7680 -90493.4 -8167.51 477 577 1)
(7682 -55299.8 -2177.76 120 220 1)
(7688 -56291.6 -68484.7 150 250 1)
(7703 20202.1 17037 73 173 1)
(7708 75529.2 -10965.2 306 406 1)
(7709 -64351.8 -105881 473 573 1)
(7711 120766 -94689.9 26 126 1)
(7718 -74497 -45333.9 430 530 1)
(7720 -19034.4 -140996 352 452 1)
(7721 79402.3 38168.7 43 143 1)
(7724 -95522.7 149733 299 399 1)
(7730 -8910.98 -92568.6 217 317 1)
(7731 12106.7 -67604.3 412 512 1)
(7735 -123741 -49424 391 491 1)
(7737 77374.3 -120752 183 283 3)
(7743 -25114.5 -124003 535 635 3)
(7745 -67309.1 79354.5 281 381 1)
(7748 3026.07 119560 464 564 1)
(7753 -24073.1 -78383 260 360 1)
(7755 -30120 74371.4 505 605 1)
(7757 -84434.5 -91647.5 159 259 1)
(7759 28260 -67596 579 679 1)
(7769 -28118.8 -106842 441 541 3)
(7770 -55299.8 -56470.6 274 374 1)
(7771 -122610 -13265.1 264 364 1)
(7774 10185.6 -116938 433 533 1)
(7776 -29103.9 72322.2 426 526 1)
(7777 94627.3 43150.4 88 188 1)
(7783 -114635 -76488.9 144 244 1)
(7785 -53451.2 -75993 574 674 1)
(7787 -12014.5 -148123 405 505 1)
(7789 -35168.6 -83371.4 102 202 1)
(7790 -70410 -63571.8 510 610 1)
(7791 7044.78 -81584.6 517 617 1)
(7810 42342.8 -103769 259 359 1)
(7812 79570.2 43113.9 459 559 1)
(7817 -876.975 -70615.1 626 726 1)
(7823 -14023 -36412.1 616 716 1)
(7826 38327.9 -60647.2 579 679 1)
(7827 73328.5 -14077.6 12 112 1)
(7829 -3987.85 -28316.4 394 494 1)
(7830 -56057.7 136605 13 113 1)
(7831 -83484.2 -148094 399 499 1)
(7839 -33168.4 116586 356 456 1)
(7840 -10300.9 -129173 571 671 1)
(7846 -111610 3912.06 72 172 1)
(7856 -77457.5 27039.4 555 655 1)
(7865 -57243.9 -37319.6 69 169 1)
(7867 65478.3 61272.6 121 221 1)
(7877 -25102.6 101488 312 412 3)
(7892 -42162.8 -98745.2 291 391 1)
(7893 42340.6 -110927 464 564 3)
(7894 -107546 103474 160 260 3)
(7895 103946 -49416.6 443 543 1)
(7898 121860 -102720 166 266 1)
(7901 -109643 -123927 388 488 1)
(7905 -102492 48150.6 8 108 1)
(7906 -90456.8 -70529.7 131 231 1)
(7919 59677.5 -99967.4 316 416 1)
(7946 49330.1 2798.5 591 691 1)
(7954 -47173.6 -19207.7 27 127 1)
(7957 -57299.4 133653 147 247 1)
(7966 -24135.1 -131989 499 599 1)
(7972 -8068.14 77300.5 609 709 1)
(7975 103731 14953.7 398 498 1)
(7978 -892.134 38100.3 253 353 3)
(7979 -41338.8 -76376.1 561 661 1)
(7980 -101712 36048.3 500 600 3)
(7987 -75.6373 13053.9 451 551 1)
(7988 -52247.8 130697 124 224 1)
(7993 75565.9 -30280.3 437 537 1)
(7998 121778 107632 135 235 1)
(7999 75548.6 41131.7 418 518 1)
