(135001 64512.8 -112903 489 589 1)
(135009 -117848 -88515.1 322 422 1)
(135010 -57296.5 -31334.4 455 555 1)
(135013 95585.6 89514.1 222 322 1)
(135017 -920.553 -90668.3 126 226 1)
(135024 -102570 -132992 415 515 3)
(135025 -94361.7 140844 119 219 1)
(135027 -5972.11 -54475.5 328 428 1)
(135037 105736 -44515.7 627 727 1)
(135044 25214 -56459.9 217 317 1)
(135046 115273 -117728 104 204 3)
(135060 -50233.3 47142 109 209 3)
(135067 10124.7 -4156.11 242 342 1)
(135068 43320.2 110540 254 354 1)
(135069 -59279 118542 94 194 1)
(135072 -4977.35 -55428.5 148 248 1)
(135080 7228.9 -99787.4 522 622 1)
(135084 -18045.2 53224 20 120 1)
(135091 -31892.6 20394.7 155 255 1)
(135096 60373.5 -22281.3 58 158 3)
(135105 93601.3 76319.5 6 106 3)
(135106 77548.7 -52471.6 317 417 3)
(135109 -76366 -137861 47 147 1)
(135114 -16156.5 -909.944 232 332 1)
(135116 -6785.59 47002.1 605 705 1)
(135118 -74454.8 -122082 397 497 1)
(135128 -82370.8 -17328.8 265 365 1)
(135131 -47252.5 -107568 101 201 1)
(135139 -37151.6 14974.8 195 295 1)
(135146 -86604.7 -1125.91 305 405 3)
(135152 13138.9 -90691.2 343 443 1)
(135160 56409.8 -24380 110 210 1)
(135164 -115573 -47449.1 235 335 1)
(135173 67460.9 31080.3 216 316 1)
(135176 60408 3028.87 329 429 1)
(135186 94643.3 -127975 266 366 1)
(135190 113009 -31625.5 509 609 1)
(135200 39326.5 -51409 248 348 1)
(135202 -20089 -124103 532 632 3)
(135204 -14036.8 -47503.2 507 607 1)
(135207 17143.6 128734 197 297 1)
(135213 -21484.6 67379.7 483 583 3)
(135225 37317.6 -85649.8 301 401 1)
(135227 -49303.9 -76720.3 176 276 3)
(135232 -67360.1 -48442.3 336 436 1)
(135236 7016.35 -142885 287 387 1)
(135242 -48404.9 -141074 71 171 1)
(135264 -6995.86 69326.5 164 264 1)
(135287 -93497.1 -59663.9 131 231 1)
(135290 82475.1 97457.3 316 416 1)
(135294 -28308.8 -10290.6 12 112 3)
(135310 -68296.9 -8305.94 1 100 3)
(135312 -39163.4 -21240.1 238 338 1)
(135313 4117.43 -23194.6 336 436 1)
(135327 -101478 -3143.68 12 112 3)
(135333 26230.4 -50408.6 307 407 1)
(135335 4868.76 -3952.92 359 459 3)
(135348 42299.3 -18230.5 233 333 1)
(135351 66441.4 -98675.7 133 233 1)
(135366 -109679 8864.26 554 654 3)
(135370 -113543 -118734 213 313 1)
(135371 -50177.2 -112922 484 584 1)
(135375 -104575 -3215.13 187 287 1)
(135376 -46160.4 -22299.1 483 583 1)
(135377 107.082 78281.7 190 290 1)
(135383 12131.3 -139043 374 474 1)
(135412 -35707.6 -9414.57 420 520 1)
(135413 20193.5 29126.6 369 469 1)
(135418 -118794 75580.9 492 592 3)
(135422 -64241.7 62098.4 307 407 3)
(135423 -113685 -46483.4 510 610 1)
(135442 -75410 16010.1 394 494 1)
(135448 55392.8 -80616.3 389 489 3)
(135449 -8062.3 13942 542 642 1)
(135451 -60458.6 -119021 452 552 3)
(135453 31325.7 3954.76 445 545 1)
(135458 -88461.9 23034.3 49 149 1)
(135459 36318.3 -57537.4 528 628 1)
(135465 -8987.37 18865.8 423 523 1)
(135466 -72465.3 29044.9 376 476 3)
(135469 -97484.1 -74523 270 370 1)
(135471 -47237.4 -76578.4 203 303 1)
(135472 -115651 -60477.3 303 403 3)
(135483 99162.6 -88883.9 400 500 3)
(135487 -90459.2 12944.6 238 338 1)
(135499 -981.802 -18344 377 477 1)
(135500 -78464.6 -106761 183 283 1)
(135503 -49198.1 -18227.3 13 113 1)
(135507 -49328.5 82450.5 596 696 1)
(135512 -23231.6 -116069 492 592 3)
(135518 61411.6 11998.6 245 345 1)
(135528 -14024.4 -111842 358 458 1)
(135538 -6984.04 -38334.4 144 244 3)
(135541 -117754 -26296.5 549 649 3)
(135550 -2969.77 -64505.5 276 376 3)
(135551 46374.5 -13252 455 555 1)
(135553 -2959.61 115548 173 273 1)
(135556 110614 21781.1 276 376 1)
(135558 -15005.8 129617 110 210 1)
(135562 -62276.4 -120840 168 268 1)
(135579 63331.1 -86420.8 52 152 1)
(135588 93551 64230.1 217 317 1)
(135590 -42134.7 100412 44 144 3)
(135594 -20059.2 69280.8 231 331 1)
(135600 -43187 -75491.6 1 97 3)
(135607 -101375 -122920 119 219 1)
(135614 -60349.3 -66598.7 127 227 1)
(135637 8121.94 8923.09 336 436 1)
(135638 -71375 86482 344 444 1)
(135646 25212 -99761.7 397 497 3)
(135648 60607.1 45074.3 130 230 3)
(135660 88654.8 1868.53 248 348 1)
(135661 -8959.19 -85821.4 325 425 1)
(135669 -61128.7 30876.6 387 487 1)
(135686 16403.9 -115872 168 268 1)
(135688 -60304.1 -52435.1 232 332 1)
(135701 81551.9 18985.6 413 513 1)
(135705 21197.3 12939.9 217 317 3)
(135710 -111540 -89619.7 190 290 1)
(135724 35319.6 -112948 603 703 1)
(135728 59391.7 97376.7 397 497 3)
(135751 -48306.6 -126965 397 497 1)
(135752 -37004 -61629.1 218 318 1)
(135764 -67315 102599 21 121 1)
(135783 94769 -58548.4 167 267 1)
(135796 -114573 114648 197 297 1)
(135802 3069.61 90527 119 219 3)
(135809 63497.8 -39413.2 517 617 1)
(135819 31192.1 -39387.3 328 428 1)
(135824 84583 78356.3 165 265 1)
(135828 4095.64 -68621.3 579 679 1)
(135833 73531.2 -104785 337 437 3)
(135836 115748 -17315.2 248 348 1)
(135843 69501 -27303.8 345 445 1)
(135863 -110737 14927.7 625 725 1)
(135901 -983.413 -73615.4 109 209 1)
(135904 -64331.7 -113900 402 502 1)
(135912 10165.3 117661 475 575 1)
(135914 48352.6 -140975 320 420 1)
(135928 38287.9 -23276.9 338 438 1)
(135931 95772.5 111673 510 610 1)
(135939 -66317.8 -105787 313 413 1)
(135944 93660.6 24126.8 31 131 1)
(135955 -57178.4 -39474.4 140 240 3)
(135957 122778 -144950 167 267 3)
(135959 -84407.7 -84570 24 124 1)
(135964 35287.1 -121789 437 537 1)
(135971 -7006.42 74338.4 408 508 1)
(135972 -81455.3 -73654.2 311 411 1)
(135974 60496 -57538.9 560 660 1)
(135995 -51289.6 -106881 542 642 3)
(135997 31341.2 101646 602 702 1)
