(82001 -92511.4 62299.2 233 333 1)
(82003 58573.9 26517 15 115 3)
(82005 36278.3 -20250.3 227 327 3)
(82007 31266.6 97485.1 361 461 1)
(82018 23253.7 11960.7 552 652 1)
(82021 71443.7 -135973 290 390 1)
(82028 -42183.6 -96679 316 416 1)
(82031 -20221.4 -42336.9 106 206 1)
(82035 -16016.1 -38413.7 537 637 3)
(82039 -3955.33 74336.4 95 195 3)
(82043 -61337.9 -18221.4 100 200 1)
(82048 105853 -15269.6 352 452 1)
(82049 47370.3 -83605.4 164 264 1)
(82055 70356.8 -131858 163 263 1)
(82059 -121744 -39412.7 452 552 3)
(82063 99580.5 -140010 117 217 1)
(82072 94566.1 -39337.1 44 144 1)
(82074 113842 -105880 545 645 1)
(82087 121848 23027.6 398 498 1)
(82088 82524.8 131566 43 143 1)
(82092 -88474.2 -23282.2 298 398 1)
(82095 -121629 -138915 126 226 1)
(82100 -99606.8 48179.7 343 443 1)
(82114 62528.6 99717.7 623 723 3)
(82117 -25097.7 12944.2 471 571 3)
(82136 -63253.5 -71556 449 549 1)
(82146 -56294.7 23026.3 399 499 1)
(82148 -81521 -10223.1 539 639 1)
(82149 -29249.1 43288.6 552 652 1)
(82150 25344.1 -84671.1 136 236 1)
(82154 -100725 -11275.5 627 727 1)
(82157 -54315 -31372.4 386 486 1)
(82168 -40263.7 -123824 3 103 1)
(82179 63456 14953.1 127 227 1)
(82189 73547.1 118622 341 441 1)
(82192 -72367.4 -120839 212 312 1)
(82196 23160.7 60234 73 173 1)
(82199 -18110 101546 455 555 1)
(82201 -89537.2 21007.1 426 526 1)
(82210 48379.5 -46505.6 178 278 3)
(82212 -13040.9 -147115 498 598 1)
(82214 -16002.3 94410.4 134 234 1)
(82222 -86419.4 -14064.2 4 104 3)
(82233 15344.7 -134893 620 720 1)
(82237 -45116.8 89446 352 452 3)
(82244 39366.3 12986.9 268 368 1)
(82254 42149.6 28140.5 181 281 1)
(82257 54371.6 -74628.4 192 292 3)
(82265 4080.74 -75611.1 373 473 1)
(82270 93749 34883.3 459 559 1)
(82276 -59250.6 80573.1 412 512 3)
(82279 37353 20045.4 167 267 1)
(82289 -38151.8 15970.5 47 147 1)
(82302 -120733 109612 499 599 1)
(82308 26439.3 -9183.27 270 370 1)
(82316 32351.6 -102667 16 116 1)
(82324 -1963.44 -79605.1 284 384 1)
(82334 11025.2 -97743.9 194 294 1)
(82352 -103607 67325.2 452 552 1)
(82355 -70345.1 -78570.6 149 249 1)
(82379 50382.9 -141130 525 625 1)
(82383 113785 57232.7 361 461 1)
(82392 1131.96 -76579.2 472 572 1)
(82397 -121797 -23267.8 534 634 1)
(82399 -57289.2 -74549 222 322 1)
(82413 -99621.6 -47432.9 435 535 1)
(82425 77572.7 40154.2 362 462 1)
(82431 67433 18963 366 466 1)
(82432 -62386.8 52260.1 308 408 1)
(82447 -67309.4 -55409.3 1 97 1)
(82449 28100.7 -29371.8 456 556 1)
(82458 -98515.5 -31289.6 195 295 1)
(82459 -124640 71343.1 187 287 1)
(82465 -114782 -114986 541 641 1)
(82468 -40177 -42368.3 125 225 1)
(82472 25824.9 -87786.4 628 728 1)
(82478 35310.8 -89773.9 564 664 1)
(82489 72454.2 110458 33 133 1)
(82497 51342.6 84362.8 171 271 1)
(82508 -6927.48 -6184.21 71 171 1)
(82516 -56256.4 -16229.9 67 167 1)
(82519 -28071.5 9861.93 440 540 1)
(82523 -48294.8 -34065 123 223 1)
(82525 58545.4 -97658.2 302 402 1)
(82530 -24075.6 -61584.5 155 255 1)
(82538 -24010.5 67342.7 496 596 1)
(82539 19215 -75686.7 606 706 1)
(82542 -22032.7 28014.7 29 129 1)
(82546 84621.5 98499.5 389 489 1)
(82556 49342.2 -65475.2 124 224 1)
(82562 29357.8 -130908 185 285 3)
(82564 24208.6 -6158.44 254 354 1)
(82576 -116709 -38414.6 448 548 -1)
(82577 36205.6 123572 137 237 1)
(82580 3077.15 -60453.4 190 290 3)
(82582 8345.9 -96679.9 619 719 1)
(82584 -119763 -132969 541 641 3)
(82585 2114.06 56160.7 85 185 1)
(82586 -79451.2 -55497.3 414 514 1)
(82596 -61307.5 -5150.84 271 371 3)
(82601 5113.61 -136112 607 707 1)
(82604 38348.4 -60501.8 330 430 1)
(82608 -58284.3 -30329.7 314 414 1)
(82610 -85460.6 -43418.8 279 379 3)
(82612 -52299.6 124562 512 612 3)
(82616 72486 -20211.9 46 146 3)
(82620 19262.8 -116908 524 624 1)
(82628 8177.28 -29351.7 144 244 1)
(82632 -58304.8 -93710.2 320 420 1)
(82637 90623.5 147037 491 591 1)
(82641 -58306.2 -56279.8 69 169 1)
(82644 -64436.2 -117864 449 549 1)
(82648 122922 -147982 321 421 1)
(82657 40267.4 -121762 24 124 3)
(82658 -62397.4 -109064 408 508 1)
(82666 56459.4 -143155 582 682 1)
(82672 -23080.2 94479.9 417 517 1)
(82683 -56339.3 31108.4 401 501 3)
(82690 -96611.4 -142076 475 575 1)
(82695 -22213.2 61257.5 542 642 1)
(82697 36348.9 -116899 268 368 1)
(82700 113034 -91677 625 725 3)
(82706 -79489.1 104543 499 599 3)
(82710 91529.4 -3165.68 84 184 1)
(82717 -14032.3 -19289 625 725 1)
(82723 36330.2 118553 177 277 1)
(82733 72499.6 58298.3 558 658 1)
(82736 28267.2 13906.9 629 729 1)
(82741 -16050.1 -66618.9 572 672 1)
(82742 -78314.6 -115779 258 358 1)
(82744 84653.4 -78696.2 574 674 1)
(82747 -59387 -29324.8 626 726 1)
(82764 -50223.1 -53526 466 566 3)
(82765 85588 -21234 486 586 1)
(82770 -76334.2 -74572.9 336 436 3)
(82773 77417.9 142768 157 257 1)
(82775 -13998.8 57235.2 96 196 3)
(82782 10176.7 -82717.9 316 416 1)
(82787 -36142.7 18999.9 201 301 1)
(82790 55264.5 101409 171 271 1)
(82791 73476.9 -117781 110 210 1)
(82799 -33143.2 -22264.4 484 584 1)
(82801 -37336.3 21180.4 384 484 3)
(82805 -25805.3 146866 159 259 1)
(82808 78580.2 -149084 373 473 1)
(82810 115894 30184 510 610 1)
(82828 -21001.6 -80763.3 559 659 1)
(82836 -84516.8 -137047 382 482 1)
(82837 21144.8 28066.4 486 586 1)
(82839 -26068.2 42095.9 1 94 1)
(82852 -24074.8 27032.5 74 174 3)
(82861 113595 5747.78 133 233 3)
(82870 -57292.1 -41368.4 75 175 3)
(82875 50293 -136847 1 96 1)
(82883 -122783 41105.6 448 548 1)
(82886 -105661 2841.39 510 610 1)
(82889 2091.33 127368 20 120 1)
(82893 -32148.6 -64563.9 445 545 1)
(82895 -112639 -84662.3 585 685 3)
(82898 -38139.5 32940.1 98 198 3)
(82899 -21046 5866.96 85 185 3)
(82906 98627.5 35079.8 76 176 1)
(82914 -92476.7 -83716.4 181 281 1)
(82923 -11003.8 -130809 18 118 1)
(82930 -84405.2 134699 79 179 3)
(82931 90490.6 -42209.9 33 133 3)
(82939 93785.1 74360.2 533 633 1)
(82942 124820 -127881 130 230 1)
(82953 -8698.59 -144217 347 447 1)
(82956 93795.3 -65637.2 557 657 1)
(82959 111771 -41385.9 144 244 1)
(82964 -13038.2 98548.1 274 374 3)
(82965 -23186.9 -79584.2 250 350 1)
(82969 -14027.5 -6175.36 356 456 3)
(82974 -70311.1 -59628.1 563 663 1)
(82980 96653.5 116569 270 370 3)
(82986 95581 -110729 62 162 1)
(82987 -12047.9 -47496.2 595 695 1)
(82998 -59297.4 -79670.5 225 325 1)
(82999 31268.1 -123793 7 107 1)
