(178002 -20028.7 -55470.9 405 505 1)
(178003 -102494 -79534.2 3 103 1)
(178004 10098.6 -85721 489 589 3)
(178009 30266.8 -32360.6 473 573 1)
(178012 -100401 -40281.3 74 174 1)
(178015 22193.8 -64563.7 588 688 3)
(178018 -65332.9 -40365.7 390 490 1)
(178027 -881.997 68364 430 530 1)
(178041 82637.6 67308.9 569 669 1)
(178048 -94621.7 -90841.6 616 716 1)
(178055 -9994.61 -76556.8 138 238 1)
(178057 18086.4 40971.9 585 685 1)
(178059 -66442.1 -75725.4 450 550 1)
(178065 -106438 111515 5 105 1)
(178066 -19092 28051 563 663 1)
(178068 -11991.9 140699 168 268 3)
(178075 -1937.08 31099.5 348 448 3)
(178079 50256.6 -106846 287 387 3)
(178084 8994.45 114611 401 501 3)
(178093 -7004.53 59276.2 224 324 1)
(178095 5105.17 -45447.5 526 626 1)
(178099 31155.8 -28323.1 28 128 1)
(178100 -39434.2 -63790 398 498 1)
(178105 -29299.9 42188.2 560 660 1)
(178108 62394.2 -47367.6 31 131 1)
(178109 38213.2 -122.686 97 197 1)
(178129 73488.2 123516 117 217 1)
(178134 -10119.1 -59464.1 170 270 1)
(178136 57507.8 -114951 575 675 3)
(178141 -38183.4 -45465.9 581 681 1)
(178144 8121.14 40091.7 582 682 1)
(178149 -38180.4 780.689 237 337 1)
(178153 78654.4 60304.2 538 638 1)
(178156 58382.6 -60460.9 83 183 1)
(178168 -19178.6 16905.4 472 572 1)
(178177 90602.1 -34230.7 157 257 1)
(178188 -80483.3 -36365.4 448 548 1)
(178189 -53249 43132.4 130 230 1)
(178199 45433.8 -17014.7 185 285 1)
(178201 95733.2 119563 467 567 1)
(178211 -83492.3 -107828 422 522 1)
(178214 -52233.1 -114730 100 200 1)
(178232 34106.6 -5116.16 61 161 1)
(178233 51363.6 78324.9 305 405 1)
(178234 74405.6 912.213 250 350 3)
(178240 60377.9 -93642.5 45 145 1)
(178246 -112583 -38411.3 221 321 1)
(178266 10523.9 -119618 505 605 3)
(178274 36302.8 -92810.4 538 638 3)
(178279 4180.22 132953 529 629 3)
(178282 82572.4 -54442.2 292 392 1)
(178283 35381.9 -10293.4 242 342 3)
(178285 71516.7 -127134 607 707 3)
(178289 -45236.8 -17264.6 488 588 1)
(178294 -25146.5 -123943 439 539 1)
(178301 -6977.2 -20284.3 569 669 3)
(178303 79625 24041.9 588 688 3)
(178315 -85534.5 -51510.7 609 709 1)
(178317 -112590 -10185.4 165 265 1)
(178323 -43190.2 -128880 235 335 1)
(178328 59340.6 -26342.7 2 102 3)
(178330 -117706 -17123 451 551 1)
(178334 33307.1 -71623.5 498 598 1)
(178336 -21180.4 -12238.8 417 517 1)
(178343 -106619 -63536.6 373 473 1)
(178348 -24102.8 -101843 550 650 1)
(178349 47394.9 15972.1 522 622 3)
(178352 29480.8 -77711.8 442 542 1)
(178355 -45158.2 110488 53 153 3)
(178359 -109622 101503 386 486 1)
(178372 -16075.5 31044.9 447 547 1)
(178386 20100.5 127626 367 467 3)
(178387 117703 20007.4 163 263 1)
(178395 42316.7 90455 241 341 1)
(178401 -18049.6 -32320.8 239 339 3)
(178417 -65335.8 2931.68 188 288 3)
(178419 -40114.3 28191.8 239 339 1)
(178428 101976 -130943 214 314 1)
(178433 116766 -65638.7 182 282 1)
(178438 -11067.5 30085.5 450 550 1)
(178440 -14025.1 -149988 131 231 1)
(178441 -10983.4 -119772 268 368 3)
(178449 -76497.4 -13262.8 539 639 1)
(178460 -29183.1 135808 466 566 1)
(178464 -21103.6 -141042 463 563 1)
(178465 -36165.2 -2167.64 481 581 1)
(178477 7124.94 -126978 379 479 1)
(178479 64442.7 98457.7 253 353 1)
(178485 -4986.96 -63547.6 608 708 1)
(178487 16148.7 -48381.8 67 167 1)
(178492 36234.1 -11229.3 428 528 3)
(178499 2083.71 -64457.9 56 156 3)
(178513 -43097 -32460.8 541 641 1)
(178529 106739 -50564 538 638 1)
(178531 39322.8 -121908 336 436 1)
(178537 -71427.2 41921.5 174 274 3)
(178539 -117817 139827 562 662 1)
(178543 -17030.4 -2123.24 10 110 1)
(178544 -73359.1 -19233.4 17 117 1)
(178545 29240.9 -123950 426 526 1)
(178552 67586.4 119751 357 457 1)
(178553 -78459 12956.8 379 479 3)
(178554 99645.8 147809 282 382 3)
(178567 -113705 -67605.8 514 614 1)
(178579 -27940.6 -74553.6 173 273 1)
(178590 48303.6 116511 29 129 1)
(178594 -9988.52 -87498.4 361 461 1)
(178596 68386.1 127687 297 397 1)
(178613 71486.1 -96744.1 296 396 3)
(178616 -7950.8 90602.3 540 640 1)
(178617 59445.9 -127923 168 268 1)
(178626 18251.7 41109.2 349 449 1)
(178628 88626.1 66243.2 151 251 1)
(178638 46319.3 -77558.4 134 234 3)
(178644 -61296.3 5890.77 279 379 3)
(178650 -117763 69352.9 536 636 1)
(178655 47420.4 104670 425 525 1)
(178661 -85339.7 143314 28 128 3)
(178662 -7961.21 -136117 621 721 3)
(178665 -8003.92 -81546.6 1 95 1)
(178667 21201.6 -56573.1 155 255 1)
(178674 -47305.3 52254.6 503 603 1)
(178675 -11912 76395.2 412 512 1)
(178679 -22099.8 -154.375 521 621 1)
(178687 30205.7 56291.5 486 586 1)
(178693 51.5076 -89732.8 447 547 3)
(178695 65466.3 95482.1 343 443 3)
(178697 -92543.8 -9219.08 424 524 3)
(178714 -97637 -95793.1 524 624 1)
(178716 -70362.7 -11115.9 350 450 1)
(178728 -63311.9 122584 171 271 1)
(178742 -54394.6 123529 192 292 1)
(178746 40234.1 -119689 432 532 3)
(178751 -26990.2 -90523.5 134 234 3)
(178755 97644.2 58228.4 223 323 1)
(178757 107636 -89910.2 235 335 1)
(178762 -8987.68 -48390.1 216 316 3)
(178763 -80480.6 41145.1 544 644 1)
(178771 -86506.4 -81745.7 422 522 1)
(178778 -122576 -10159.9 27 127 1)
(178781 69567.4 79035.4 41 141 1)
(178783 -26089.5 20998.9 56 156 1)
(178797 -16782 -134169 520 620 1)
(178798 30246.2 94553 16 116 3)
(178800 -20146.5 -3204.04 445 545 1)
(178803 22269.9 -8141.52 316 416 1)
(178804 76618 -54532.4 599 699 1)
(178805 -949.814 -73500.3 5 105 3)
(178808 11152.6 -119849 264 364 3)
(178815 -60291.1 -66513.2 165 265 1)
(178819 10162 -105872 466 566 1)
(178822 -111736 -86747.6 570 670 3)
(178823 -62446.3 -114994 359 459 1)
(178832 116821 -53461.4 379 479 3)
(178860 79390.4 69135.4 146 246 1)
(178862 -117600 79302.2 90 190 1)
(178872 103815 -116032 525 625 1)
(178899 -16030.1 -53519.6 585 685 3)
(178901 52422.7 -102839 513 613 1)
(178904 63944 37602.6 394 494 1)
(178911 -1091.67 -96625.9 140 240 3)
(178924 -53234.6 10911.4 208 308 1)
(178925 -91514.7 -64548.9 334 434 1)
(178932 64577.7 -26794 469 569 1)
(178948 -63315 -57560.3 483 583 1)
(178949 46419.2 -25289.6 320 420 1)
(178950 12255 -54502.4 531 631 3)
(178974 15068.6 40143.9 140 240 1)
(178975 -39162.9 -75527.2 9 109 3)
(178978 111637 -29315.2 143 243 1)
(178988 -60334.4 119715 480 580 1)
