(189005 24177 90437.8 179 279 1)
(189006 52405.8 -149120 473 573 1)
(189021 -56244.2 40114.8 36 136 3)
(189022 -21137.4 -57455.2 179 279 3)
(189029 38317.7 -93756.6 442 542 1)
(189031 -107493 49262.3 269 369 1)
(189032 88616.4 116635 372 472 3)
(189046 -36195.5 -76680.9 584 684 1)
(189054 -39237.7 88322.2 335 435 1)
(189055 -33151.4 -127028 542 642 1)
(189062 12182.8 123769 615 715 1)
(189067 58415.2 120567 289 389 1)
(189071 -65582.3 137712 595 695 1)
(189083 74585.3 111369 340 440 1)
(189087 -19063.2 -54352.4 134 234 3)
(189088 41684.3 -93667.5 358 458 3)
(189094 43314.3 -140948 74 174 3)
(189095 14173.2 -51497 528 628 1)
(189098 -34134.9 134716 358 458 1)
(189099 -90557.7 -31364.6 580 680 1)
(189103 -30828.1 44192.7 280 380 1)
(189105 -79518.7 -55498.4 439 539 1)
(189107 -81289.9 139635 198 298 1)
(189108 34041 27054.9 153 253 3)
(189116 -2821.1 -26291 616 716 1)
(189124 10968.9 -58457 329 429 1)
(189143 -34127.4 -131172 457 557 1)
(189145 123867 -40428.1 160 260 1)
(189147 86557.8 -57504.3 549 649 1)
(189156 19172.7 -111772 136 236 1)
(189158 40381 -58453.2 323 423 1)
(189160 82474.7 -99709.2 264 364 3)
(189161 30172 -24403.3 433 533 1)
(189185 -16056.8 -57439 413 513 3)
(189210 -76433 -156.313 386 486 3)
(189214 -66262.7 77342.5 23 123 1)
(189235 3121.81 132777 546 646 1)
(189242 15166.2 148855 252 352 1)
(189250 -39372.6 16705.2 157 257 1)
(189275 122864 -138089 49 149 1)
(189276 30274.4 -89772.2 533 633 1)
(189278 -7980.03 -51543.6 415 515 3)
(189279 -92555.5 -22267.2 264 364 1)
(189293 -111548 6921.2 40 140 3)
(189294 -9995.92 -77578 222 322 1)
(189295 95719.8 -55446 275 375 3)
(189301 15188.1 -81727.7 620 720 1)
(189303 -57312.4 -77625.6 462 562 1)
(189304 33244.3 -60460.2 110 210 3)
(189310 111557 148963 383 483 1)
(189328 37241.7 -60502.6 377 477 1)
(189334 -93523.2 30065.7 465 565 1)
(189337 68448.9 127640 295 395 1)
(189340 -33166 -70653.5 589 689 1)
(189344 16188 -36130 607 707 1)
(189347 -25105.1 21083.6 420 520 1)
(189354 -67163 -34610.5 480 580 3)
(189355 8129.2 -55507.5 458 558 3)
(189362 53389.8 -141977 211 311 1)
(189363 -63366.5 23016.8 333 433 3)
(189376 -7994.97 -138156 611 711 1)
(189377 114693 -28275.2 98 198 1)
(189387 -124642 43123.5 97 197 1)
(189390 67518.8 39119.5 358 458 3)
(189405 11975.8 -71528.3 58 158 1)
(189409 -61271.8 86343.1 116 216 3)
(189420 76493.6 147750 194 294 3)
(189427 -46265.3 73133.8 226 326 1)
(189429 120720 -52319.3 149 249 3)
(189435 117890 85527.7 186 286 3)
(189436 1070.16 -99721.6 265 365 1)
(189441 -111718 -35396 602 702 1)
(189451 61442.9 4918.18 280 380 1)
(189453 -911.685 -57496.7 324 424 1)
(189456 14290.9 68273.7 449 549 1)
(189460 75507.8 -60475.8 244 344 1)
(189491 9304.04 77435.4 555 655 1)
(189493 -9952.39 -49462 298 398 1)
(189496 18164.7 7923.17 470 570 1)
(189498 -48245.3 64274.5 139 239 1)
(189500 1065.03 -40369.1 213 313 3)
(189503 -55276.5 -50426.8 204 304 3)
(189508 99682.1 -115856 345 445 1)
(189510 -43071 -136003 11 111 1)
(189522 75490.1 20987.4 163 263 1)
(189527 74523.8 106648 259 359 3)
(189531 15507.3 -133807 467 567 1)
(189544 16150.4 113521 306 406 1)
(189545 109764 -80651.1 416 516 3)
(189546 45356.3 109551 260 360 1)
(189547 12145.2 67272.5 145 245 1)
(189549 -7004.2 74223.5 351 451 1)
(189553 12120 -17271.5 201 301 1)
(189557 -3901.09 -82777.6 322 422 1)
(189558 9122.14 -134975 355 455 1)
(189568 -45311 -18227.4 435 535 1)
(189576 88669.2 54207.9 538 638 1)
(189579 -113578 -87638.8 7 107 1)
(189582 -77304.7 -113800 622 722 1)
(189597 33336.1 -107845 232 332 3)
(189600 85603.8 2882.1 520 620 1)
(189603 72457.3 -73494.6 56 156 1)
(189611 34227.6 -113723 6 106 3)
(189612 -80340.7 98574.5 110 210 1)
(189616 121742 -96631.5 11 111 1)
(189617 124956 36067.7 611 711 3)
(189620 -10050.2 -83720.3 539 639 1)
(189622 -68330.1 -9166.69 124 224 1)
(189628 -27080.7 -18209.6 296 396 1)
(189629 -30103.3 -46341.8 405 505 1)
(189632 117738 26134.9 426 526 1)
(189640 -38251.3 -75719.3 541 641 1)
(189652 -47236.2 -95725.2 312 412 1)
(189658 -103519 58196.3 143 243 1)
(189663 98637.2 -22344.1 77 177 1)
(189665 -17937 49942.2 56 156 1)
(189670 4031.51 -149.041 165 265 1)
(189675 88549.7 -94809 395 495 1)
(189686 33438.3 -143106 200 300 1)
(189689 -51276.2 10919.2 441 541 1)
(189696 -116769 27087.7 573 673 3)
(189701 -5988.22 -11252 512 612 1)
(189718 70567.3 126724 583 683 1)
(189721 -1882.44 -58406.8 621 721 1)
(189727 -109473 -125799 86 186 1)
(189730 63600.6 91720.2 553 653 3)
(189741 -106637 -87518.4 62 162 1)
(189747 -94505.4 -38337.1 167 267 3)
(189752 26174.7 -115907 541 641 1)
(189754 43340 34136.1 482 582 3)
(189756 -79412.4 -28313.6 256 356 1)
(189757 -78553.5 -13067.5 493 593 1)
(189765 36280.6 115574 189 289 1)
(189766 -59342.4 -59552.6 509 609 1)
(189767 96578.1 -4107.25 26 126 1)
(189769 99823.9 -11183 596 696 1)
(189775 62418.5 35083.9 187 287 1)
(189776 43231.6 146780 220 320 3)
(189778 -81714.6 66486.1 66 166 1)
(189785 -41190.5 -41372 64 164 1)
(189791 2979.98 149512 366 466 1)
(189794 -843.58 75339.6 428 528 3)
(189805 120149 -42418.8 471 571 1)
(189814 -6172.25 -35501.8 487 587 1)
(189817 -102510 -69511.8 80 180 1)
(189822 -5984.6 -37343.4 626 726 1)
(189823 88814.2 116542 152 252 1)
(189824 -112637 124644 315 415 1)
(189827 -36163.4 -28264.7 44 144 1)
(189829 10.1513 -20244.3 384 484 3)
(189834 16200.3 -114867 382 482 1)
(189839 83630.9 -115931 515 615 1)
(189843 84760.8 -46482.9 599 699 1)
(189852 -26150.8 -63504.4 307 407 1)
(189870 73600.6 -78708.3 505 605 1)
(189871 29222.5 95428.5 457 557 1)
(189878 12109.8 31047.7 108 208 3)
(189879 -47205.8 -148060 342 442 1)
(189889 -49234.9 -65685.4 435 535 3)
(189890 103526 -29195.7 22 122 1)
(189898 37409.5 30036.8 69 169 1)
(189900 -73406.6 -69568.3 308 408 1)
(189911 81755 -55604.7 582 682 1)
(189912 39299.7 -147008 259 359 1)
(189916 -31155.9 -124890 248 348 1)
(189918 40278.4 -111.629 41 141 1)
(189919 -37253.5 -91693.2 383 483 3)
(189924 17069.4 9941 274 374 3)
(189931 70505 5907.34 533 633 1)
(189932 109697 69283.9 187 287 1)
(189935 -64352.9 72345.2 618 718 3)
(189941 -1952.44 -81564.9 78 178 3)
(189942 81465.6 67243.6 152 252 1)
(189945 95954.9 -55486.8 565 665 1)
(189946 -78376.6 -20238.2 165 265 1)
(189954 99624.4 -8149.86 202 302 1)
(189963 -39157.7 -87731.6 328 428 1)
(189967 -40157.5 96628.1 408 508 1)
(189971 -84500.6 -55503.6 475 575 3)
(189973 -115605 -28296.1 55 155 1)
(189977 117793 -111794 243 343 1)
(189981 74444.8 -95755.1 83 183 3)
(189982 42394.9 -89794.6 409 509 1)
(189983 119889 119567 390 490 1)
(189989 -87378.4 47353.7 258 358 1)
