(165002 31270.6 -32317.1 166 266 1)
(165021 -10567.6 -132436 578 678 1)
(165022 -69369.5 51189.2 188 288 3)
(165024 -35166.4 12914.6 260 360 1)
(165026 7112.56 -111842 363 463 1)
(165034 -19232.2 54914.8 69 169 1)
(165043 5004.1 -75614 293 393 1)
(165048 -32151.8 111568 71 171 1)
(165051 -48222.3 -135942 158 258 3)
(165054 -5035.69 27000.9 552 652 1)
(165057 48322.2 31080.9 163 263 1)
(165063 -117739 -81671.3 210 310 3)
(165065 -43176.6 2813.98 503 603 1)
(165072 -39147.4 -117882 365 465 1)
(165076 22231.9 62268.4 298 398 1)
(165086 -71496.3 50183.3 594 694 1)
(165105 6062.55 -117817 205 305 3)
(165111 -113681 -82688.3 472 572 1)
(165114 119845 -97778.8 403 503 1)
(165119 -108549 -19195.1 225 325 1)
(165135 -49258.9 -140087 465 565 1)
(165142 -5910.18 86357.7 38 138 1)
(165165 30208.6 -74493.6 180 280 1)
(165167 -29065.5 -5088.83 380 480 3)
(165172 31292.1 66323.8 545 645 1)
(165175 4094.94 -126986 49 149 1)
(165180 -49332.8 -10111 536 636 1)
(165184 -87443.7 114521 180 280 1)
(165189 1069.14 884.588 156 256 3)
(165192 75530 -45427.9 328 428 3)
(165199 -90437.1 135608 10 110 1)
(165200 70563.2 31097.6 392 492 1)
(165209 -60384.1 -22210.7 299 399 1)
(165213 21205.4 139711 271 371 1)
(165218 -19052.6 138630 43 143 1)
(165221 112736 -88655.5 243 343 1)
(165225 105835 105618 493 593 3)
(165231 -44250.1 71321 103 203 3)
(165233 4106.22 -81544.3 37 137 1)
(165238 -20103.6 137922 597 697 3)
(165250 68413.2 -101645 1 97 1)
(165254 -86417.5 119663 154 254 3)
(165257 30931.3 -9384.59 456 556 1)
(165263 -34064.8 -23202.1 42 142 1)
(165273 -28144.2 -133934 345 445 3)
(165289 -18047.6 22009 132 232 1)
(165292 93627.7 -59509.5 300 400 1)
(165306 -87492.4 -86679.7 355 455 1)
(165307 -17070.1 86494.4 422 522 3)
(165311 83675.4 140800 563 663 1)
(165312 12139.7 91514.4 628 728 1)
(165321 49333.5 -112783 179 279 1)
(165322 -21077.8 -27357.3 370 470 1)
(165332 -97628.2 148412 373 473 1)
(165336 -111640 -109776 223 323 1)
(165345 -52298.4 -105912 533 633 1)
(165346 -25100.7 8923.46 443 543 1)
(165354 -64348.5 -59469.3 235 335 3)
(165356 -33268.7 -23254.1 358 458 1)
(165366 -112734 11995.2 605 705 3)
(165378 -71253.3 7928.51 53 153 3)
(165381 -62362.9 -47403.1 16 116 3)
(165387 112751 -59480.4 262 362 1)
(165388 -66398.3 -9298.44 574 674 1)
(165400 -38192.4 -29328.8 369 469 1)
(165407 23203.6 -39421.6 340 440 1)
(165412 -8001.29 142720 268 368 1)
(165419 -112619 -116806 221 321 1)
(165427 60463.1 -70695.2 482 582 1)
(165441 -111641 133680 279 379 1)
(165462 2092.11 56226.5 560 660 1)
(165479 59422 1840.93 476 576 1)
(165483 32353.4 73379.7 514 614 1)
(165491 90665.1 43255.2 330 430 1)
(165503 -87459.6 -112829 239 339 1)
(165509 98619.1 -38342.9 128 228 1)
(165511 -104554 22015.2 55 155 1)
(165513 -8994.74 116586 319 419 1)
(165516 -15037.7 25036.8 84 184 1)
(165522 67626.7 101490 216 316 3)
(165525 -88524.3 -149016 155 255 1)
(165527 -48211.4 -134843 84 184 1)
(165543 -23069.6 -104693 77 177 3)
(165544 -114713 -55524.2 409 509 1)
(165553 -102390 -95015.7 339 439 1)
(165554 9121.55 -113780 160 260 1)
(165555 105403 53115.8 72 172 1)
(165558 -41215 -76491 5 105 1)
(165560 -73154.7 20831.2 32 132 1)
(165561 -19057.7 144819 466 566 1)
(165567 -42375.7 21883.8 353 453 1)
(165570 -50210.3 -125798 54 154 1)
(165581 -61691 8083.05 48 148 1)
(165584 -112664 25059.6 461 561 3)
(165585 -3959.72 -70736.3 469 569 1)
(165590 35283.6 20003.2 278 378 1)
(165592 31329.2 -143775 4 104 3)
(165598 -121723 111488 54 154 1)
(165605 -1911.95 -39397.2 447 547 1)
(165616 -121693 -113824 290 390 1)
(165619 -3129.23 -71839.5 208 308 1)
(165621 112405 -40532.8 176 276 1)
(165626 -22079 -63517.5 263 363 3)
(165627 22181.7 -9184.36 494 594 3)
(165637 -67673.2 -89562.6 358 458 1)
(165656 76687.5 -120038 496 596 1)
(165667 38294.6 -108833 458 558 3)
(165668 47410.2 -130928 278 378 3)
(165669 -24048.2 -145874 33 133 3)
(165678 17213.1 65437.9 578 678 1)
(165682 25275 70251.8 267 367 1)
(165686 38351.3 -56530.6 585 685 1)
(165687 81596 -118.093 427 527 1)
(165692 84950.3 134861 235 335 3)
(165702 65455.7 -23267.2 234 334 1)
(165703 -22057.3 -30321.2 197 297 1)
(165713 43395.5 -36427.8 417 517 1)
(165716 -42327.2 -70656.5 531 631 1)
(165717 73715.4 46239.5 571 671 1)
(165723 -52269.3 -34378.8 451 551 3)
(165724 -87517 57251.6 575 675 1)
(165728 95601.2 -17275.6 373 473 3)
(165732 92729.5 103596 626 726 1)
(165736 -33299.3 -28222.6 34 134 1)
(165740 83612 -136979 301 401 1)
(165744 90448.5 58710.3 116 216 1)
(165751 -42981.3 53732.4 386 486 1)
(165759 101720 -131980 372 472 1)
(165766 -56402.1 42430.5 127 227 3)
(165773 6985.46 -128946 206 306 1)
(165786 -49198.1 110508 71 171 1)
(165787 -63347.7 78371.7 306 406 1)
(165792 -28279.4 -59633.6 122 222 1)
(165797 23113.1 -124780 67 167 1)
(165810 18112.4 -68593.2 489 589 3)
(165812 -70303.9 -133761 54 154 1)
(165819 -72529.2 -15800.8 437 537 3)
(165826 72657.6 120640 610 710 3)
(165835 -121673 -96667.9 359 459 1)
(165836 38347.5 -105953 602 702 1)
(165837 -24096.6 -20212 364 464 1)
(165854 51397.1 -31319.6 265 365 1)
(165857 24195.2 -142927 144 244 3)
(165858 -16019.8 65287.5 495 595 1)
(165863 -43179.8 -133853 132 232 1)
(165867 -5005.77 34162.6 420 520 1)
(165869 116742 -52421.6 185 285 1)
(165870 31163.1 16950.8 315 415 1)
(165880 12161.3 79428.3 592 692 1)
(165882 17929.4 53404.4 357 457 1)
(165898 -102732 -31385.1 530 630 1)
(165912 -31155 -35384.7 578 678 1)
(165915 -109606 37074.2 131 231 1)
(165921 12249 -39375.8 456 556 1)
(165927 -2953.23 -104807 392 492 1)
(165928 95684.4 -98770.1 415 515 3)
(165941 -43196.1 -111704 19 119 1)
(165950 -59338.2 -2170.25 536 636 1)
(165953 -71346.4 -77510.5 18 118 1)
(165955 77497.6 -88596.6 142 242 3)
(165957 -38158 94536.5 569 669 3)
(165962 -106523 111483 13 113 1)
(165963 -5889.77 -97670.2 133 233 1)
(165975 102831 -135153 620 720 3)
(165993 20165.1 11943.8 128 228 1)
(165995 -108747 -23201 372 472 1)
(165997 -20237.3 -63189.7 317 417 1)
