(3001 -61935.2 -123132 252 352 1)
(3011 -4916.35 -82644.3 142 242 3)
(3016 17176.3 -131953 295 395 1)
(3020 40335.3 -90745.6 422 522 3)
(3022 -10997.7 -124762 360 460 1)
(3027 -80465.3 -93719.6 461 561 1)
(3031 -112697 -83728.1 428 528 1)
(3036 -23070.7 134604 2 102 3)
(3043 -120663 46460.5 206 306 1)
(3046 -9013.17 -95748.5 479 579 1)
(3058 -109818 -98598.2 175 275 3)
(3060 -98478.5 33244.7 188 288 3)
(3062 94572 93466.9 148 248 1)
(3064 81663.3 -48834.3 534 634 1)
(3072 -15037.1 -8196.6 426 526 1)
(3085 -32135.3 -8219.72 326 426 3)
(3089 98614.2 64253.3 184 284 1)
(3108 8099.38 -109837 410 510 3)
(3115 89586.9 -85614 171 271 3)
(3119 11121.3 -135013 317 417 1)
(3120 -49178.3 50065.4 474 574 1)
(3124 -95534.8 -46433.1 400 500 1)
(3145 43247.9 -148189 98 198 1)
(3151 -75423.9 18966.3 413 513 1)
(3153 -120788 -115976 621 721 1)
(3163 104771 -48472.3 479 579 1)
(3165 103791 -24318 593 693 1)
(3169 44738.8 -42731.4 450 550 1)
(3171 -114660 -118905 423 523 1)
(3184 -55850 870.347 1 93 1)
(3187 8147.72 -79646.6 400 500 3)
(3193 -45251.3 -72635.1 434 534 1)
(3195 5073.03 -95947.1 515 615 3)
(3212 -32127.3 -24253.9 450 550 1)
(3213 17212.6 -68451.2 259 359 1)
(3216 -32068.7 30068 41 141 1)
(3217 -118645 -42407.2 160 260 1)
(3219 48382 -77625.7 390 490 1)
(3220 -13998.5 -95735.6 257 357 1)
(3221 58554.2 -96868.2 511 611 1)
(3223 -63301.9 -84568.2 238 338 1)
(3224 -83499 45167.8 343 443 1)
(3232 -108586 -9168.13 228 328 3)
(3238 -98519.1 122508 465 565 1)
(3240 -67370.4 -86543.7 63 163 3)
(3241 -88276.4 -149169 584 684 3)
(3255 -17042.2 -105807 461 561 3)
(3256 -33134.3 -61456 98 198 1)
(3262 -64306.4 -4218.17 331 431 3)
(3263 43342.7 -45315.7 496 596 1)
(3264 120862 -82708.1 494 594 3)
(3272 109829 -88762 462 562 1)
(3274 -73381.4 10914.7 345 445 1)
(3277 -38193.3 -136107 589 689 3)
(3285 34262.6 38101.2 180 280 3)
(3290 -90450.6 -31141.5 213 313 1)
(3299 11140.6 -5342.8 541 641 3)
(3305 32297 -96834 614 714 3)
(3306 -14032.9 47104.1 261 361 1)
(3309 35312.1 -122988 552 652 1)
(3310 -75344.2 -117146 65 165 3)
(3311 90717.5 6897.81 483 583 1)
(3315 64516.7 -146171 588 688 3)
(3317 -9998.07 -13231.2 473 573 3)
(3319 -39183.6 -64492.1 71 171 1)
(3322 113711 -57272.7 483 583 1)
(3323 -112705 46168.4 523 623 1)
(3333 7104.32 62250.9 283 383 1)
(3339 -13879.3 -27435 55 155 1)
(3352 -65437.8 48238 593 693 1)
(3355 -115713 145782 374 474 1)
(3358 49386.2 142699 142 242 1)
(3363 -30448.6 43199.5 405 505 1)
(3366 -69312 -14182.4 223 323 1)
(3369 -44323 69169.5 252 352 1)
(3376 -11063.3 12815.3 500 600 1)
(3377 10117.3 -47372.6 92 192 1)
(3389 -113895 83460.9 40 140 3)
(3394 117760 148790 264 364 1)
(3397 -933.103 146806 466 566 1)
(3398 -37128.2 88368.4 108 208 3)
(3408 -80484.5 -111865 556 656 1)
(3409 -13014.3 -129012 626 726 1)
(3411 29301.5 31078.8 544 644 1)
(3415 87560.6 -133896 158 258 1)
(3421 8180.04 -147115 527 627 1)
(3422 -57430.4 51107.7 100 200 3)
(3426 80483.3 -42380.8 106 206 1)
(3431 -90483.6 -129010 371 471 1)
(3436 5207.54 -141996 428 528 1)
(3439 81619.3 17931.6 609 709 1)
(3442 30327.3 -47479.4 511 611 1)
(3450 77660.8 62218.7 478 578 1)
(3455 -65250.2 -71571 13 113 1)
(3458 50327.8 -118786 106 206 1)
(3463 107642 -128811 84 184 1)
(3466 -34132.9 10935.2 332 432 3)
(3468 -14042.2 -4193.35 511 611 1)
(3478 40367.2 -15127.4 257 357 1)
(3483 -12032.1 -109806 156 256 3)
(3498 -6911.46 -149684 40 140 1)
(3503 -8996.79 105647 450 550 1)
(3506 2027.83 -12206.6 355 455 1)
(3509 -64287.6 36949.8 424 524 3)
(3511 -59255.3 -57543 322 422 1)
(3516 63.8318 132715 188 288 1)
(3520 -46257.2 -102776 385 485 1)
(3521 4091.41 -44417.2 67 167 1)
(3530 -101554 -145091 552 652 1)
(3533 -58285.4 -1087.77 604 704 1)
(3536 -83468.1 102365 432 532 1)
(3556 22360.1 83479.6 496 596 1)
(3559 -22084.1 17980.2 607 707 3)
(3561 -934.649 -53368.6 104 204 3)
(3566 81401.6 -75800.9 521 621 1)
(3569 82590.5 -76639.3 355 455 1)
(3573 25261.9 11966.2 589 689 3)
(3576 -13038 -18240.9 545 645 1)
(3577 -21075.8 34091.9 498 598 1)
(3578 -57438.3 -120834 435 535 1)
(3588 3054.2 -125806 9 109 3)
(3590 94607.6 -29288.6 100 200 3)
(3591 -49254.6 40122 247 347 1)
(3597 39344.6 -34466.2 460 560 1)
(3598 29232.4 102506 262 362 1)
(3600 -109689 28984.4 594 694 3)
(3601 6611.62 -136792 260 360 3)
(3610 -13002 -30507.9 326 426 1)
(3616 32302.6 -119669 294 394 1)
(3625 -51098.2 48094 624 724 1)
(3630 51490.8 -76476.8 571 671 3)
(3633 -5957.99 -137870 76 176 3)
(3636 -1936.75 -106751 192 292 1)
(3642 -80459.5 -75651.4 321 421 1)
(3647 -65360.6 -87718.5 449 549 3)
(3651 85691.3 -39437.7 611 711 1)
(3658 -4943.95 882.322 141 241 1)
(3672 -100464 63191.4 132 232 1)
(3674 72558.5 -138002 368 468 1)
(3681 -12002.6 21012.1 319 419 1)
(3692 -71338.3 1902.39 27 127 1)
(3702 35320.5 71353.8 597 697 1)
(3706 -119678 143819 412 512 1)
(3710 -35161.3 -46426.5 333 433 1)
(3713 -100539 1849.84 309 409 1)
(3718 -85459.6 49178.7 240 340 1)
(3724 103612 98418.4 45 145 1)
(3728 -101574 -32276.5 305 405 1)
(3733 -88501.8 -114849 209 309 1)
(3735 -35175.3 -66468.3 33 133 1)
(3743 -55318.6 110620 527 627 1)
(3746 45338 109526 225 325 1)
(3752 -85073.3 -64518 37 137 1)
(3754 114701 -119789 139 239 1)
(3755 -106597 83349.6 291 391 3)
(3762 59282.2 -115786 114 214 1)
(3769 -14886.7 147840 255 355 1)
(3776 -104563 -28274.7 156 256 3)
(3783 35241.2 -140862 13 113 3)
(3793 35244.2 -28294.2 230 330 1)
(3801 -104537 60218.6 389 489 1)
(3806 -72414.8 -48488.5 552 652 1)
(3807 -47393.5 -9134.77 118 218 3)
(3810 -114605 -84456.7 39 139 1)
(3813 -44227 -45449.4 315 415 1)
(3818 -56262.8 -67502.2 122 222 3)
(3826 123804 -18231.4 226 326 1)
(3836 -48767.5 -19707.8 501 601 1)
(3837 -58320.4 -145138 519 619 1)
(3839 -78441.8 -57318.1 319 419 1)
(3840 79633.1 -138122 599 699 1)
(3861 -41158.3 -34405.8 254 354 1)
(3868 60435.7 51287.8 554 654 1)
(3871 45318.3 -100719 183 283 1)
(3872 63516.7 70449.6 572 672 3)
(3875 -44218.2 -108764 234 334 1)
(3877 63493.8 89435.7 449 549 1)
(3886 -52217.2 125620 232 332 1)
(3888 -90553.8 -142105 484 584 1)
(3891 82448.3 8870.26 464 564 1)
(3899 -84361.6 -20206.9 26 126 1)
(3901 -28131.6 125738 262 362 1)
(3907 86048.8 -98156.3 276 376 1)
(3935 -35328.4 27000.3 284 384 1)
(3936 17168.8 -41384.2 307 407 1)
(3943 1073.82 53216.8 487 587 1)
(3948 10171.4 95348.6 54 154 3)
(3949 86667.5 -36404.8 503 603 1)
(3967 -49330.1 97301.3 504 604 3)
(3970 66504.6 -2167.6 522 622 1)
(3971 83526.6 60309.5 477 577 1)
(3973 -55290 -56549.6 271 371 1)
(3979 96247.8 -14270.2 463 563 3)
(3982 -14070.6 30999.8 570 670 1)
(3984 61537.9 -5163.32 581 681 1)
(3987 -112673 80411.1 389 489 1)
(3989 24169.4 26016.6 49 149 3)
(3990 -60294.3 -22257.5 595 695 1)
