(49003 118939 -122003 620 720 1)
(49005 35243.7 -38338.8 177 277 3)
(49012 -18029.3 -46396.6 244 344 1)
(49015 45362 -67506 315 415 1)
(49018 90743.1 75394 459 559 1)
(49028 24496.1 -22323.6 426 526 3)
(49029 -99530.3 -117773 43 143 1)
(49033 93361.4 149391 373 473 1)
(49035 -3891.46 7768.22 104 204 1)
(49037 -104515 -27311.9 101 201 3)
(49038 -77446.9 24005.8 617 717 1)
(49049 1090.1 35083.9 153 253 1)
(49050 -41191.2 -9187.4 294 394 3)
(49067 -44211.8 -48441.1 257 357 1)
(49068 -48181.6 50173.3 216 316 1)
(49074 96559.8 -41332.1 1 96 1)
(49079 54451.4 66362.4 622 722 1)
(49081 -43249.3 14074 345 445 1)
(49085 -16162.1 -46573.1 538 638 1)
(49093 93946.6 83652.5 195 295 1)
(49095 -84568.4 -23274.2 102 202 1)
(49099 26254 -82714.3 547 647 1)
(49103 60285.4 45153.2 116 216 1)
(49110 -48574 -100449 348 448 1)
(49121 -81398.9 -38363.4 496 596 1)
(49125 -96455.7 -130957 359 459 3)
(49131 -117742 -92457.6 113 213 1)
(49135 -42168 130639 250 350 1)
(49145 49382.3 40110.6 339 439 1)
(49152 -85395.5 -82580.8 72 172 3)
(49160 11154.1 -3124.06 38 138 3)
(49161 35135.1 110571 360 460 1)
(49163 56374.1 -8171.67 89 189 1)
(49164 10149.3 -43369.4 85 185 1)
(49165 101723 108602 562 662 1)
(49174 -5936.03 -77525.4 105 205 1)
(49178 43373.7 -67560.2 330 430 1)
(49183 94673 107553 219 319 1)
(49185 3081.51 46158.5 23 123 1)
(49188 -104686 29074.1 556 656 1)
(49189 40316.5 -88703.9 393 493 1)
(49198 -114621 121657 403 503 3)
(49204 -29157.7 -96714 411 511 1)
(49205 -89505.2 2889.92 484 584 1)
(49217 103674 16971.9 222 322 1)
(49229 -102569 14952.2 153 253 3)
(49240 -35153.4 -40355.8 444 544 3)
(49243 26116.3 86509.9 353 453 1)
(49246 -56315.7 -56477.3 353 453 1)
(49248 22212.7 76323.7 73 173 1)
(49254 39298.7 -83638.4 407 507 1)
(49255 -57171.9 60245.1 263 363 1)
(49259 -15038 -54472.4 276 376 1)
(49265 -113499 -72503.7 106 206 1)
(49266 44443.3 138829 409 509 1)
(49278 -121732 24077.6 325 425 3)
(49286 19772.2 -64239 37 137 1)
(49289 -42226.6 -57532.4 374 474 3)
(49290 -7167.28 131391 31 131 1)
(49294 -84432.6 -44355.6 74 174 3)
(49299 -40153.6 -39359 163 263 1)
(49319 16184.4 -104838 358 458 1)
(49331 -62365.5 21002.3 590 690 1)
(49335 31283.9 132767 495 595 1)
(49338 -108531 -128901 125 225 1)
(49339 -37242.6 62258.4 519 619 1)
(49341 -22120.2 -25259.9 73 173 1)
(49344 -106702 -114854 375 475 1)
(49351 -56285 114614 39 139 3)
(49353 -46302.2 -61492.4 289 389 1)
(49355 53443.7 79451.8 391 491 1)
(49368 94672.2 8874.46 378 478 3)
(49374 -48269.9 27012.3 620 720 1)
(49380 -3957.2 37117 505 605 3)
(49381 -8998.64 -143033 312 412 1)
(49383 -95544 -109831 406 506 1)
(49385 57456.4 11964.4 511 611 3)
(49388 8127.66 -41078.2 408 508 1)
(49402 -89565.1 -76668.4 616 716 3)
(49410 31356.3 -52363.1 38 138 1)
(49431 -109708 36102.8 594 694 1)
(49432 -9972.33 -132157 551 651 1)
(49453 -64273.6 -57503.3 152 252 1)
(49455 61356.6 27896.4 42 142 3)
(49458 -17087.1 20963.7 461 561 1)
(49460 -121654 -126806 73 173 3)
(49472 117867 -142037 217 317 3)
(49473 10126.8 -29280.5 1 98 1)
(49482 40325.3 -15215.8 387 487 1)
(49500 -83587.8 -40348.3 450 550 3)
(49505 112843 -83723.5 537 637 1)
(49506 114791 -8166.47 326 426 1)
(49513 73500.9 72319.8 122 222 1)
(49514 68402.8 100482 7 107 3)
(49517 -42264.2 -92764.6 495 595 3)
(49528 -60321.5 98489.3 157 257 1)
(49535 -90437.1 120534 41 141 1)
(49542 39225.4 -7118.59 71 171 1)
(49553 -106542 -36377.9 499 599 1)
(49554 64475.3 -66536.2 326 426 1)
(49562 -57422.1 -30434.7 464 564 1)
(49564 49284.8 12040.8 129 229 1)
(49570 -115734 23959.6 588 688 1)
(49573 -25112.3 12977.1 168 268 1)
(49575 -86556 109611 586 686 3)
(49578 10146.4 87438.4 495 595 1)
(49589 -116701 -92742.2 426 526 1)
(49600 36027.1 41087.4 15 115 1)
(49601 9134.79 -27295.5 142 242 1)
(49603 -31169.5 144820 439 539 1)
(49613 -11392.2 21770.7 36 136 1)
(49617 -72379.5 -86641.6 239 339 1)
(49618 -77280.6 -8270.91 7 107 1)
(49634 -105643 124813 622 722 1)
(49638 56327.7 31027.7 187 287 1)
(49642 107636 -4129.04 269 369 1)
(49649 -106494 15952.9 13 113 1)
(49654 98728.2 -113976 620 720 1)
(49659 95756 -137138 583 683 1)
(49663 -937.436 -61553.8 614 714 3)
(49670 106654 -105911 479 579 3)
(49673 -27104.7 108660 179 279 1)
(49677 -31155.2 -68550.5 409 509 3)
(49684 -64232.9 -26226 34 134 1)
(49685 43404.6 34153.5 246 346 1)
(49686 44384.4 -126850 497 597 1)
(49688 -47245 -129088 601 701 1)
(49689 47430.6 -28349.4 478 578 1)
(49695 -109620 -146096 440 540 1)
(49700 33268.9 -116035 425 525 1)
(49703 57463.5 -61566.9 347 447 1)
(49708 -15049.2 -120952 599 699 1)
(49711 122848 112568 315 415 1)
(49714 -98620.3 -22171.9 130 230 1)
(49719 110747 -109827 250 350 3)
(49720 34278.8 -85567.2 134 234 1)
(49723 -34155.9 35096.5 375 475 1)
(49731 116880 -51504.7 586 686 1)
(49732 -36165.5 -24284.9 298 398 3)
(49733 122782 3849.79 417 517 1)
(49740 2076.01 25025.1 12 112 1)
(49750 17190.2 -109832 273 373 1)
(49751 47278 20987.3 348 448 1)
(49753 -111745 84426.7 264 364 1)
(49762 107754 -73496.1 121 221 1)
(49767 10095.6 66608.2 40 140 3)
(49772 82662.8 -2176.73 410 510 1)
(49787 -51249 86430.1 520 620 1)
(49791 -67377.5 -79687.5 484 584 1)
(49812 67544.3 -96679.1 256 356 1)
(49826 -9999.52 -31377.5 332 432 3)
(49833 39209.8 -22321 72 172 1)
(49835 -31116.4 -71530.3 109 209 3)
(49836 47331.8 53156.9 245 345 1)
(49837 7116.38 -44438.2 446 546 1)
(49838 -52271.3 -74660.7 386 486 1)
(49843 26289.6 3766.13 429 529 1)
(49852 -104571 -98715 244 344 1)
(49856 77963.6 -104660 152 252 3)
(49857 -105609 -94750.8 390 490 1)
(49859 72394.6 89417.2 70 170 1)
(49870 -70349.5 -115765 128 228 1)
(49875 -121712 121707 539 639 1)
(49877 26210.3 -7242.48 302 402 1)
(49887 -22946.8 -40465.3 286 386 1)
(49888 -80407 121592 163 263 3)
(49892 94603 21070 242 342 1)
(49898 5124.92 -88591.8 143 243 1)
(49905 -928.213 60250.1 417 517 1)
(49907 -10088.1 -53624.5 559 659 1)
(49921 -16046.1 -117942 505 605 1)
(49923 -23113.1 -77643.1 285 385 1)
(49946 67493.9 107564 417 517 1)
(49970 -5233.75 43179 5 105 3)
(49983 -118653 -82699.3 422 522 1)
(49988 -81390.7 62114.1 504 604 1)
