(115005 73418 -14174 41 141 1)
(115010 -6968.42 -6191.46 556 656 1)
(115021 35306.5 -71571.2 322 422 1)
(115022 111771 138826 480 580 1)
(115023 13090.5 -66468.7 202 302 3)
(115030 -10995.2 -59502.2 263 363 1)
(115032 118832 -6229.47 186 286 1)
(115039 17672.4 -42182.4 295 395 1)
(115048 20276 -35389.8 475 575 1)
(115062 -43083.9 20018.9 421 521 3)
(115065 80478.3 -123771 10 110 1)
(115078 -67335.8 -126802 24 124 3)
(115080 66511.7 102535 477 577 1)
(115092 -76375.5 86433.5 116 216 3)
(115093 63560.7 123860 484 584 1)
(115094 -787.411 -12159.5 165 265 3)
(115096 -98837.2 44311.2 92 192 3)
(115108 -74375.2 -32192.4 137 237 1)
(115138 -110698 65107.2 92 192 1)
(115143 -89809.4 62682.7 361 461 1)
(115144 55416.6 34071.1 311 411 3)
(115151 65370.8 141128 70 170 1)
(115152 30282.6 7899.3 601 701 1)
(115160 19532.2 -71611 166 266 1)
(115161 -98581.9 -117990 466 566 1)
(115168 -67395.7 -41454.4 517 617 3)
(115172 72810.3 85434.5 397 497 1)
(115180 64409.9 -135871 108 208 1)
(115181 -102212 -9228.2 480 580 1)
(115184 -87710.8 73492.7 229 329 3)
(115194 120743 -102711 163 263 1)
(115199 90434.7 129627 1 94 1)
(115201 58421.3 -77620.5 432 532 1)
(115203 -39061.5 -4018.19 311 411 3)
(115210 -39350.5 19021.9 319 419 3)
(115216 -561.226 -126228 377 477 1)
(115218 -121684 -128910 301 401 3)
(115228 -43252.9 -20366.8 614 714 1)
(115238 3089.84 90446.5 457 557 1)
(115242 -53296.3 -87748.4 547 647 1)
(115244 114876 -148213 610 710 3)
(115252 77768 74200.1 481 581 3)
(115255 59469.8 134791 574 674 1)
(115270 15162.6 18977.8 230 330 1)
(115272 -69167.7 134828 553 653 1)
(115275 -82344.8 -29222.6 23 123 1)
(115284 -82347.5 -61611.7 172 272 1)
(115287 88760.7 77411.2 605 705 3)
(115290 -88512.2 142783 377 477 1)
(115299 -38207 -52384.5 72 172 3)
(115301 117822 70364.7 625 725 1)
(115311 -114753 30027.4 501 601 3)
(115316 -80596.3 -124997 565 665 1)
(115319 -29132.4 16932 239 339 1)
(115321 -18145.8 -44522 537 637 1)
(115329 107734 72319.4 329 429 1)
(115334 -117718 -98787.9 514 614 1)
(115337 1064.31 106531 335 435 1)
(115339 -908.81 25059.4 262 362 1)
(115341 -103677 -48508.1 619 719 3)
(115345 -80459.8 -95718.7 227 327 3)
(115346 -17700.8 16736.9 502 602 3)
(115351 -26095.3 102526 290 390 1)
(115359 -10138.5 -97850.6 374 474 1)
(115368 79519.7 -54426.6 156 256 1)
(115375 123820 7938.77 213 313 1)
(115377 -17022.5 -58460.7 10 110 1)
(115378 -91484.4 8904.57 246 346 3)
(115379 -119704 10902.6 102 202 1)
(115385 -39156.8 148850 366 466 1)
(115387 -88437 73298.7 114 214 1)
(115390 99716.2 -115851 428 528 3)
(115396 -16063.3 -11194.8 153 253 1)
(115398 21237.1 -39373 482 582 3)
(115401 -73414 -119975 545 645 1)
(115403 -36117.8 5928.87 318 418 1)
(115405 -109611 -133951 317 417 1)
(115408 -9992.22 -74677 560 660 1)
(115418 -67277.5 -127875 330 430 1)
(115423 -104532 -74522.1 60 160 1)
(115450 -54145.2 74599.5 198 298 1)
(115451 93162.6 144400 252 352 1)
(115452 -111627 -23276.5 339 439 1)
(115466 57368.1 97421.5 70 170 1)
(115468 -22174.4 64298.8 373 473 1)
(115470 -40188.7 16969.5 138 238 1)
(115479 -25097.1 -122837 30 130 1)
(115484 4104.31 -26238.8 142 242 1)
(115487 -965.716 68328.4 467 567 1)
(115495 15978.3 -109218 592 692 1)
(115497 15235.1 -133020 365 465 1)
(115500 119764 -81628.3 64 164 1)
(115502 95648.7 36079.4 313 413 1)
(115503 -95432.3 78436.1 579 679 1)
(115516 -97511.6 -19230 220 320 1)
(115517 -57356.4 -38438.5 614 714 1)
(115523 -93512.4 -67646.5 350 450 1)
(115524 -107542 -91630.7 107 207 1)
(115527 -36246.1 -12237.6 494 594 1)
(115528 -14013.9 112507 133 233 1)
(115541 31227.8 -141142 465 565 1)
(115544 -35122.7 45148.6 76 176 3)
(115557 -93477.7 -83595.8 147 247 1)
(115559 -96519.8 10935.2 257 357 1)
(115561 -29396.4 -70562.3 575 675 1)
(115562 95705.5 -110831 293 393 3)
(115568 -102504 -96853.6 533 633 1)
(115569 64635.3 -4101.74 374 474 1)
(115576 92721.7 -41447.1 603 703 3)
(115578 -118709 -52514.1 479 579 3)
(115580 -81465 -70587 302 402 3)
(115587 -62452.4 7816.99 426 526 3)
(115588 -25093.3 -64613.8 519 619 1)
(115598 92522.3 -128922 224 324 1)
(115600 -102582 -60512.7 338 438 1)
(115608 -27123.8 -86768.7 628 728 1)
(115611 -5954.52 16970.4 315 415 3)
(115613 118685 -42341.2 126 226 1)
(115614 45323.3 106502 165 265 3)
(115617 32242 -144994 199 299 1)
(115619 -15053.5 -81752.1 566 666 1)
(115621 -17055.9 15969.4 452 552 1)
(115626 54412.4 -148074 369 469 1)
(115634 -21060.1 -48369.5 14 114 1)
(115638 -97524.2 -103770 253 353 1)
(115642 -933.15 -23301 541 641 1)
(115651 18403.9 -97827.6 206 306 3)
(115656 -122683 41118.9 238 338 3)
(115659 23299.8 -13123 24 124 1)
(115667 -25104.4 -33375.3 525 625 3)
(115668 19163.7 -54419.1 189 289 1)
(115682 -10992.9 33080.6 199 299 3)
(115684 -77374.3 52399.3 65 165 1)
(115685 -25099.3 -120812 167 267 1)
(115691 -49245.4 9984.73 494 594 1)
(115694 -62385.2 -106872 542 642 1)
(115703 -13006.1 53213 310 410 1)
(115707 -89565.4 7918.58 583 683 1)
(115713 -123788 86362.1 255 355 3)
(115717 92556.2 -142890 36 136 1)
(115726 -69340.6 -52480.5 232 332 1)
(115736 -14089.5 -4036.18 337 437 3)
(115739 -7996.97 73271.8 94 194 3)
(115744 -25100.9 86365.6 97 197 3)
(115755 -4936.83 -27276.8 579 679 1)
(115756 -63333.3 47203.9 159 259 1)
(115762 -61338.3 98552.6 495 595 1)
(115772 -7973.93 -25325.7 475 575 1)
(115776 72534.4 29037.7 438 538 1)
(115779 121699 131586 16 116 1)
(115781 -14027.2 -29287.7 77 177 1)
(115782 -924.682 45175.9 417 517 1)
(115783 113545 47230 131 231 1)
(115792 -76393.3 -71563.1 297 397 1)
(115794 -105549 -146973 213 313 1)
(115804 41217.6 -2205.18 186 286 3)
(115812 94735.9 126721 550 650 1)
(115832 32207.6 -30318.2 266 366 1)
(115836 -36208.3 135747 343 443 3)
(115848 -47238.3 -40382.3 218 318 3)
(115851 -11051.1 81171.8 117 217 3)
(115857 -60704 -14207.4 502 602 1)
(115868 -15973.4 -63498.9 134 234 1)
(115869 -34957.5 -123005 327 427 1)
(115871 -65382.7 61312.1 531 631 1)
(115890 -9976.79 -123870 319 419 3)
(115891 112628 -83402.5 153 253 1)
(115896 -110694 -9217.84 559 659 3)
(115897 -1972.31 -52454.4 104 204 3)
(115906 -89563 -36434.9 617 717 1)
(115914 -30093.7 -23238.5 37 137 1)
(115917 51425.6 -109798 228 328 1)
(115937 86558 -92665.8 149 249 1)
(115938 36311 -37390.6 482 582 3)
(115944 -101589 -87658.7 7 107 1)
(115948 96638.6 138671 171 271 1)
(115955 -116743 20000.9 470 570 1)
(115956 66430.2 53196.7 241 341 1)
(115961 -68350.2 -77596.4 212 312 1)
(115968 10131.5 -49379.7 259 359 1)
(115971 -111655 -124827 137 237 1)
(115974 -45055.1 -26123.6 286 386 1)
(115981 39097.8 -23182.2 510 610 3)
(115989 -112536 130593 75 175 3)
(115998 23240.4 -82745.8 550 650 1)
