(17011 85.4253 -71620.2 525 625 1)
(17018 -1870.41 -25152.6 611 711 1)
(17019 -16023.6 -29343.6 515 615 1)
(17024 -45265.6 147846 452 552 1)
(17037 -56191.7 111817 509 609 1)
(17045 -80398.8 53177.2 131 231 1)
(17047 88612.7 129642 299 399 3)
(17053 44337.8 -14253.8 556 656 1)
(17061 89601.7 -56445.6 167 267 3)
(17066 -9999.02 4873.12 625 725 1)
(17073 120888 -65598.8 477 577 3)
(17086 -32111.6 -976.083 216 316 1)
(17087 -45183.2 39091.3 280 380 1)
(17091 50381.5 -136052 285 385 3)
(17095 97565.5 876.765 94 194 1)
(17106 110706 48140 293 393 1)
(17110 72560 140826 545 645 1)
(17111 -104659 29052.1 540 640 1)
(17113 40507.8 63457.1 550 650 1)
(17143 124758 -57449.4 136 236 1)
(17154 68548.6 -51467.2 415 515 1)
(17157 -63421.8 -88703.6 409 509 1)
(17160 -886.455 -115915 393 493 1)
(17176 -109611 -15251.8 324 424 1)
(17181 113852 101496 510 610 1)
(17185 -117577 -69645.8 170 270 1)
(17186 -27085.5 28063.9 84 184 1)
(17192 120883 51195.6 229 329 3)
(17209 -30159.4 -102788 133 233 3)
(17212 -61407.6 34034.6 583 683 1)
(17217 44391.6 91575.4 155 255 1)
(17221 940.81 -112942 295 395 1)
(17226 -65356.1 67287.3 328 428 1)
(17231 -116717 -93769.2 520 620 1)
(17234 -121654 -132892 319 419 1)
(17237 27282.1 -121965 478 578 3)
(17242 -95739.9 -98877.5 571 671 1)
(17257 -15035.3 72268 292 392 1)
(17260 -58343.3 -9213.39 587 687 3)
(17262 -57312.2 69308.3 401 501 1)
(17265 64509.1 -115934 502 602 1)
(17271 -112650 -13354 48 148 1)
(17273 -71364.5 -92623.6 33 133 1)
(17283 53342.2 21997.4 23 123 1)
(17285 113739 -33327.6 257 357 1)
(17296 17161.7 70289.1 164 264 1)
(17297 113800 -70604.1 451 551 1)
(17298 23200.8 -45403.4 281 381 1)
(17301 -26074.1 -43352.3 175 275 1)
(17314 -20180.6 -48483.7 490 590 1)
(17318 91590.5 -14220.7 206 306 1)
(17320 -36133.5 16989.6 243 343 1)
(17323 -22053.6 874.24 45 145 3)
(17325 60.9239 -97653.3 66 166 3)
(17326 -86606.1 -15269 372 472 1)
(17331 -35234.7 -149159 534 634 1)
(17349 1078.64 32099.1 79 179 1)
(17352 -80484.5 131727 146 246 1)
(17367 13241.5 -101777 200 300 1)
(17371 94660.7 -77596.6 328 428 1)
(17374 31250.7 24022.6 454 554 1)
(17385 -67346.4 110647 530 630 1)
(17390 -60986.9 109684 259 359 1)
(17394 118908 26051.1 551 651 1)
(17400 -120574 -71588.1 75 175 1)
(17404 112742 113598 510 610 3)
(17405 70443.3 -28372.7 89 189 1)
(17417 -73422.1 -52519.2 243 343 3)
(17418 -45140.4 -11190.8 527 627 1)
(17434 -9984.1 -148934 68 168 3)
(17436 -94511.3 105560 230 330 1)
(17439 98624 2901.72 137 237 1)
(17447 -121609 27961.3 11 111 3)
(17449 34310 -82713.1 550 650 1)
(17450 38221.8 -73490.9 458 558 1)
(17452 -44288 109724 540 640 1)
(17455 14170.2 77374.5 355 455 1)
(17456 11023.5 30063.3 1 98 3)
(17459 -18064.7 -17308.9 591 691 1)
(17476 -18038.6 20003.7 456 556 1)
(17484 -65341.5 -65493.2 199 299 1)
(17497 24223.9 -67509.6 179 279 1)
(17498 57428.3 -60484.3 240 340 3)
(17501 96655.1 55359.9 608 708 1)
(17513 -60348.9 -26361.7 546 646 3)
(17515 37260.9 -86413.1 254 354 1)
(17516 -33214.3 -129029 482 582 1)
(17523 -32142.7 -71572.2 381 481 1)
(17525 -76372.6 -104561 130 230 3)
(17526 27324.5 54154.9 488 588 1)
(17527 53409.4 -74613.8 350 450 1)
(17532 -73472.3 98551.7 484 584 1)
(17535 -54272.4 115604 142 242 3)
(17538 -112565 -26268.7 100 200 1)
(17545 114750 30035.5 178 278 1)
(17548 -90395.4 112535 26 126 1)
(17551 -49241.9 -43373.1 218 318 1)
(17554 77524.1 -3741.35 369 469 1)
(17555 66531 -94779.1 563 663 1)
(17571 8206.85 -27303.8 425 525 1)
(17582 103822 -17392.3 433 533 3)
(17585 16442.7 -141958 542 642 3)
(17589 -30162.5 -131888 53 153 1)
(17590 -82419.5 148756 204 304 3)
(17609 34303 67314.3 489 589 3)
(17612 53351.6 -51596.9 131 231 1)
(17618 33326.2 21031.5 613 713 1)
(17621 24316.9 43085.8 549 649 1)
(17624 -8994.84 -63532.5 372 472 1)
(17634 12125.6 114576 378 478 1)
(17636 -16048.8 -22313.9 376 476 1)
(17645 69415.4 -15183.2 11 111 1)
(17646 -70436 46188 590 690 1)
(17649 -23142 5987.27 295 395 1)
(17652 52538.4 44139 25 125 3)
(17658 18102.5 80282.2 430 530 1)
(17662 82592.8 -141990 23 123 3)
(17669 14492.2 -70507.8 419 519 3)
(17670 34259.6 129653 222 322 3)
(17673 14176.5 -27366.4 549 649 1)
(17703 -119662 -10206.7 329 429 3)
(17706 -113633 -46461 312 412 1)
(17710 -23066 -115793 271 371 1)
(17719 -14031.1 56205.7 205 305 1)
(17731 -96638.6 146888 591 691 1)
(17733 103751 -37392 476 576 1)
(17742 22174.4 -119843 84 184 3)
(17743 -92436.2 11048.9 43 143 3)
(17745 -68402.2 4939.19 406 506 1)
(17765 -93641.3 128677 542 642 1)
(17789 -63395.5 -51503.2 472 572 1)
(17791 -52287.5 -68552.6 307 407 1)
(17804 -69351.6 21018.8 289 389 1)
(17827 24227.7 118447 253 353 1)
(17836 -15156.2 108504 23 123 1)
(17840 -92466.6 41138 594 694 1)
(17862 -59322.2 78401.3 585 685 1)
(17878 -16066 -53422 195 295 1)
(17879 -7059.87 69262.4 405 505 1)
(17889 68450.3 14075.7 206 306 3)
(17893 -107454 91286.6 1 100 3)
(17913 96729.2 -17293.5 536 636 1)
(17921 -70379.4 74312.5 321 421 1)
(17924 7126.54 90477.7 523 623 3)
(17927 24214.5 2965.84 129 229 3)
(17931 88663.4 142785 368 468 1)
(17932 25249.3 40144.8 550 650 1)
(17935 -79481.2 -100769 411 511 1)
(17938 -111610 126645 315 415 1)
(17946 56383.7 -62485.6 111 211 1)
(17951 -64770.5 -46339.3 628 728 1)
(17952 70403.9 8947.77 29 129 1)
(17953 41386 -130064 505 605 1)
(17955 -58354.5 -90751.9 291 391 1)
(17967 -94464.8 -80593.5 66 166 1)
(17968 -33182.5 -136769 1 101 3)
(17971 -7984.08 -18244.6 423 523 3)
(17975 -23860.2 -21361.2 350 450 1)
(17977 47375.6 -110802 397 497 1)
(17998 -119743 -47467.1 513 613 1)
(17999 16163.3 -114800 230 330 1)
