(1002 -78368.8 40080.6 1 93 1)
(1003 -123838 -24329.4 618 718 1)
(1004 121820 -92723.6 357 457 1)
(1005 73566.9 -59517.2 385 485 1)
(1011 -9961.94 25019.5 179 279 1)
(1015 41887.3 61254.1 128 228 1)
(1017 -54403.4 -82800.3 539 639 1)
(1019 65388 65228.6 120 220 1)
(1021 -25058.5 -54328.1 108 208 3)
(1025 30283 26039.2 120 220 1)
(1027 113927 -91795.6 605 705 1)
(1032 48420.2 2848.59 593 693 1)
(1048 23009 80295.8 23 123 3)
(1050 -44207.3 -54470.6 193 293 1)
(1056 57457.1 -33310.5 258 358 1)
(1059 122705 4909.18 78 178 1)
(1062 124001 68192.8 251 351 3)
(1064 -83495.4 57249.3 512 612 1)
(1073 -16280.3 127457 594 694 1)
(1078 -38206.4 -50424.2 185 285 1)
(1081 80631.2 53424.7 302 402 3)
(1085 -43281 32060.8 572 672 1)
(1087 30301.1 23026.6 600 700 1)
(1090 16177.7 -130757 1 94 3)
(1100 64.7303 -81634.3 313 413 1)
(1108 85544.5 -125.631 10 110 3)
(1109 94.4135 10935.5 584 684 1)
(1114 -113642 67249.5 504 604 1)
(1118 -103594 -100945 556 656 1)
(1125 -104609 -98824.4 361 461 1)
(1129 -15081 -57571.9 464 564 1)
(1130 6104.86 -41427.1 501 601 1)
(1141 84693.5 55252.3 611 711 3)
(1143 -37148 85344.4 216 316 3)
(1150 63390.9 -142913 140 240 1)
(1155 -52108.3 119607 94 194 1)
(1156 17167 109514 83 183 1)
(1159 108798 86540.3 526 626 3)
(1161 55398.5 -100723 158 258 3)
(1167 101049 42214.8 418 518 1)
(1168 -96128.8 70873.1 47 147 1)
(1175 30295.2 122688 528 628 3)
(1185 -10006.5 -72665.2 610 710 1)
(1192 31246 127803 595 695 1)
(1204 36322.2 86418.8 447 547 1)
(1207 -76320.5 -59416.1 201 301 1)
(1245 -49199.9 -67513.8 1 97 1)
(1246 82663.2 -93803.1 599 699 1)
(1252 23250.4 -70615.4 563 663 3)
(1253 22236.9 44172.1 605 705 3)
(1271 54366.7 -8195.05 395 495 1)
(1275 -4923.01 86444.6 203 303 1)
(1281 15104.9 -130113 482 582 1)
(1282 -6985.11 -39319.3 8 108 3)
(1291 38339.7 -105874 557 657 1)
(1292 -1932.72 -41381.6 328 428 1)
(1293 67546.5 -99829.8 494 594 1)
(1301 -4992.95 15926.9 288 388 1)
(1302 58381 118838 485 585 3)
(1305 -99620.5 -144024 304 404 3)
(1308 -44219.1 -53472.7 243 343 3)
(1311 -47208.4 -19126.8 417 517 1)
(1315 110730 -14215.5 467 567 3)
(1317 63455.7 -73588.4 313 413 1)
(1318 -84533.4 43161.9 310 410 1)
(1320 10156.5 -88753.8 476 576 1)
(1328 -26429.7 1980.13 317 417 1)
(1337 -17906.6 -145854 5 105 1)
(1347 -62220.5 -41514.9 500 600 3)
(1352 113781 13958.7 188 288 1)
(1353 -61185.3 -109832 488 588 1)
(1355 61465.8 39085.1 374 474 3)
(1359 23332.2 -117964 623 723 1)
(1360 -113625 29052.5 432 532 1)
(1375 -21089 -120864 489 589 1)
(1377 -122756 -23306.9 375 475 1)
(1379 -66468.2 28168.5 519 619 1)
(1388 -6979 13957.8 27 127 1)
(1395 -90424.8 -52388.2 1 100 3)
(1407 -67488.5 -41462 548 648 1)
(1425 -52261.4 13904.8 399 499 3)
(1427 -50209.3 -136834 4 104 1)
(1428 -109846 -84683.8 537 637 1)
(1429 82561.5 48149.3 586 686 1)
(1435 -12004.5 20986.6 509 609 1)
(1436 -51254.5 98493.1 408 508 1)
(1442 90616 77228.9 315 415 1)
(1446 -28153.9 -54550.5 616 716 1)
(1451 -100542 52213 436 536 1)
(1453 33324.6 50256.4 539 639 3)
(1457 -18086 5875.73 581 681 3)
(1472 110805 -3097.84 620 720 1)
(1475 -91546.8 -73640.5 537 637 3)
(1481 69458.3 43179.3 235 335 1)
(1491 -71432 -61479 241 341 3)
(1496 -65314.4 -3152.51 395 495 1)
(1500 -38249.7 8760 614 714 1)
(1508 -71465.8 -63467.6 516 616 1)
(1515 -66323.9 -74554.5 198 298 1)
(1519 -76517.9 72338.5 137 237 1)
(1522 -7991.14 40140.1 421 521 1)
(1524 73.0817 -50516.3 619 719 1)
(1539 -26178.4 15023.9 69 169 3)
(1540 17179.6 70225.3 556 656 1)
(1547 -25939.9 -84177.9 197 297 1)
(1548 67540.9 -79622.8 443 543 1)
(1557 96744.4 43159.6 538 638 1)
(1562 -76486.7 4173.54 1 100 1)
(1563 -37172.5 -140142 568 668 1)
(1571 113708 -65493.2 176 276 1)
(1576 51367.3 147681 76 176 1)
(1581 51356.1 -52400.8 110 210 1)
(1582 108632 21951.9 50 150 1)
(1585 89616.2 -85750.9 467 567 1)
(1593 30219.8 7924.72 35 135 3)
(1596 5089.93 -22307.5 512 612 1)
(1598 53420.7 -90877.9 32 132 1)
(1600 37269.2 -75619.5 371 471 1)
(1601 -83371.2 -14187.2 75 175 1)
(1607 44369.2 86216.2 623 723 3)
(1608 -21118.9 142926 234 334 1)
(1609 -87622.5 41185.9 508 608 1)
(1613 -11019 -177.777 582 682 1)
(1615 115656 -49806.5 594 694 1)
(1630 -56176.6 -114789 305 405 1)
(1638 -90559.4 65180.7 1 100 1)
(1660 38355.4 -18309.7 586 686 1)
(1666 -1923.97 -66585.5 341 441 1)
(1667 -89197.5 147046 359 459 3)
(1668 -59212.1 -29300.2 20 120 1)
(1672 -82427.9 127632 221 321 3)
(1677 -85463.8 -43416.9 320 420 1)
(1687 -16000.3 -116900 258 358 1)
(1695 39244.3 -35306 242 342 3)
(1696 -78479.3 84411.8 516 616 1)
(1698 -118670 71209.8 446 546 3)
(1706 68810.5 36962.5 609 709 1)
(1714 83502.7 18951.8 88 188 3)
(1715 29224.5 102443 78 178 1)
(1718 -43232.5 20991.3 428 528 3)
(1721 -53184.2 -90624.3 462 562 1)
(1722 31325.1 96520.3 381 481 1)
(1723 28211.4 14798.9 26 126 1)
(1724 52387.2 -118939 475 575 1)
(1726 -97375.3 -45419.2 55 155 1)
(1733 50422.8 -84737.9 554 654 1)
(1738 43322.2 -63643.4 479 579 1)
(1772 -119780 118794 614 714 1)
(1782 15186.7 -97844.1 595 695 1)
(1783 110838 -120980 493 593 1)
(1795 78574.4 -33513.1 229 329 3)
(1802 -8988.41 124630 180 280 1)
(1810 -9043.8 148785 204 304 1)
(1814 93681.4 21081.4 79 179 3)
(1821 -26096.5 25023 312 412 1)
(1841 -89511.7 -125002 456 556 3)
(1842 -57298.7 2869.21 586 686 1)
(1845 66510.4 -43444.9 363 463 1)
(1848 -119635 -20214 509 609 1)
(1853 -33064.9 -45495 340 440 3)
(1856 50317.9 21938.8 217 317 1)
(1864 50374.9 -3139.56 289 389 1)
(1866 -39076.4 -83738.8 555 655 1)
(1868 -1902.63 -45340.3 282 382 3)
(1870 -94589.4 140863 582 682 3)
(1876 2215.73 70437.6 516 616 1)
(1907 27162.2 -105664 1 101 1)
(1914 -22098 95501 425 525 1)
(1917 92573.7 71301.7 76 176 1)
(1925 -10957.8 -96813.4 110 210 3)
(1926 -41049.8 -122983 617 717 1)
(1929 -4940.58 79557.8 344 444 1)
(1931 4218.64 -70212.9 72 172 1)
(1935 -99570.2 71321.6 221 321 1)
(1939 -87555.7 -86761.8 569 669 1)
(1941 -20084.9 85387.6 140 240 3)
(1952 119910 137804 521 621 1)
(1957 80542 32024.5 282 382 1)
(1960 -6960.85 -39381.9 372 472 1)
(1967 -15061.4 -102892 498 598 3)
(1971 43312.7 134593 65 165 1)
(1973 -116952 10644.2 244 344 1)
(1977 54455.6 -50623.1 621 721 3)
(1981 79562.9 -14222.4 339 439 1)
(1983 -50244.8 62275.4 457 557 1)
(1985 -35075.3 -122927 509 609 1)
(1991 -18048.9 -91647.2 102 202 3)
(1992 -2943.98 -9152.56 588 688 1)
(1993 -4984.02 -111836 476 576 1)
(1997 57451.1 -53444.8 165 265 3)
