(37003 68569.1 -149171 550 650 1)
(37007 -12001.3 -79586.4 305 405 3)
(37015 -30100.5 146712 121 221 1)
(37029 -75514.3 99493.5 536 636 3)
(37030 -55283.9 -102753 313 413 3)
(37033 68440.9 -49415.1 254 354 1)
(37034 -45239.1 131892 417 517 1)
(37037 50378.5 -70595.8 424 524 1)
(37041 -70369.2 26056.9 187 287 1)
(37046 -24093.6 98541.6 380 480 1)
(37047 -74342.1 -58438.4 4 104 1)
(37063 39297.8 59206.4 1 93 1)
(37064 85607.4 73326.7 214 314 1)
(37065 -102640 -133849 259 359 1)
(37075 -8991.55 -68522.4 179 279 1)
(37080 49374.7 106509 179 279 1)
(37081 -83485.7 -81550.1 27 127 1)
(37083 22190.6 -83567.3 62 162 1)
(37087 110672 -101660 100 200 1)
(37090 71450.2 97477 464 564 1)
(37099 49361 81320.8 189 289 1)
(37103 15162.7 -55485.3 346 446 1)
(37107 134.478 -127814 200 300 3)
(37113 95699.5 89458.2 525 625 1)
(37118 56374.7 -94658.1 155 255 1)
(37129 43140.4 -63630.9 368 468 1)
(37132 3079.97 66287.9 300 400 1)
(37137 -101615 -66449.9 94 194 3)
(37138 7112.18 -6197.15 592 692 1)
(37143 -35223.5 -45490.2 626 726 3)
(37152 88618.6 63082.7 229 329 1)
(37154 -64349.5 -30303.5 383 483 1)
(37161 -68384.7 -30143.2 26 126 3)
(37162 -97665.9 67278.1 548 648 1)
(37172 -68270.4 -46450.8 413 513 3)
(37179 -54284.8 -96542.8 79 179 1)
(37181 37259 75342.8 83 183 1)
(37183 4089.59 -31746.5 422 522 1)
(37196 -18200.4 -15116.9 77 177 1)
(37200 -19068.4 20017.1 560 660 3)
(37217 -59248.7 -3195.78 435 535 1)
(37218 -26079.8 -27268.2 139 239 1)
(37231 85643.1 -25268.4 265 365 1)
(37237 -109726 122685 550 650 1)
(37242 105816 123690 435 535 1)
(37248 18156.4 -47364 174 274 3)
(37250 -67305.6 -35272 202 302 3)
(37251 27288 -46420.7 342 442 3)
(37253 4101.18 -127024 564 664 1)
(37255 -58308.5 -76629.5 511 611 1)
(37264 65452.7 -48392.9 194 294 1)
(37265 -114675 91432.7 396 496 1)
(37269 64425.4 -89767.1 374 474 1)
(37271 -77364.5 11645.1 11 111 3)
(37280 -87387.4 -66492.1 155 255 1)
(37281 -20893.9 10895.4 499 599 1)
(37283 51333.4 -140908 108 208 1)
(37290 -56270.8 107506 269 369 1)
(37299 -62375.8 -53415 320 420 1)
(37303 -97483.9 33070.9 70 170 1)
(37306 -19954.9 -114095 548 648 1)
(37307 -32120.5 -27263.9 16 116 1)
(37309 -88438.8 31053.8 92 192 3)
(37310 -42155.5 22104 539 639 1)
(37314 19190.7 -76602 319 419 1)
(37320 119822 -68564.2 353 453 -1)
(37322 38455 89390.9 561 661 1)
(37329 38239.9 109695 618 718 1)
(37334 -67358.4 -114758 157 257 1)
(37338 90717.8 3885.64 589 689 1)
(37339 -41329.2 125769 264 364 1)
(37340 -92530.8 -97764.8 396 496 3)
(37344 -82565.9 83400 613 713 1)
(37365 -19069.2 -45420.2 288 388 1)
(37373 55227.4 -91768.8 20 120 1)
(37374 -23110.2 86481.7 601 701 1)
(37379 97700.6 132731 393 493 1)
(37381 -20121.3 -37382.7 483 583 1)
(37383 -34064.5 84638.9 535 635 1)
(37387 -2941.81 57212.9 251 351 3)
(37389 -77472.5 -63588.9 570 670 1)
(37423 64509.9 73327.8 466 566 1)
(37425 60485.9 -40427.7 588 688 1)
(37428 -98522.8 30956.4 256 356 1)
(37429 -19005 -54471.6 33 133 1)
(37431 -86629.8 -60676.3 506 606 1)
(37432 1071.66 15979.9 51 151 1)
(37436 -114517 102628 130 230 1)
(37445 87767.9 -85490.8 174 274 1)
(37451 -75637.7 -61398.2 392 492 3)
(37454 78629.9 29065.3 591 691 1)
(37458 -102794 123833 573 673 1)
(37461 -90526.5 113603 352 452 3)
(37465 -78404.9 -147116 300 400 1)
(37466 72481.9 -4297.3 181 281 3)
(37467 -35261.2 -19395.2 511 611 3)
(37474 1986.89 52320.1 240 340 3)
(37478 87527.2 -77654.5 139 239 1)
(37484 -114516 -83722.4 189 289 1)
(37485 112729 -29229.6 249 349 3)
(37495 87563.4 -36332.5 346 446 1)
(37497 69573.8 140736 256 356 1)
(37501 -54235.9 -43342.5 19 119 1)
(37508 -95540.9 -37350.9 119 219 1)
(37518 42279 -89582.6 1 94 1)
(37532 -109609 13930.6 234 334 1)
(37540 88519.8 80292.4 19 119 1)
(37550 89497.7 -64914.8 626 726 1)
(37556 -66367.8 28047.4 406 506 3)
(37562 -67403.1 38030.5 314 414 1)
(37563 -63368 30068.7 276 376 1)
(37577 -50250.4 40100.1 212 312 3)
(37579 113832 -33369.7 594 694 3)
(37581 -122672 138632 139 239 1)
(37583 14134.9 148765 309 409 1)
(37594 10142 -148174 577 677 1)
(37596 1087.17 43094.6 421 521 1)
(37601 92571.2 10919.5 149 249 1)
(37602 27115 42059.1 361 461 1)
(37603 -62344.4 -99668.2 54 154 1)
(37605 -31165.3 -67629.5 564 664 1)
(37623 105834 -83671.8 253 353 1)
(37629 100665 79369.4 276 376 1)
(37632 -69341.6 48171 296 396 1)
(37635 -81462.8 32116 483 583 1)
(37651 102662 65269.9 144 244 1)
(37653 -10211.9 67172.7 31 131 3)
(37654 37057.9 -92544.3 209 309 1)
(37661 -39211.3 63311.6 628 728 1)
(37668 54341.4 -127792 21 121 1)
(37675 53357.9 -28295.2 215 315 1)
(37676 89560.7 -64506.1 160 260 3)
(37682 8180.27 -78560.5 410 510 1)
(37686 71565.1 12952.3 501 601 1)
(37689 75359 -6198.96 315 415 1)
(37692 -11001.3 124698 509 609 1)
(37693 19212.9 118704 403 503 3)
(37699 115914 -110817 346 446 1)
(37702 34324.4 -96772.7 383 483 1)
(37710 60457.4 -117118 549 649 3)
(37711 -7875.24 37085.8 327 427 1)
(37719 -106552 -99679.7 129 229 1)
(37729 -93289.2 -67652.5 160 260 3)
(37748 54289.6 -112909 473 573 1)
(37752 58487.5 116687 620 720 1)
(37755 -52242.1 -125009 591 691 1)
(37761 71510.1 3895.04 249 349 1)
(37767 -58312.4 -13209.8 366 466 3)
(37768 16057.5 -60289.9 229 329 1)
(37782 -31105.5 -23310.4 241 341 1)
(37787 -50129.1 -75570.9 54 154 1)
(37788 -11961 77416.6 290 390 1)
(37793 -14286.9 3608.48 155 255 1)
(37799 -76594.1 -17412.3 325 425 1)
(37803 84590.6 -19245.6 353 453 1)
(37811 -41471.1 -23476.5 57 157 1)
(37815 21207 -59541.8 373 473 1)
(37816 -25181.6 -59688.1 426 526 1)
(37817 -48272.9 -29361.7 621 721 1)
(37819 110642 42110.5 2 102 1)
(37823 -82418.3 129594 306 406 1)
(37824 -103516 11999.8 35 135 1)
(37825 5820.23 -15216.8 75 175 1)
(37829 68441 129667 64 164 1)
(37830 -25838.2 47261 419 519 1)
(37843 -44217.2 109541 329 429 3)
(37863 17252.5 -12294.1 155 255 1)
(37865 -4129.67 -14163.4 240 340 1)
(37872 109755 -9202.59 379 479 1)
(37881 -57359.9 -133082 606 706 1)
(37891 -76392.1 -2027.61 363 463 1)
(37899 -7991.79 -139060 118 218 1)
(37901 -17057.7 -98819.4 569 669 1)
(37902 122903 -123669 356 456 3)
(37904 20164.4 49153.2 99 199 1)
(37916 43374.9 86516 572 672 3)
(37932 41309.2 -123825 132 232 1)
(37933 -28144.2 -78717.8 480 580 1)
(37941 -39200.9 88466.4 339 439 1)
(37942 30301.4 -92791.3 526 626 1)
(37948 -17072.5 -58377.5 126 226 1)
(37949 -49267.8 57993.7 167 267 1)
(37958 39280.5 -24130.3 429 529 1)
(37961 90548.8 123613 58 158 1)
(37962 -118685 81353.4 238 338 3)
(37975 -68327.8 -25358.2 69 169 1)
(37979 -98675.4 127781 327 427 3)
(37980 -113636 85365.5 241 341 1)
