(193001 76338.8 30208.7 262 362 3)
(193002 -48243.3 -75594.7 78 178 3)
(193008 -108928 -124744 221 321 1)
(193011 8296.72 -46357.9 38 138 3)
(193013 -16038.2 -37338.8 53 153 1)
(193021 -115553 -143879 19 119 3)
(193024 -56285.2 -93991.3 481 581 3)
(193028 23205.5 -75518.8 175 275 3)
(193031 83523.6 108474 130 230 1)
(193032 66430.7 -131828 104 204 1)
(193052 -62238 148695 29 129 1)
(193057 29215.4 -53416.1 431 531 3)
(193062 76518.1 99528.4 267 367 1)
(193063 118687 -77536.8 20 120 3)
(193077 28191.5 35254.1 296 396 1)
(193084 -52159.8 -48413.8 294 394 3)
(193093 -96779.2 -76770.2 543 643 1)
(193094 -5859.8 -116071 615 715 1)
(193096 -76446.1 -89803.4 491 591 1)
(193111 -99367 71246.4 111 211 3)
(193126 -63282.9 -110778 104 204 1)
(193128 -5952.31 -132071 566 666 1)
(193132 16125.4 -52847.9 608 708 1)
(193151 -107582 49183.3 207 307 1)
(193156 -57310.3 -39405.6 495 595 1)
(193166 -108607 110605 422 522 1)
(193172 40032.2 25725.9 208 308 1)
(193175 -54048.3 77446.9 395 495 1)
(193183 117471 -116750 55 155 1)
(193188 -105745 138786 581 681 3)
(193189 -106563 -139763 89 189 3)
(193191 118843 63220.7 132 232 3)
(193215 -94533.5 17919.3 507 607 1)
(193216 81526.7 -43388.4 376 476 1)
(193218 15372.5 -124753 418 518 1)
(193224 -57365.8 65297.9 512 612 1)
(193226 -8850.43 -45362.1 199 299 1)
(193242 34255.1 -57476.1 266 366 1)
(193243 115859 -7201.24 577 677 1)
(193260 -37147.6 -99647.2 25 125 1)
(193270 -76411.5 61270.1 468 568 1)
(193272 -22086.2 15962.2 551 651 1)
(193279 -33098.1 86322.7 227 327 1)
(193283 101609 73260.9 111 211 1)
(193285 -6033.49 -68743.1 618 718 1)
(193287 -5079.74 13957.8 502 602 1)
(193294 -30137 -70609.2 425 525 3)
(193297 34243.9 -1121.34 47 147 1)
(193309 43314.7 -104615 95 195 1)
(193313 107655 92425.1 191 291 1)
(193319 29189.3 -142895 69 169 1)
(193325 56478.1 -51500.5 20 120 1)
(193331 -22074.5 12932.7 379 479 1)
(193333 -103573 -55415.6 519 619 1)
(193335 -14007.2 98453.4 145 245 1)
(193337 -117429 -32308.5 11 111 3)
(193344 3066.41 -26265.7 28 128 3)
(193349 30228.4 -28281 139 239 1)
(193367 18089.8 28059.8 67 167 1)
(193373 -24195.1 12997.3 277 377 3)
(193376 49411.2 10908.1 425 525 1)
(193383 71564.1 -77781.8 539 639 1)
(193397 -90370.5 -119794 161 261 1)
(193405 85637.8 86441.9 536 636 1)
(193422 57385.3 -30301.7 166 266 1)
(193424 64444 -32345.2 347 447 1)
(193431 -90392.7 -8174.96 68 168 1)
(193437 -30193.8 8938.55 388 488 3)
(193440 24203.4 -91676.8 222 322 1)
(193451 -115596 -99679.2 124 224 3)
(193453 -5981.18 91437.7 417 517 3)
(193454 91690.4 -111844 395 495 1)
(193470 67514.9 -23288.6 314 414 1)
(193478 15160.3 -45389.6 272 372 3)
(193486 87565.7 -98892.4 345 445 1)
(193504 -106664 -78718.5 348 448 1)
(193528 86627.4 57436.9 24 124 3)
(193530 -106591 72248.4 540 640 3)
(193533 -110562 59232.4 161 261 1)
(193534 90713.7 20988.5 384 484 1)
(193542 80556.9 -53522.7 457 557 1)
(193544 -118688 67305.8 417 517 1)
(193555 80658 60250.4 355 455 1)
(193556 4081.35 -75517.3 1 93 1)
(193558 -97576.8 137789 480 580 1)
(193567 -71233.2 -101892 521 621 1)
(193570 22250.8 87350.4 146 246 1)
(193579 -64272.7 -37338.6 203 303 1)
(193580 -7753.41 130635 82 182 1)
(193588 48291 -134879 226 326 1)
(193591 107848 51226.7 550 650 1)
(193592 12142.9 -28255.1 310 410 1)
(193597 106827 -115910 549 649 1)
(193604 -37067.8 -101759 100 200 1)
(193605 13108.9 -29268.8 323 423 1)
(193611 66489.1 34087.3 385 485 3)
(193617 11142.6 -74560.4 70 170 1)
(193634 -83562.8 -91713.7 452 552 1)
(193636 98715.4 -91813.9 367 467 3)
(193637 -101469 -3158.25 195 295 1)
(193638 41326.5 -67573.8 362 462 1)
(193660 -12014.3 -48466.6 465 565 1)
(193668 -8979.96 -102773 212 312 3)
(193670 113844 124552 226 326 1)
(193674 -122721 -137022 400 500 1)
(193676 -6981.72 -130011 408 508 3)
(193682 113757 -140967 249 349 1)
(193687 100706 26084.3 411 511 1)
(193695 -75470 66473.5 505 605 1)
(193698 96567.3 63233.5 14 114 1)
(193717 18091.3 -53628.7 187 287 1)
(193718 -118659 -74631.5 221 321 3)
(193721 -42452.6 93400.7 11 111 3)
(193722 -65377.4 -105873 540 640 1)
(193728 -9998.66 -103695 92 192 1)
(193739 107840 84441.8 598 698 1)
(193742 -9002.49 -117800 88 188 1)
(193756 -65206.2 78446.1 131 231 1)
(193769 29135.6 -123712 491 591 1)
(193770 -92663.5 -47433 419 519 1)
(193777 56481.5 99433.7 252 352 1)
(193780 -11030 -129964 374 474 1)
(193781 -80435.1 -93727 573 673 1)
(193784 -63144.8 100509 554 654 1)
(193813 17266.6 8936.2 31 131 1)
(193814 -4963.87 149909 629 729 1)
(193817 -123667 -6225.66 271 371 1)
(193831 -44232.5 38135.3 584 684 1)
(193849 -24134.2 61267.6 193 293 1)
(193851 42349.7 -132014 462 562 1)
(193863 87993.5 -36554.5 390 490 1)
(193874 58450.5 33103.4 402 502 3)
(193882 3096.45 88447.4 442 542 1)
(193885 93787.3 60265 210 310 1)
(193886 22143.3 -24035.1 1 94 1)
(193888 2096.23 -128142 548 648 3)
(193895 -112474 -133002 279 379 1)
(193896 95742.9 -125035 536 636 1)
(193897 -34067.3 -49386.5 391 491 1)
(193902 -97465.4 -116.726 8 108 3)
(193921 26259.7 -91707.5 451 551 3)
(193923 -16042 116835 596 696 1)
(193934 -1913.75 -120031 509 609 1)
(193938 28259.8 -15245.6 418 518 3)
(193953 -45193.7 -66136.9 436 536 1)
(193961 21261.4 860.779 57 157 1)
(193972 115904 -9219.46 602 702 1)
(193974 -19218.1 -24228 303 403 3)
(193976 20169 1889.33 41 141 1)
(193978 -64301.7 -128807 75 175 1)
(193987 -102528 -67514.9 151 251 1)
