(91003 -103680 -23323.8 563 663 1)
(91005 31218.9 -30303.7 49 149 1)
(91006 -44172 10897 351 451 1)
(91011 -58260.8 -11181.4 30 130 1)
(91012 -58328.1 -36380.8 425 525 1)
(91015 85629.3 -73671.3 489 589 1)
(91018 -6958.31 -34414 169 269 1)
(91019 17164.5 -20251.3 250 350 1)
(91020 -68483.3 97503.4 463 563 3)
(91027 -105685 52243.9 601 701 1)
(91033 -103380 19891.4 27 127 3)
(91037 -97501.9 118568 1 96 1)
(91047 -81435.3 104536 214 314 1)
(91058 7133.94 9908.96 528 628 1)
(91061 -21103 -23324.4 272 372 1)
(91074 -63429.9 -119940 331 431 3)
(91092 -38158.7 8926.28 80 180 1)
(91108 -17084.1 30112.3 106 206 1)
(91110 -21094.2 -19231.9 9 109 3)
(91114 12162.6 -46374.3 8 108 1)
(91123 113806 61226.4 382 482 3)
(91125 -35782.6 13286 398 498 1)
(91127 21177.7 -66517.5 229 329 3)
(91130 3095.79 132707 235 335 1)
(91131 98648.4 41211 96 196 1)
(91132 -6973.12 105485 133 233 1)
(91155 -12016.6 116651 105 205 1)
(91164 49195.9 -52465.7 195 295 1)
(91167 51340.7 -147960 123 223 1)
(91168 -21088.5 84415.4 357 457 1)
(91169 -41215.3 -127020 546 646 3)
(91175 89527.1 -31305.6 132 232 3)
(91185 93707 13962.9 271 371 1)
(91193 -63396.2 -57542.2 380 480 1)
(91199 -61285.4 -70497.3 75 175 1)
(91206 102662 106420 154 254 1)
(91213 33271.7 1902.98 232 332 3)
(91233 33266.9 -143047 360 460 3)
(91240 -79276 36157.4 623 723 3)
(91254 22118 -75500.8 486 586 3)
(91267 -20175.2 -98729.1 335 435 1)
(91273 -68388.4 14956.2 410 510 1)
(91277 -80443.3 -79622.2 320 420 1)
(91278 110797 146783 464 564 1)
(91282 -21122.2 -146083 572 672 1)
(91286 22109.9 95406.6 50 150 1)
(91298 -34186.1 -123884 256 356 1)
(91300 74548.2 -47617 593 693 1)
(91301 -100474 11954 1 95 3)
(91302 116645 -79651.6 409 509 1)
(91305 93573.2 28035.7 129 229 1)
(91307 -53224.9 -96763.1 222 322 3)
(91308 20261.6 20957.6 9 109 1)
(91310 -23117.3 -89639.5 65 165 1)
(91312 -33167.6 -29328.7 428 528 1)
(91316 40993.5 54528.1 598 698 1)
(91318 -28112.8 -122743 1 97 1)
(91323 8141.78 -82598 126 226 1)
(91335 -16087.2 -83584.3 160 260 1)
(91339 -21204.6 66394.2 577 677 1)
(91344 43255.2 86485.7 191 291 1)
(91350 -86419.9 -101711 149 249 1)
(91352 -57181.1 -64562.7 533 633 1)
(91353 -117682 -25319.7 384 484 3)
(91355 18205.7 87425.1 464 564 0)
(91358 -106451 6872.21 58 158 3)
(91370 46260.9 55188.3 236 336 1)
(91374 52305.7 -79523.1 11 111 1)
(91381 -61347.7 -77652.6 427 527 1)
(91384 -62300.7 -31296.2 305 405 1)
(91391 -74459.7 108608 605 705 1)
(91392 115893 128743 454 554 1)
(91401 87718.2 44080.3 134 234 1)
(91406 121833 93398.9 331 431 1)
(91408 -112574 -89534.8 34 134 1)
(91431 -975.056 33109 377 477 1)
(91432 -87510.4 -20283.9 401 501 3)
(91440 -63374.8 -13256.1 562 662 1)
(91443 91919.5 100598 515 615 1)
(91449 -65283.7 -60688.5 422 522 3)
(91450 89687.7 41111.9 456 556 1)
(91451 -121569 -84756.5 263 363 1)
(91462 72468.9 -51379.1 106 206 1)
(91472 58353.3 -27305.4 238 338 1)
(91476 16090.2 -22135.4 201 301 3)
(91477 -94601.1 -102867 596 696 3)
(91479 -60307.4 -123923 378 478 3)
(91484 -30109.6 -76622.8 336 436 3)
(91488 -9982.74 75426.2 199 299 3)
(91491 -10202.1 37890.5 145 245 1)
(91492 -91471.6 91455.8 337 437 1)
(91515 -96482.6 -30274.3 175 275 1)
(91516 -48287.5 -20247.1 356 456 1)
(91522 -66399.6 21005.6 488 588 1)
(91528 18197.1 121408 161 261 3)
(91535 69262.2 75211.7 262 362 1)
(91543 -45058.8 45272.3 535 635 1)
(91545 116752 -37480.4 364 464 3)
(91555 60427.9 -39466.1 374 474 1)
(91560 -34220.9 -74607.5 555 655 1)
(91581 -8894.47 20900.5 60 160 1)
(91588 89572.1 44125.8 160 260 1)
(91589 -58320.2 -42355.8 315 415 1)
(91593 73563 -114904 470 570 1)
(91606 -15036.9 -28284.7 202 302 1)
(91609 30236.3 -125884 384 484 1)
(91616 32271.8 -144051 377 477 1)
(91642 95668.2 145762 272 372 3)
(91649 63490.5 -122950 445 545 1)
(91650 -35186.2 29057.1 505 605 3)
(91656 -0.475361 -78679.1 442 542 1)
(91657 97920.7 37124.2 612 712 1)
(91659 28248.9 -144021 283 383 1)
(91660 123990 -39323.7 316 416 1)
(91664 63932.9 97612.2 121 221 1)
(91669 23200.1 -80678.2 584 684 1)
(91671 52430.4 52138.2 293 393 3)
(91675 -68314 -128813 45 145 3)
(91685 58346.2 -105605 44 144 1)
(91700 -7984.63 108715 524 624 1)
(91707 -120774 -56507.2 495 595 3)
(91724 -108524 52161.7 1 100 1)
(91739 23203.8 -67549.1 328 428 1)
(91751 -20271.4 -114134 601 701 1)
(91759 72580.8 -112079 614 714 1)
(91771 -30135.5 -15211.2 334 434 3)
(91772 -71285.2 142742 145 245 1)
(91776 -38173.1 -89731.4 435 535 1)
(91778 51426 -5147.26 380 480 1)
(91783 18376 -123967 470 570 1)
(91788 5169.17 -66562.1 404 504 1)
(91792 -34161.5 -50481.5 330 430 1)
(91801 -12046.4 -113945 558 658 1)
(91812 68427 20000.7 45 145 1)
(91819 19183.8 5941.11 537 637 3)
(91827 104511 -17373.5 96 196 1)
(91831 19223.9 -75483.2 127 227 1)
(91834 -17054.8 90514.4 320 420 1)
(91836 64473.4 -36489.8 602 702 1)
(91840 113819 109616 486 586 3)
(91846 48334.4 132790 494 594 1)
(91857 -117582 10994.6 301 401 1)
(91860 6241.03 72489.9 342 442 3)
(91871 65487.6 149871 1 99 1)
(91879 -44152.9 -76219.7 117 217 1)
(91881 -28125.4 -87615.4 381 481 1)
(91882 80606.5 137728 351 451 1)
(91886 81562.4 -80618.9 268 368 3)
(91889 -68343.4 119553 83 183 1)
(91891 -16854.2 11075.7 94 194 1)
(91892 -41163 31095.7 232 332 1)
(91902 -88472.3 -47550.5 496 596 1)
(91903 -120616 -15212.6 58 158 1)
(91906 -11045.5 -15305 616 716 1)
(91909 25166.1 59239.3 77 177 1)
(91913 -90711.1 113709 489 589 1)
(91915 26244.3 78388 248 348 1)
(91917 -9977.49 -77609.6 314 414 1)
(91928 27241.2 -77625.6 348 448 1)
(91944 -107560 119576 29 129 1)
(91947 -3848.52 -89625.1 1 100 1)
(91954 -12081.1 140832 477 577 1)
(91956 45306.5 11958.4 388 488 1)
(91959 -111657 -87709.1 409 509 1)
(91972 -33163.5 14950.3 93 193 1)
(91973 36184.6 -73388.8 72 172 1)
(91983 19178.2 -87620.2 144 244 1)
(91985 -31527.1 -82059.7 327 427 1)
(91986 24188.6 -83542 14 114 1)
(91987 -68381.9 -89733.6 403 503 1)
(91988 103755 145880 405 505 1)
(91996 -50180.1 3963.15 403 503 1)
(91999 25162.1 -113838 381 481 1)
