(44002 -3959.95 16976.9 194 294 1)
(44004 -115616 72311.5 206 306 1)
(44006 102711 -71632.3 322 422 3)
(44020 -31205.4 -66672.6 156 256 1)
(44022 25243.9 -14367.3 447 547 1)
(44023 37119.3 -110920 623 723 1)
(44042 -112469 15982 363 463 1)
(44045 6101.51 -94846 553 653 1)
(44046 15081.6 -75555.8 99 199 1)
(44061 46040.6 -107977 512 612 1)
(44065 -90517.5 -22274.8 377 477 3)
(44069 47345 149764 264 364 1)
(44072 38320.7 57215.8 523 623 3)
(44073 -98567 -39350.2 79 179 1)
(44075 -4956.55 887.079 624 724 1)
(44077 48340.2 -53433.2 180 280 1)
(44095 54279 80499.5 343 443 3)
(44098 99697.9 -88699 369 469 1)
(44112 57420.1 -87632.8 177 277 1)
(44116 -106646 -41433.7 519 619 1)
(44123 101697 144607 85 185 1)
(44144 107838 -147205 606 706 1)
(44151 -83457.7 -45418.8 331 431 1)
(44154 95769.6 -124765 417 517 1)
(44160 -34168.3 -123958 455 555 1)
(44162 -48244.5 137696 177 277 1)
(44164 14060.9 -88599 252 352 1)
(44166 -89606.4 -40524.2 513 613 1)
(44169 -53532.7 91637.2 466 566 3)
(44175 -76468.3 4991.81 322 422 1)
(44196 -86508.3 -12228 559 659 1)
(44212 -119665 114549 9 109 1)
(44213 -120682 83385.1 290 390 1)
(44217 97861.6 72438.8 583 683 3)
(44229 24313.4 -21272.4 360 460 1)
(44235 -75390.1 -75581.2 239 339 1)
(44238 -43152 -63483.5 17 117 1)
(44246 -13026 -94643.6 10 110 1)
(44248 -79447.8 42149.9 160 260 1)
(44256 -15038.1 47177.2 431 531 1)
(44276 -23094.6 -46444.6 436 536 1)
(44279 8118.34 -110869 462 562 1)
(44282 -66474.4 8799.18 581 681 1)
(44294 -62374.9 -51500.2 623 723 1)
(44300 -60123.7 133487 130 230 1)
(44309 -9937.14 57201.5 324 424 1)
(44311 77451.5 -131829 105 205 1)
(44312 32134.1 -13160.4 297 397 1)
(44315 10106.5 -11195.9 25 125 1)
(44320 54567.7 6753.09 417 517 1)
(44330 56501.6 -139924 373 473 1)
(44333 -47198.5 77397.7 539 639 3)
(44335 60394.9 -103885 621 721 1)
(44338 -102561 -32296.8 183 283 1)
(44341 -64338.7 -15244.7 464 564 1)
(44343 46195.9 140588 204 304 1)
(44347 -109514 100619 496 596 1)
(44354 27278.3 8002.38 587 687 1)
(44368 115706 64196.7 49 149 1)
(44376 -61297.1 -59671.2 460 560 1)
(44377 -96596.8 -18271.1 513 613 1)
(44383 -28159.8 -91819.8 454 554 1)
(44386 -102787 71456.8 354 454 1)
(44388 -18995.5 -137947 227 327 1)
(44389 16154.8 -56433 81 181 3)
(44412 6047.83 55204.5 148 248 1)
(44429 36380.6 122136 177 277 1)
(44436 75518.9 -106785 246 346 1)
(44438 123500 -67437.4 369 469 1)
(44449 18220.9 -94609.6 572 672 1)
(44451 -21005.7 -77628.8 265 365 3)
(44453 61395.2 43131 315 415 1)
(44457 -77459.4 -96778 466 566 1)
(44473 107677 24136.3 441 541 1)
(44478 -23258.7 72073.2 7 107 1)
(44484 -1941.26 23940.2 32 132 1)
(44494 -11125.9 116498 94 194 1)
(44505 -42229.5 -12310.4 207 307 1)
(44507 -93559.8 -67563.2 618 718 1)
(44519 -79366.1 -28274.5 20 120 1)
(44530 -17975.3 41227.4 302 402 1)
(44540 8064 53229.9 58 158 1)
(44541 114768 -122724 175 275 1)
(44546 -3996.78 -63526.6 198 298 1)
(44556 47251 10932.3 594 694 1)
(44557 -53103.4 19820.8 135 235 1)
(44563 -50290.4 -112846 353 453 1)
(44570 21141.9 -138881 271 371 3)
(44582 89539.4 -125790 119 219 3)
(44588 111800 -121990 591 691 1)
(44589 14070.7 -36322.4 39 139 1)
(44600 -26138.8 -52473.3 391 491 1)
(44602 -109721 13931.3 574 674 3)
(44605 49241.2 -89961.4 553 653 1)
(44608 -16006.2 -77614.3 261 361 1)
(44618 -60318.2 75337.6 272 372 1)
(44625 -121738 44278.1 546 646 1)
(44627 81604 98497.3 359 459 3)
(44629 29098.2 -141897 342 442 1)
(44634 84583.9 -28310.5 310 410 1)
(44638 -43191.4 47153.4 198 298 3)
(44652 85594.4 4920.05 343 443 1)
(44655 100670 72267.8 284 384 1)
(44656 -31409 -126826 316 416 3)
(44658 -78384.6 -77571.2 191 291 1)
(44659 -58283.4 50214.9 437 537 1)
(44664 32086.6 73167.8 260 360 1)
(44668 36328.1 -15258.8 572 672 1)
(44672 -10000.5 -53518.2 548 648 1)
(44685 -99487.6 28036.1 145 245 1)
(44686 -70406.8 -70613.7 464 564 3)
(44689 -50246.9 -65558.1 204 304 3)
(44690 51379.5 -105786 320 420 1)
(44691 -13023 33080.9 1 95 1)
(44693 -60336.5 -28371.8 327 427 1)
(44694 8122.69 -18551.1 3 103 1)
(44705 51403.6 -80650.5 338 438 1)
(44707 77551 25984.4 486 586 3)
(44708 58288.3 96302.8 63 163 1)
(44710 -80484.6 -75655.6 513 613 1)
(44731 -44333.3 -27345.4 406 506 3)
(44737 -24087.1 -1136.24 250 350 3)
(44742 100.131 -130773 142 242 1)
(44746 -62273.6 -78548.4 317 417 3)
(44748 -56365.2 125640 234 334 3)
(44749 -119580 76515.1 459 559 1)
(44755 -8915.33 105449 302 402 3)
(44772 -93400.4 -136843 149 249 3)
(44776 10118.4 -4246.48 627 727 1)
(44781 51379.4 -105576 88 188 1)
(44786 87550.7 -105713 137 237 1)
(44794 -47222.6 -10187.4 132 232 1)
(44797 -9974.22 -47446.3 529 629 1)
(44806 -57259.9 8939.85 17 117 1)
(44813 -9973.16 -62625.4 276 376 1)
(44828 -119758 14873.3 477 577 1)
(44831 96838.2 -146019 549 649 3)
(44834 4119.18 -96912.3 315 415 3)
(44838 30266.8 -71629.7 375 475 1)
(44858 90578.3 45139.6 211 311 1)
(44861 -80468 -59529.7 267 367 3)
(44863 102628 -100689 50 150 3)
(44866 -35145.7 -23366.9 98 198 3)
(44868 -23096.2 120625 371 471 1)
(44869 -123411 -96294.8 381 481 1)
(44877 -66364.4 29149.2 366 466 3)
(44886 41290.8 -139832 144 244 1)
(44889 -89533.8 -31351.7 353 453 1)
(44893 -44200.2 68339.5 518 618 1)
(44896 -57290.4 -6119.57 377 477 1)
(44898 45388.6 136740 521 621 1)
(44900 123970 -12218.2 445 545 3)
(44907 78491.2 35091.2 146 246 1)
(44911 -118599 -118538 389 489 1)
(44912 -35154.7 -32286.1 136 236 1)
(44913 -24077.8 -1147.49 138 238 3)
(44919 -6046.59 56429.5 390 490 3)
(44926 -86409.2 52936.2 21 121 3)
(44928 8199.58 -29204.3 447 547 1)
(44929 -1943.97 -3164.35 599 699 1)
(44930 -65388.4 119668 536 636 1)
(44931 -80399.8 106438 22 122 1)
(44935 119.122 -8117.15 457 557 1)
(44960 82400.7 -102822 447 547 3)
(44961 -37182.2 19026.3 593 693 1)
(44965 -76464.3 -113711 43 143 1)
(44968 118728 -127782 1 97 3)
(44971 -120764 2886.99 563 663 1)
(44972 -111649 -86697.4 223 323 1)
(44977 -48310.7 -107915 450 550 1)
(44979 -37974.3 -72599.4 151 251 1)
(44988 -84422 -23270.2 126 226 1)
(44991 -71453.8 -84624.3 377 477 1)
(44993 -106486 -92532.6 265 365 1)
(44995 57594.7 103332 298 398 1)
(44997 -122806 -107906 571 671 1)
(44999 -6982.47 -25250.9 6 106 1)
