(176014 16141.8 -101855 483 583 1)
(176017 3059.28 139810 468 568 1)
(176018 -84289.6 -101654 1 94 1)
(176033 -105536 -103795 255 355 1)
(176039 -7025.35 -69532.3 127 227 1)
(176041 111663 -140905 101 201 3)
(176043 72473.7 33053.8 346 446 1)
(176045 -85440.2 12968.3 129 229 1)
(176046 -75502.3 -83749.1 627 727 3)
(176054 -46211.6 19986.8 241 341 1)
(176061 41334.2 -88720.8 451 551 1)
(176062 -61384.5 -43425.7 603 703 1)
(176067 -63320.7 -24313.8 423 523 3)
(176073 67522.2 -47458.1 363 463 1)
(176078 -81387.2 -50193.3 125 225 1)
(176085 -22107.4 -9242.73 257 357 3)
(176090 -43227.5 46169 438 538 1)
(176094 -107536 -124965 110 210 3)
(176095 9065.21 -143996 218 318 1)
(176098 -88570.8 -132043 572 672 1)
(176099 108654 -98644.1 53 153 3)
(176110 4.49219 40107.9 285 385 1)
(176124 -22074.9 -143963 96 196 1)
(176127 -23084 62273.3 420 520 1)
(176139 24161 -111727 99 199 1)
(176145 -3891.85 13970 603 703 1)
(176149 97579.5 -146965 95 195 1)
(176150 121996 -4073.4 343 443 1)
(176153 -110669 -57543.5 448 548 1)
(176157 44283.8 -79565.8 81 181 1)
(176158 84605.8 -124959 469 569 1)
(176161 -4981.49 92379.2 15 115 1)
(176169 103828 -34140.9 528 628 1)
(176170 -4960.28 -18098.4 461 561 1)
(176173 42436.7 -60509.5 484 584 1)
(176181 -14034.8 -67569.1 351 451 1)
(176182 57326 96644.5 395 495 1)
(176184 89657.1 1910.77 575 675 1)
(176192 72464.5 -31311.7 148 248 1)
(176198 19170 -19297.3 73 173 1)
(176202 -74425.8 -30334.8 426 526 1)
(176207 -114430 -98944.8 252 352 1)
(176208 -91573.2 98538.5 429 529 1)
(176216 -41206.1 -25282 369 469 3)
(176228 -72291.4 -121762 210 310 1)
(176233 98667 11914.4 410 510 1)
(176237 113993 27329.6 539 639 1)
(176244 5158.99 83311.8 357 457 1)
(176246 88675 142835 528 628 1)
(176248 -84476.2 148782 341 441 1)
(176250 45136.9 -95444.1 481 581 1)
(176258 -114741 61265 620 720 1)
(176272 2065.27 -117796 156 256 1)
(176274 -13963.8 -138041 241 341 1)
(176278 26202 20184.4 136 236 1)
(176290 -74577.7 -51188.9 29 129 1)
(176291 102679 -105789 320 420 1)
(176300 104594 -26266.6 53 153 3)
(176317 -9971.34 -144901 134 234 1)
(176333 12159.8 -34380.6 309 409 1)
(176344 4081.96 95517.8 451 551 1)
(176354 7120.37 31030.3 550 650 1)
(176369 -19024.4 -108822 12 112 3)
(176375 -72372.5 -111827 317 417 3)
(176377 101499 43084.1 113 213 1)
(176381 34295.6 -146224 609 709 1)
(176392 -49281.5 -149087 474 574 3)
(176398 -55284.4 32034.9 179 279 1)
(176401 78496.2 -141935 151 251 1)
(176412 -115406 -86673.6 28 128 3)
(176417 -5970.56 -48385.6 151 251 1)
(176420 11107.6 -25260.7 40 140 1)
(176421 -33143.6 -121841 489 589 3)
(176424 -67349.8 874.633 244 344 1)
(176441 -77589.6 120628 227 327 3)
(176449 111836 -111866 489 589 3)
(176451 -100612 47186.5 440 540 1)
(176458 -18071.1 -97670.9 94 194 1)
(176468 115812 -124949 411 511 3)
(176476 -47255.1 -35388.4 545 645 3)
(176483 -55232.3 -87863.1 242 342 1)
(176490 13114.7 42042.8 7 107 3)
(176500 -106570 -94687 250 350 1)
(176501 86515.3 -101684 21 121 1)
(176505 -24116.5 -137895 156 256 1)
(176510 32216 -11152.3 214 314 1)
(176520 -33073.7 76299 49 149 3)
(176522 -36139.4 -149962 134 234 1)
(176523 40358.8 62252.8 473 573 3)
(176528 41270.1 19890.4 156 256 1)
(176531 -9022.91 4946.19 215 315 3)
(176536 34768.1 8225.46 582 682 1)
(176537 -77387.9 136728 202 302 1)
(176551 -12885.9 -48487.5 628 728 1)
(176560 -69354.7 -40374.3 62 162 1)
(176561 37656 -2775.82 47 147 1)
(176563 85496.3 -149925 186 286 1)
(176564 -13023.5 141729 36 136 1)
(176574 1977.18 -71440.9 74 174 3)
(176583 28454.6 -735.518 567 667 1)
(176585 95673.9 -133980 367 467 1)
(176592 -5985.16 -74623.6 562 662 1)
(176601 -6982.79 -38426.8 496 596 1)
(176616 40458.4 51212.6 58 158 1)
(176635 -39178.6 -33505.7 109 209 1)
(176644 -52306.4 -23315.7 585 685 1)
(176646 -15046 58229.3 362 462 1)
(176652 22077.8 -80461 185 285 1)
(176664 -53067.3 91534.1 455 555 1)
(176665 -60405.1 -33389.8 467 567 3)
(176673 87544.3 31968.7 152 252 1)
(176675 -9997.41 -70608.9 556 656 1)
(176678 -14950.8 -132094 7 107 1)
(176679 14215.8 -104939 497 597 1)
(176682 -60355 -26303.2 569 669 1)
(176689 -118679 104501 241 341 1)
(176691 115678 -77528.7 36 136 1)
(176696 -34171.5 -131015 484 584 1)
(176699 -102632 48237.3 504 604 1)
(176701 47429.6 -115986 554 654 1)
(176726 36265.5 133553 93 193 1)
(176734 38291.4 -34306.9 49 149 1)
(176743 52610.4 -43377.7 423 523 1)
(176746 14102.3 5901.99 414 514 1)
(176756 23184.2 -45380 72 172 1)
(176761 74551.3 -9210.62 356 456 3)
(176763 42287.7 -90615.5 72 172 3)
(176766 -41662 -14217.7 257 357 3)
(176774 -57275.5 27007.3 40 140 3)
(176777 -72426.1 -136025 376 476 1)
(176785 -27079 139761 505 605 1)
(176797 6479.7 -124169 452 552 1)
(176801 -42245.6 -23236 412 512 1)
(176805 19149.3 -144139 443 543 1)
(176812 -29134.1 -8190.14 525 625 1)
(176816 -15983.3 -24339 559 659 1)
(176818 -114662 -45383 447 547 3)
(176824 -84451.7 92437.7 283 383 3)
(176825 60439 7963.21 431 531 1)
(176828 11139.1 -93729.9 374 474 1)
(176829 -97676.8 -28578.4 530 630 3)
(176844 -111560 -86634.4 121 221 1)
(176846 30305.5 100482 219 319 3)
(176854 -88479.6 -85724.7 590 690 1)
(176856 26205.8 36084.9 119 219 1)
(176858 53444.1 -35342.7 390 490 1)
(176862 8240.04 -13192.1 534 634 3)
(176871 -80547.8 124534 282 382 1)
(176874 -51518.6 100207 607 707 1)
(176879 -109556 79321.2 91 191 1)
(176887 -121914 44290.4 613 713 1)
(176888 -21071.8 -8174.26 143 243 3)
(176898 -113780 1815.69 558 658 1)
(176901 -13198.8 91375.7 606 706 1)
(176902 24210.3 67316.6 388 488 1)
(176904 68436.5 7867.14 82 182 3)
(176905 19179.8 -52561.6 546 646 1)
(176908 51436 3913.14 588 688 1)
(176914 100736 123694 504 604 1)
(176920 -59284.5 -89635.4 154 254 1)
(176929 -123644 12984.5 129 229 1)
(176930 67463.8 15986.8 270 370 1)
(176935 -5121.17 -110801 447 547 1)
(176936 57483.9 -30373.4 564 664 1)
(176941 -98582.9 44169.3 357 457 1)
(176942 89617.2 -84540.5 193 293 3)
(176944 78548 21036.6 427 527 1)
(176946 -49223.6 56201 173 273 1)
(176954 15324.2 -29272.1 577 677 1)
(176955 -19070.8 -98706.4 215 315 1)
(176958 93627.1 987.902 84 184 1)
(176975 -98392.4 -86574.1 12 112 1)
(176977 -23100.7 1970.01 258 358 3)
(176983 123106 46139.5 400 500 1)
(176984 -48247.7 -15239.8 389 489 1)
(176989 31233.9 48159 129 229 1)
