(102005 -74244.5 -37051.8 103 203 3)
(102007 4116.89 -54486.7 436 536 1)
(102020 68513.6 146793 346 446 1)
(102027 -48253.3 50180.4 388 488 1)
(102034 56519.3 73359.1 558 658 3)
(102045 -29122.5 -44380.2 344 444 1)
(102048 105556 30042.2 88 188 1)
(102049 65540.6 -48454.3 533 633 1)
(102056 -11000.5 -14209.4 179 279 3)
(102067 101480 99537.8 119 219 1)
(102074 -4961.23 -34310 204 304 1)
(102077 -49190.8 64239.6 15 115 1)
(102085 48364.2 145804 426 526 1)
(102088 53.6423 -62546.5 310 410 1)
(102090 -38281.4 79504.6 457 557 1)
(102101 -69381.2 -116044 614 714 1)
(102106 110681 124613 158 258 1)
(102108 -7994.63 -32344.4 216 316 1)
(102111 -59276.7 -12199.6 16 116 1)
(102112 -50377.9 -74652.4 331 431 3)
(102113 16195.8 -122992 568 668 1)
(102117 99707.4 -118916 437 537 1)
(102121 -41176.7 -106699 77 177 1)
(102122 -14008.8 -102780 379 479 1)
(102140 78546.5 21036 308 408 1)
(102152 83260.1 -22351.4 499 599 1)
(102157 47511.2 -124935 159 259 1)
(102159 48329.6 121483 109 209 1)
(102162 -87427.7 -54409 187 287 1)
(102171 -21074.7 75383 536 636 1)
(102180 111659 -29290.8 325 425 1)
(102187 35329.4 -10248.4 399 499 1)
(102198 60433.7 41171.2 188 288 1)
(102200 -8002.76 -53408.8 151 251 1)
(102203 -6951.17 -100609 36 136 1)
(102216 94787.3 41151.8 572 672 1)
(102219 45299.8 51168.3 45 145 3)
(102230 -75366.6 23096.9 38 138 1)
(102232 -107689 -97959.4 610 710 1)
(102233 23256.5 13905 24 124 3)
(102237 -111595 36116 281 381 1)
(102244 85636.3 -31363.4 489 589 1)
(102248 -76379.7 31102.5 219 319 1)
(102250 -23111.2 -141081 495 595 1)
(102251 116856 -112843 460 560 1)
(102262 104677 141549 66 166 1)
(102263 -51244 68316.3 362 462 3)
(102283 -22134.5 -91531.9 143 243 1)
(102287 26221.5 -33294.4 56 156 1)
(102288 -4055.61 -36506 7 107 1)
(102305 56390.5 -24272.9 208 308 1)
(102314 10109.2 -122919 350 450 1)
(102318 -88559.8 21010.7 592 692 1)
(102341 -12903.3 -59179.9 628 728 3)
(102343 -43119.3 -84598.2 109 209 1)
(102345 -98471.8 -45348.1 1 95 1)
(102350 84701.1 -67597.6 550 650 1)
(102356 83564.4 56308.6 570 670 1)
(102357 43557.6 -73688.5 479 579 1)
(102360 -67334.5 -6069.44 260 360 1)
(102375 -122623 -9222.13 185 285 1)
(102387 -80494 -102855 563 663 1)
(102394 -34134.9 103448 70 170 3)
(102408 18165.5 27038.1 254 354 1)
(102418 48531.3 95451.1 579 679 1)
(102421 -29187 -28481.3 405 505 1)
(102430 108622 147729 160 260 3)
(102439 85563 125697 427 527 1)
(102440 60475.6 -18312.5 381 481 3)
(102441 3024.72 -142016 345 445 1)
(102466 -29928.2 53194.7 4 104 3)
(102468 74603.1 -72657.8 551 651 1)
(102477 16136.4 73295.5 84 184 1)
(102491 -41184.8 69290.5 148 248 1)
(102495 -27258.8 -40392.4 543 643 1)
(102499 -31166.2 -124965 400 500 3)
(102500 1083.77 -75519.5 41 141 3)
(102503 98993 -66785.5 435 535 1)
(102511 -61274.2 -108728 93 193 1)
(102515 -33142.9 81399.2 198 298 1)
(102524 16146.3 -36384.4 215 315 1)
(102544 -53257.8 -72549.2 211 311 1)
(102555 60425 44143.5 270 370 1)
(102556 4082.53 58311.3 454 554 1)
(102566 1073.54 -129009 482 582 1)
(102575 -110623 32083.8 345 445 1)
(102576 46267.1 -50426.5 260 360 1)
(102582 45370.7 -133006 413 513 1)
(102583 -34143.1 -45392.3 206 306 1)
(102584 7109.8 19999.2 404 504 1)
(102592 87589.6 -42369.8 198 298 3)
(102595 -117638 -57474.5 208 308 1)
(102596 10400.4 -89678.5 486 586 1)
(102604 -42223 -109873 416 516 1)
(102621 -42193.6 104536 379 479 1)
(102622 -109341 -133031 456 556 3)
(102641 -11020.2 -130020 501 601 1)
(102644 -81484.4 -78678.1 510 610 1)
(102647 44425.9 -79547.8 382 482 1)
(102652 -8022.94 -133084 621 721 3)
(102662 24525.7 -66588.6 322 422 1)
(102666 35201.9 -37340.5 83 183 3)
(102672 -6998.97 -27251.2 18 118 1)
(102678 4047.61 -86667.8 412 512 1)
(102679 96765.5 136831 626 726 3)
(102680 -27427 24953.8 509 609 3)
(102683 14194.1 -57536.7 13 113 1)
(102703 -107621 -21287.8 390 490 1)
(102707 18231.9 7079.59 259 359 3)
(102709 -14036.4 -37366.1 334 434 1)
(102713 -113570 -25284.8 402 502 3)
(102724 -53379.9 -63784.9 552 652 1)
(102727 113196 119771 121 221 1)
(102733 -23091.2 -43444.7 168 268 1)
(102736 -4019.42 -116926 588 688 3)
(102737 -33311.1 -72453.8 384 484 1)
(102738 -88471.4 -78685.8 367 467 1)
(102751 123851 -128955 387 487 1)
(102755 74490 141737 39 139 1)
(102756 -60336.8 17029.9 452 552 1)
(102767 55482.2 43075.3 333 433 1)
(102770 -40203.2 -125950 393 493 1)
(102771 -22081.2 -41335.4 6 106 3)
(102777 31901 97817.1 85 185 1)
(102779 -5907.62 -82637.3 537 637 1)
(102783 23197.5 94428.1 128 228 1)
(102788 -69347.2 91426.9 21 121 1)
(102792 67415.8 -30287.6 21 121 3)
(102796 8184.02 -82718.5 300 400 1)
(102798 -6007.08 -97736.6 186 286 1)
(102799 -122920 -78972.1 618 718 1)
(102817 16058.9 143798 353 453 1)
(102827 -62302.9 1236.2 81 181 3)
(102832 3082.65 -36323.3 156 256 3)
(102834 123868 79420.1 370 470 1)
(102839 -14003.4 -21367 375 475 1)
(102840 -5959.59 -1183.11 153 253 1)
(102845 -89251.1 137605 217 317 1)
(102848 58436.3 -121869 395 495 1)
(102849 124044 57357.3 609 709 1)
(102857 47409.1 139819 550 650 1)
(102861 -122639 -128821 219 319 3)
(102872 -62365.4 -110784 179 279 1)
(102874 -10932 50159.3 410 510 1)
(102876 46419.2 -79690.4 579 679 1)
(102879 45291.1 -102656 4 104 1)
(102882 -21084.9 -27269 264 364 1)
(102886 39264.8 -5231 541 641 3)
(102887 -45150.7 -26277.5 101 201 1)
(102888 32271.6 -130837 420 520 1)
(102896 15131 9898.27 598 698 3)
(102906 31286.7 30058.5 605 705 1)
(102911 -117114 16842.9 522 622 3)
(102912 66.3276 -99768.8 361 461 1)
(102922 15151.5 -23250 114 214 1)
(102923 -56367.4 -128013 434 534 3)
(102933 -9972.16 -23317.5 524 624 3)
(102937 -74332.5 60469.4 49 149 1)
(102939 -74401.8 -117869 343 443 1)
(102950 -71438.4 -15127.5 175 275 1)
(102952 -119692 144795 350 450 1)
(102958 99604.1 57255.8 126 226 3)
(102964 -16998.8 -23358.5 283 383 1)
(102970 20059.2 21139.5 105 205 1)
(102988 -49258.3 -18282.6 504 604 1)
(102989 -103661 13999.8 565 665 1)
(102991 -89503.3 100515 368 468 3)
(102992 -21081 -95782.2 467 567 1)
(102999 14156.2 469.072 579 679 3)
