(69006 12148.8 -127027 560 660 1)
(69016 25244.2 -114894 453 553 3)
(69028 -85410.9 40112 53 153 1)
(69048 57480.2 -7191.85 571 671 1)
(69054 15047.3 9989.32 415 515 3)
(69061 95624.3 71305.5 231 331 1)
(69067 -54291.4 103676 353 453 1)
(69068 120921 -3176.08 536 636 1)
(69070 -35167.2 -7175.79 367 467 1)
(69074 -73353 51253.6 98 198 1)
(69076 10127.1 19096.4 298 398 3)
(69077 56503.7 -20029.2 75 175 1)
(69079 36312.8 -76637.5 426 526 3)
(69083 63093.9 76333.2 168 268 3)
(69085 -37194.9 -100856 614 714 1)
(69089 -95521.8 7920.27 216 316 1)
(69093 25135.5 -104726 203 303 1)
(69096 -99581.5 -60540.9 516 616 1)
(69102 -85560.4 11761.6 575 675 1)
(69108 -115682 -28317.6 348 448 3)
(69110 69733.8 58273.1 401 501 1)
(69111 113676 119489 8 108 3)
(69113 15175.3 -51404.2 42 142 1)
(69120 19160.6 -144965 170 270 1)
(69122 -106612 54219.4 394 494 1)
(69141 38328.8 -143147 581 681 1)
(69160 44137.1 41920.2 9 109 1)
(69163 15250.2 146666 16 116 3)
(69165 -2984.39 -55356.1 1 97 1)
(69169 87717.1 74404.2 531 631 1)
(69179 37270.2 -107901 549 649 1)
(69182 35343.1 1984.98 200 300 1)
(69186 -118852 135910 583 683 1)
(69190 -49358.7 15011.7 253 353 1)
(69192 42098.2 -70666.9 73 173 1)
(69196 -15005.1 -102639 110 210 1)
(69201 16305.1 103625 559 659 1)
(69206 -47169.9 -12177.4 482 582 1)
(69207 1290.7 -71578 211 311 1)
(69215 -49218.3 -67533 151 251 1)
(69217 -39161.4 -126030 562 662 3)
(69218 -5000.76 62406 423 523 1)
(69221 95738.9 89467.2 535 635 1)
(69223 -79549.9 23039.8 533 633 3)
(69226 53341.7 80313.7 140 240 3)
(69228 -34238.1 142867 576 676 1)
(69234 -76491.7 -97794.6 347 447 1)
(69235 -77436.7 873.135 382 482 3)
(69237 -47262 148769 92 192 1)
(69238 -5737.69 64593.2 391 491 3)
(69241 -17034.3 -142916 289 389 1)
(69248 -100424 16815.1 76 176 1)
(69256 77486.3 -39441.1 247 347 3)
(69271 76523.3 90544.3 541 641 1)
(69274 -122824 94608.7 582 682 1)
(69281 -925.477 -120931 336 436 1)
(69282 1090.5 99618.4 495 595 3)
(69283 -61942.6 107648 515 615 1)
(69296 23061.9 66152 1 97 1)
(69299 -109557 -75541.7 92 192 1)
(69300 -63332.6 -137106 457 557 1)
(69317 -19238.8 -145212 611 711 3)
(69335 72550.3 -53479.1 498 598 1)
(69344 97736.5 70317 415 515 1)
(69346 -31029.1 -58635.7 224 324 3)
(69355 -112286 -48448.6 31 131 1)
(69362 -121768 119677 516 616 1)
(69388 62449.2 -44394.7 356 456 1)
(69393 7096.23 -73471.7 30 130 1)
(69396 -23102.4 -50479.4 527 627 1)
(69397 41318.5 -74580.9 298 398 1)
(69402 -65270.2 -55342.9 33 133 1)
(69411 49318.3 72318.2 219 319 1)
(69415 -21108.9 -6162.87 78 178 1)
(69416 14112.4 -85622.3 599 699 1)
(69420 -120638 -71582.1 307 407 3)
(69426 82608.5 85356.2 615 715 1)
(69434 50687.3 -20316.2 587 687 1)
(69454 63563.9 45846.3 395 495 1)
(69470 -18162.4 21998.2 300 400 1)
(69472 -30228.1 -61625.1 613 713 1)
(69474 99679.8 -88813.1 624 724 1)
(69476 -44224.9 -87743.5 487 587 1)
(69482 -34202.5 -12140 429 529 1)
(69493 -103477 -79598.2 73 173 3)
(69501 119887 -190.208 396 496 1)
(69503 84597.8 13010.1 265 365 3)
(69511 16350.7 64120.1 91 191 1)
(69525 23194 -88629.4 186 286 3)
(69529 -44200.4 -72561.3 197 297 1)
(69534 -22920.6 -76615.8 170 270 1)
(69541 -941.674 41126.6 241 341 1)
(69551 4014.53 62365.7 526 626 1)
(69559 -13192.3 -33508.8 406 506 3)
(69560 59401.1 -116827 130 230 3)
(69561 75481.6 53150.9 115 215 1)
(69563 -17942.7 -82538.1 448 548 3)
(69577 87524.3 -146029 161 261 1)
(69580 -44233.2 -31351 420 520 1)
(69586 79581.9 57236.2 389 489 1)
(69591 -75440.4 99517.1 309 409 1)
(69599 -24130.3 -90480.2 141 241 3)
(69606 -76631.2 -58421.3 387 487 1)
(69607 75567.3 -109846 452 552 1)
(69608 96756.9 134748 412 512 1)
(69610 -31287.9 73419.5 597 697 1)
(69616 -30129.2 -15246.8 587 687 1)
(69625 19024.2 -116807 19 119 1)
(69628 -110655 13959.2 439 539 1)
(69639 -36180.4 -43421.8 529 629 1)
(69640 26211.4 -73537.9 130 230 1)
(69641 15049.9 19071.5 128 228 1)
(69651 32592.1 -46344.9 421 521 3)
(69664 65312.1 142611 290 390 1)
(69665 40171.7 -110836 136 236 1)
(69673 -48255.3 -107755 208 308 1)
(69677 18178.3 72301.7 438 538 1)
(69687 10139.1 -33364.6 463 563 1)
(69696 -42167.7 -123966 467 567 3)
(69698 -67393 79307.7 280 380 1)
(69711 -118782 4899.29 622 722 1)
(69719 49.2416 -1166.57 557 657 3)
(69724 -91297.2 -75561.6 299 399 1)
(69725 44818.5 118380 44 144 1)
(69726 -80376.7 -9158.08 60 160 1)
(69734 -96709.6 54193.4 425 525 1)
(69748 -26086.7 129692 461 561 1)
(69752 -68367.3 31015.9 346 446 3)
(69754 3082.11 87459.3 578 678 1)
(69760 102833 64320 578 678 1)
(69763 115625 -82492.9 36 136 3)
(69768 77420.3 -88801.1 294 394 3)
(69774 -44245.5 20997.4 449 549 3)
(69775 -71375.5 -37342.6 245 345 1)
(69778 -8960.31 148800 541 641 1)
(69785 -5970.73 40108.9 2 102 1)
(69804 41341.3 -39362.5 449 549 1)
(69812 17159 3855.69 506 606 1)
(69825 19030.9 -126595 437 537 3)
(69829 102721 12995.3 414 514 3)
(69831 -29132.5 76356.2 204 304 1)
(69837 -81231.5 -23263.7 3 103 1)
(69845 30182.8 -84609 223 323 3)
(69851 -6974 -66615.7 602 702 1)
(69861 -117790 -49462.2 476 576 1)
(69868 -82456.6 68312.3 109 209 1)
(69873 -42237.5 -84566.4 169 269 1)
(69888 -9979.93 -26355.1 504 604 1)
(69893 -47200.3 -85406.1 305 405 3)
(69895 -40144.1 111393 111 211 1)
(69902 120718 -86610.9 100 200 1)
(69903 -21079.6 -55540.5 540 640 1)
(69905 87578.1 130646 224 324 1)
(69912 -64232.8 19923.4 223 323 1)
(69917 -6965.47 -84610.8 65 165 1)
(69919 115991 73581.6 374 474 1)
(69920 83985.2 -24029.6 142 242 1)
(69924 -108596 42153.1 319 419 1)
(69927 -83448.7 6891.49 149 249 3)
(69937 36262.4 -87611.8 117 217 1)
(69938 34140.9 -102465 1 98 1)
(69941 -48389 -139131 360 460 1)
(69943 -10004.7 43168.8 486 586 1)
(69951 -116586 78305.6 126 226 1)
(69954 -67365.1 -88697.3 358 458 1)
(69957 48293.8 -134852 18 118 1)
(69970 48358.2 -66533.4 338 438 1)
(69972 -74463.9 -19310.7 526 626 1)
(69976 -52328.8 -100829 531 631 1)
(69977 -21140.4 -40407.4 182 282 3)
(69990 -11980.1 58275.8 119 219 1)
(69992 -2916.78 -134035 152 252 1)
