(28002 -73360.5 80386.8 77 177 1)
(28006 -43144.6 -58520.8 78 178 1)
(28008 -73472 -110966 424 524 3)
(28009 121808 133689 288 388 1)
(28016 -122650 117692 578 678 1)
(28019 119835 -112871 444 544 1)
(28024 -78508.7 -149065 209 309 3)
(28032 -52254.4 1890.94 68 168 3)
(28036 -21062.1 63239.1 129 229 1)
(28038 -31110.8 67292.9 347 447 1)
(28039 89535.2 -33292.6 54 154 1)
(28043 7111.77 -48388.8 32 132 3)
(28044 3037.37 -134888 146 246 3)
(28053 -54268.6 -60418.3 280 380 1)
(28074 30332.1 -25231.3 275 375 1)
(28082 7205.53 -110900 623 723 1)
(28088 -116613 -101700 123 223 1)
(28089 113884 47194.2 627 727 1)
(28095 55451.3 84436.8 561 661 1)
(28114 -106615 -119.064 451 551 1)
(28118 20240.8 144971 127 227 1)
(28124 24313.7 -121841 430 530 1)
(28133 -76415.7 -18284.6 318 418 1)
(28135 -72474.9 116745 460 560 1)
(28136 -68437.9 -132119 615 715 1)
(28146 -107686 -134070 551 651 1)
(28151 66495 -81699 480 580 1)
(28154 67514.3 65296 416 516 1)
(28159 -99454.6 43149.2 80 180 1)
(28163 -57304.2 -71594 386 486 3)
(28165 105742 -9244.79 122 222 1)
(28166 58402.2 70337.8 196 296 1)
(28167 -65345.5 -126868 190 290 3)
(28170 -10038.6 16933.2 186 286 1)
(28172 -58187.9 26087.6 139 239 1)
(28173 -11014.8 -132841 150 250 1)
(28174 -121644 148626 55 155 1)
(28178 39308.9 -118906 363 463 3)
(28180 -115470 -36297.6 27 127 1)
(28182 57386.8 33078.8 475 575 1)
(28183 66449.4 36082.7 227 327 3)
(28189 25250.7 -66541.5 174 274 1)
(28191 -76473.1 -117812 330 430 1)
(28193 -112709 -23225.2 536 636 1)
(28201 -47208.5 -19221.9 67 167 1)
(28203 -105658 70304.4 449 549 1)
(28208 14074.1 113668 625 725 1)
(28225 95714.2 47171.8 464 564 1)
(28232 -91473.9 -7171.64 149 249 1)
(28248 -7982.53 1881.75 368 468 3)
(28262 52441.7 2922.02 144 244 1)
(28266 13286.2 10802.9 591 691 1)
(28269 78495.2 125764 436 536 1)
(28272 -92725.4 -125898 526 626 1)
(28273 12104.4 127555 181 281 3)
(28274 94698.8 76377 464 564 1)
(28276 124763 28087.9 47 147 1)
(28285 33266.2 -104775 359 459 3)
(28288 -5218.32 11835.6 109 209 1)
(28307 65537.8 -41321.1 284 384 1)
(28308 113551 -29999.9 25 125 1)
(28310 123767 -68451.9 81 181 1)
(28313 55008.4 -149438 203 303 1)
(28314 111724 -118897 159 259 1)
(28325 -31082.6 138681 172 272 1)
(28328 -68439.3 -61517.6 481 581 1)
(28330 55281.7 7493.28 59 159 1)
(28333 69464.9 -31289.7 197 297 1)
(28346 -59415 -117716 231 331 1)
(28350 -90533.2 20999.5 419 519 3)
(28363 -118738 17961.7 400 500 1)
(28364 -107491 79279.2 63 163 1)
(28366 -39149.6 -48413 353 453 1)
(28376 -71360.5 8934.02 123 223 1)
(28385 55430.7 55217.7 575 675 1)
(28390 -12027.3 -35385.8 397 497 3)
(28394 74546 -17226 402 502 1)
(28400 1117.28 -138140 487 587 1)
(28407 -59293.9 -88653.7 232 332 3)
(28408 -54271 79376.1 426 526 1)
(28413 -6029.33 -39322 394 494 1)
(28414 114572 122651 167 267 1)
(28415 -8980.44 64272.1 492 592 3)
(28416 110703 -140905 73 173 3)
(28418 86615.6 -36251.8 147 247 1)
(28425 -53248.7 25024.7 139 239 1)
(28429 80621 -84773.1 543 643 1)
(28437 -109641 -145057 423 523 1)
(28438 -116682 24092.1 428 528 1)
(28440 72495.1 -33374 435 535 1)
(28444 -14016.3 55227.4 278 378 1)
(28454 -38169.9 -73582.7 292 392 1)
(28457 -80427.4 49220.6 449 549 1)
(28462 -1943.08 -108812 330 430 1)
(28464 71430.3 -48489.2 321 421 1)
(28472 -124617 129583 42 142 1)
(28478 110736 86505.4 563 663 1)
(28485 -73418 80479.5 595 695 3)
(28487 -123875 52014.8 437 537 1)
(28491 -36092.8 -50372.6 195 295 1)
(28504 -88494.9 -136815 189 289 1)
(28505 103699 -65530.6 278 378 1)
(28506 95581.2 87355.7 80 180 1)
(28507 26270.2 -92727.6 455 555 1)
(28508 22236.4 -31353.3 434 534 1)
(28516 -13017.9 -94716.8 315 415 1)
(28520 -115653 -40380.6 306 406 3)
(28526 -85185.7 47101.3 260 360 1)
(28530 -38248.1 -139149 591 691 1)
(28533 -69359.2 -12180.6 188 288 3)
(28535 -73580.6 19118.6 465 565 1)
(28537 81644.6 -13242.9 545 645 1)
(28540 -94397.6 52287.4 369 469 1)
(28541 -32090.4 -1330.47 307 407 3)
(28553 -21070.2 63260.9 292 392 1)
(28556 14336.1 114613 86 186 1)
(28565 -56322.7 -11234.4 544 644 1)
(28566 -11217.2 -30606.1 438 538 1)
(28573 79530.7 107503 197 297 1)
(28575 -53291.1 -111999 157 257 1)
(28580 -23121 58236.2 383 483 1)
(28581 -70598.9 -77733.7 372 472 1)
(28586 113832 -88713.5 561 661 1)
(28587 -53252.6 -63486.3 164 264 1)
(28590 53407.8 -58430.7 400 500 1)
(28596 1234.59 15742.6 127 227 1)
(28606 -10053.6 -36419.8 58 158 3)
(28616 47214.4 134774 174 274 1)
(28621 -60342.7 45094.3 569 669 1)
(28629 -119788 31043.1 625 725 3)
(28643 -119608 -52384.5 87 187 1)
(28651 -113553 110506 39 139 1)
(28659 -21080.3 -23300.2 581 681 1)
(28660 104684 6789.8 68 168 1)
(28662 -88607.8 -109743 333 433 3)
(28683 -111728 76456.6 396 496 1)
(28686 -100621 14039.4 562 662 1)
(28687 -55289.6 74308.1 237 337 3)
(28699 -54388.1 110276 52 152 1)
(28723 95623 -34332.9 285 385 1)
(28726 -65328.9 6912.66 301 401 3)
(28730 124002 -27255.3 616 716 1)
(28741 -51194.7 -104808 242 342 1)
(28742 -38176.5 -36210 91 191 1)
(28748 75487.3 122620 13 113 1)
(28753 121781 87361.5 130 230 1)
(28756 96717.7 -90775.2 527 627 3)
(28758 93687 -134024 411 511 3)
(28769 -112903 -64563.5 318 418 1)
(28781 30948.9 -46428.7 29 129 1)
(28784 -108646 -144080 397 497 3)
(28788 85578.1 -30322.5 151 251 1)
(28792 -123703 98499.5 118 218 1)
(28795 -120765 42153.2 543 643 1)
(28796 -59388.1 -91784.8 586 686 1)
(28801 -34069 -61403 166 266 1)
(28808 -41221.8 -108819 239 339 1)
(28812 -1177.79 -102847 619 719 3)
(28814 -4960.19 -44429.3 498 598 1)
(28820 7024.89 -7954.34 191 291 1)
(28825 -39335.7 126739 491 591 3)
(28828 -36137.2 37072.3 31 131 1)
(28834 -31269 69398.8 606 706 1)
(28863 -15111.3 -124826 221 321 3)
(28877 -97555.9 55380.7 359 459 1)
(28886 13150.7 -107852 429 529 1)
(28892 -26106.9 57208 59 159 3)
(28902 23204.1 -64456.5 116 216 1)
(28905 118800 -48427.1 321 421 1)
(28911 -14903 -64579.9 519 619 3)
(28918 -77474.2 97547.8 578 678 1)
(28920 53300.3 28107.7 183 283 3)
(28922 101663 110515 193 293 1)
(28927 74554.2 -94766.3 352 452 1)
(28931 -62364.1 -62479.8 275 375 1)
(28933 -21951.3 -43431.6 336 436 1)
(28934 50371.8 87438.4 416 516 1)
(28941 46261.3 -65521.6 76 176 3)
(28942 -49285.4 -1156.39 611 711 1)
(28943 -79557 10986.2 329 429 1)
(28949 -112762 77469.5 411 511 1)
(28954 34296.8 -82903.1 27 127 3)
(28955 97739.5 56253.1 518 618 1)
(28959 -71422.9 108585 529 629 1)
(28963 41313.4 -55512.7 484 584 3)
(28969 50505.5 -116784 521 621 3)
(28970 65485.7 -126976 555 655 3)
(28972 -41179.4 -106711 127 227 3)
(28976 -25048.7 -34402.8 538 638 3)
