(14016 -63310.9 -73506.4 95 195 1)
(14021 -107957 -100668 18 118 1)
(14023 -41345.2 -15529.8 332 432 3)
(14026 89541.8 2853.6 111 211 3)
(14035 32089.8 129448 107 207 1)
(14037 56363.8 -101679 226 326 3)
(14047 -68451.2 119683 519 619 1)
(14057 -109669 26067.2 517 617 3)
(14058 66416.2 -143840 1 94 1)
(14060 10269.7 -147016 470 570 1)
(14073 -28131.2 100566 376 476 1)
(14074 67469.7 136830 557 657 1)
(14076 -19032.6 -82590.3 151 251 1)
(14079 -109612 32025.2 319 419 1)
(14081 46345.2 -65526.8 249 349 3)
(14088 -13021.4 -100763 335 435 3)
(14089 -49340.4 -145109 458 558 1)
(14090 -4991.03 -63457 181 281 3)
(14091 29232 102438 63 163 1)
(14096 39267 -63442 9 109 3)
(14101 14233.1 135772 26 126 1)
(14102 -112745 -85740.4 619 719 1)
(14103 36136.7 20320.5 217 317 1)
(14113 46359.2 95452.8 376 476 1)
(14116 124693 -142959 241 341 1)
(14123 103596 146678 52 152 3)
(14127 -51245.6 -83800.3 472 572 1)
(14128 -117752 -22326.7 475 575 1)
(14130 7164.96 -3056.38 98 198 1)
(14133 -83438.6 -78592 248 348 3)
(14145 9132.85 59225.8 224 324 1)
(14146 -32143.1 -76607.5 303 403 1)
(14148 75623 -37414.8 591 691 3)
(14149 1107.18 149734 32 132 1)
(14151 -80373.4 14952.5 150 250 1)
(14152 -120804 109640 591 691 1)
(14172 65538.1 -68629.1 555 655 3)
(14175 -10001.4 -137895 149 249 1)
(14177 -6816.13 69287.8 148 248 3)
(14186 -42233.2 4892.02 327 427 1)
(14190 -101493 2929.89 21 121 1)
(14191 4257.5 -37259.8 236 336 3)
(14193 -70323.6 -117997 502 602 1)
(14196 109575 -63384.4 198 298 1)
(14198 61482.2 51220.3 441 541 1)
(14210 6138.11 31068.3 449 549 1)
(14221 -33100.8 -87821.3 282 382 1)
(14233 -73415.2 -114812 298 398 1)
(14234 36442.9 -98804.9 212 312 1)
(14236 -75418.5 -55466.2 297 397 1)
(14248 85558.8 -37375.3 266 366 1)
(14253 24247.9 -138102 543 643 1)
(14261 -112764 -98979 590 690 1)
(14263 59401 -14354.3 105 205 3)
(14273 -10005.8 -20254.2 384 484 -1)
(14286 33398.2 79365.1 205 305 1)
(14293 -95599.1 65349 438 538 1)
(14296 -90276.8 -55579.5 420 520 1)
(14308 -120515 -56384.2 109 209 1)
(14312 -36085.2 70324.3 118 218 1)
(14313 -88477.9 10938 260 360 1)
(14314 -99278.6 84185.3 435 535 3)
(14328 62584.8 61283.9 365 465 1)
(14334 -110784 136892 530 630 1)
(14336 51.2937 26024.8 164 264 1)
(14345 -67368.5 76373.2 453 553 1)
(14351 1055.92 26014.8 186 286 3)
(14353 -114645 -58468.7 285 385 3)
(14354 -880.186 -115804 187 287 1)
(14369 -37169.4 -113798 186 286 1)
(14370 34347 -97854.3 521 621 3)
(14371 44293.8 -79528.6 6 106 1)
(14373 -14035.7 -72620.5 449 549 1)
(14376 99595.4 -4147.55 44 144 1)
(14379 114749 70349.5 559 659 1)
(14382 -58289.4 14988.7 518 618 1)
(14385 -104637 -85629.7 453 553 1)
(14386 108737 -64531.3 311 411 3)
(14387 40280.4 116562 229 329 1)
(14389 -93463.5 -76543 70 170 3)
(14400 -15970.6 -124022 530 630 1)
(14403 -30506.3 -58330.3 116 216 1)
(14406 95458.9 -39376.6 453 553 1)
(14407 -13022.7 97554 553 653 1)
(14413 11108.3 -147050 308 408 1)
(14418 121883 90477.5 411 511 1)
(14420 -123643 -18257.9 196 296 1)
(14421 -84407.8 -53410.8 60 160 1)
(14428 -28262.5 94338.1 308 408 1)
(14444 3073.25 -42319.5 3 103 3)
(14460 56760.2 -10416.4 41 141 1)
(14465 -8966.59 -101627 8 108 1)
(14468 68509.1 57239.8 433 533 1)
(14470 -84427.9 108517 187 287 3)
(14471 -21062.8 23011.6 33 133 3)
(14473 114955 64304.4 463 563 1)
(14478 19169.9 -24268.8 223 323 3)
(14481 -18991.1 -28177.2 505 605 1)
(14505 -53249.3 25031.8 237 337 1)
(14513 -25051.6 -66516.6 189 289 3)
(14521 9108.41 105603 624 724 3)
(14522 -38198.1 -134958 280 380 1)
(14529 93547.5 -105674 7 107 1)
(14531 74544.4 -130934 274 374 1)
(14534 114775 -144047 357 457 1)
(14538 11165.4 -88683.6 325 425 1)
(14539 50319.1 -128816 15 115 1)
(14542 -15046.2 -56503.4 372 472 1)
(14554 -66395.6 -9225.79 339 439 1)
(14555 54511.6 -98601.4 175 275 1)
(14559 49343.5 -138.867 298 398 1)
(14563 -39111 32135.8 542 642 1)
(14564 124777 -58732.2 349 449 1)
(14565 -18125.1 -32324.7 23 123 3)
(14567 -119787 117720 565 665 1)
(14570 -58353 -123725 69 169 1)
(14579 9121.81 55193.9 228 328 1)
(14587 -111744 33975.2 433 533 3)
(14591 -16064.2 -11224.1 387 487 1)
(14597 80613.6 103643 611 711 3)
(14598 -50228.3 -68503 92 192 1)
(14603 118921 -112911 595 695 1)
(14606 -96665.6 56287.3 629 729 3)
(14607 -102558 2906.39 292 392 1)
(14615 21166.4 -24257.9 16 116 1)
(14616 55408.5 -57633.4 12 112 3)
(14618 82651.9 -27342.9 601 701 1)
(14619 -48246.1 -141068 382 482 1)
(14621 117017 -138249 609 709 3)
(14627 50323.8 1896.62 2 102 1)
(14633 -35164 -106592 105 205 1)
(14645 -73801.6 -78649.3 335 435 1)
(14668 -56246.9 147829 55 155 3)
(14690 -37138.5 19004.7 1 94 1)
(14693 -65331.9 21040.4 128 228 1)
(14701 -32124 -4154.4 252 352 1)
(14705 -84360.7 76436.4 17 117 1)
(14707 -75071.5 -40063.4 40 140 3)
(14708 -84458 -135948 269 369 1)
(14710 48376.7 8936.02 491 591 3)
(14712 -14981.2 53220.1 267 367 1)
(14722 -76399.2 -75598.9 280 380 1)
(14725 -13942.5 -9386.4 74 174 1)
(14727 107859 128828 611 711 3)
(14731 109707 75358 190 290 1)
(14734 -52268 148775 323 423 1)
(14742 -32138.3 -79592.9 567 667 1)
(14756 51320.4 37082.4 27 127 1)
(14759 66523.5 -48453 485 585 1)
(14763 64530.4 5917.27 622 722 1)
(14766 -10020.4 8752.11 212 312 1)
(14768 -59264.3 30121.7 129 229 1)
(14777 -33553.2 -139987 236 336 1)
(14781 24230.1 -107895 510 610 1)
(14785 95646.8 66246.9 607 707 1)
(14797 -61335.8 -4179.96 294 394 1)
(14807 -22926.6 103489 195 295 1)
(14808 8507.2 97777.2 337 437 1)
(14813 -120883 16980.4 416 516 1)
(14818 73573 -1152.13 547 647 3)
(14822 -94517 11007.6 412 512 1)
(14826 -3951.14 67310.9 512 612 3)
(14829 89329.8 51261.9 501 601 1)
(14839 79512.1 108509 193 293 1)
(14840 12111.7 64278.8 307 407 1)
(14841 83579.1 86675.1 142 242 3)
(14842 10023.6 -111717 99 199 1)
(14844 -24112.8 -64545.3 436 536 3)
(14850 84590.4 1843.58 533 633 1)
(14852 -20048.4 -31319 378 478 1)
(14881 54415.9 125786 464 564 3)
(14884 18146.6 -13174.7 27 127 3)
(14909 -30118.1 -132010 378 478 1)
(14910 17141.1 117529 6 106 1)
(14914 -939.899 104506 259 359 1)
(14926 106600 53200.8 288 388 1)
(14928 -100477 88369.7 182 282 1)
(14934 -36965.2 -63523.7 496 596 3)
(14935 1989.48 -116926 410 510 1)
(14938 11171.9 -56473.4 375 475 1)
(14945 -35216.7 -60344.4 161 261 1)
(14952 79526 -130851 41 141 3)
(14955 82531.9 50209.1 205 305 1)
(14960 41363.1 -77683.3 543 643 1)
(14965 2060.06 111548 214 314 1)
(14967 -10009.3 92611.1 610 710 1)
(14971 9117.28 -71571.7 4 104 1)
(14973 -65244.4 -13541.3 4 104 1)
(14977 -18048.5 3911.71 1 96 1)
(14978 59470.9 -5179.72 454 554 1)
(14987 -53307.4 94504.5 598 698 1)
(14995 25233.9 -144220 518 618 1)
(14999 87570.5 84383.6 287 387 1)
