(120004 91562.9 -109738 68 168 1)
(120008 70438.9 -75535 96 196 1)
(120013 33278.1 9889.56 276 376 1)
(120024 51371.6 10931.9 222 322 3)
(120034 96608.9 -111861 364 464 3)
(120037 49370.2 -74618.5 325 425 1)
(120062 110801 -63564.3 435 535 1)
(120065 -75283.9 67267.9 128 228 1)
(120066 72491.4 -120897 361 461 1)
(120067 -40175.7 -57547.6 512 612 1)
(120079 40351.3 -90779 592 692 1)
(120081 -4022.19 112433 17 117 1)
(120082 -42177.4 -119763 44 144 1)
(120085 67444.3 -36306.7 48 148 3)
(120100 -123689 58249.4 237 337 3)
(120103 -68329 -9211.76 131 231 1)
(120112 79613.4 37387.8 565 665 1)
(120113 83500.7 103486 212 312 3)
(120123 104636 6947.4 122 222 1)
(120136 -119645 41117.8 196 296 1)
(120142 -98500.3 -21236.9 120 220 3)
(120154 94695.6 96501.9 439 539 3)
(120155 113917 71306.6 565 665 1)
(120160 30239.7 -43376.8 194 294 1)
(120163 -24092.3 -27348.4 473 573 -1)
(120169 21247.7 72326.1 184 284 1)
(120173 51408.1 -149208 503 603 1)
(120175 -32312 -79723.5 577 677 1)
(120179 -40212.1 -28207.1 118 218 3)
(120180 -67404.4 76457.9 528 628 1)
(120182 -107608 -141029 354 454 1)
(120189 17102 -65471.4 370 470 1)
(120194 -74386.5 11943.3 314 414 1)
(120198 -23100.8 145644 35 135 1)
(120202 -91550.6 -28329.3 507 607 1)
(120213 -10968.4 77392.6 587 687 1)
(120214 -13983.4 -114887 437 537 1)
(120235 8122.83 8960.82 275 375 1)
(120241 11081.5 78301 98 198 1)
(120243 -84810.1 105517 588 688 1)
(120269 124687 145634 4 104 1)
(120274 -95452.4 78299.6 8 108 1)
(120276 91711.5 -8194.05 591 691 1)
(120278 67842.5 -29073.5 349 449 3)
(120283 113687 -128865 254 354 1)
(120284 -90500.3 -123847 95 195 1)
(120299 113688 -70478.7 1 98 1)
(120304 36282.4 -1163.55 165 265 1)
(120308 -63325.2 69277.7 371 471 1)
(120315 18180.6 41128 277 377 1)
(120319 -75372.3 120624 48 148 1)
(120336 4089.45 57243.7 592 692 1)
(120337 -47271.7 -119965 525 625 1)
(120339 -13036.8 -4189.48 625 725 1)
(120349 55283.4 84376.4 258 358 1)
(120351 34241.6 -49470.8 414 514 1)
(120358 -959.056 70300.6 281 381 1)
(120367 39369.5 12944.1 543 643 3)
(120371 -18368.9 -485.477 620 720 1)
(120373 80998.8 -39155.3 625 725 1)
(120385 -96448.7 -82623.4 20 120 1)
(120390 123795 13955.1 102 202 1)
(120403 55432.3 -26309.3 443 543 1)
(120405 106656 -1159.02 108 208 1)
(120408 -15092.1 -53530.5 423 523 1)
(120412 114761 -86681.4 448 548 1)
(120426 123950 139890 620 720 1)
(120427 58344 -11248.2 397 497 1)
(120435 -98603.4 33173.4 466 566 1)
(120437 -110660 -64561.8 426 526 3)
(120442 81530.4 -10183.8 169 269 1)
(120444 -39181 -85685.3 361 461 3)
(120445 -5057.07 -111785 65 165 3)
(120447 31284.2 79375.2 131 231 1)
(120448 -3928.13 105556 466 566 1)
(120458 6156.89 -28191.5 357 457 3)
(120467 36293.8 -52435.5 250 350 1)
(120468 -73284.2 -13232.1 608 708 1)
(120469 -58291.2 -134940 230 330 1)
(120474 105828 -22290.8 562 662 1)
(120478 77712.6 -40364.8 578 678 1)
(120487 -79530.6 -144137 503 603 3)
(120492 -86469.6 -57425.4 68 168 1)
(120496 -17102.1 -135098 568 668 1)
(120499 109863 -23299 519 619 3)
(120500 23188.2 8762.57 213 313 1)
(120505 63377.7 -45435.1 1 101 1)
(120509 -98449.4 -148081 203 303 1)
(120516 -75205.1 -107732 339 439 1)
(120526 -116572 21014.4 266 366 1)
(120531 -82409.5 -99740.4 348 448 3)
(120534 105485 -61531.5 39 139 3)
(120540 -85430.5 -38331.3 99 199 1)
(120544 46344.1 -24293.1 295 395 1)
(120552 -2946.74 46177.1 16 116 1)
(120554 54372.3 -138994 273 373 1)
(120559 -22063 49160.2 236 336 1)
(120564 66489.9 -124946 403 503 3)
(120583 -35140.9 -101666 58 158 1)
(120584 -33191.3 114579 251 351 3)
(120588 33368.4 87431.8 251 351 1)
(120591 81592.1 -93689 351 451 1)
(120592 -39168.1 51240.4 521 621 1)
(120610 23737.5 96486.6 148 248 1)
(120617 59432.5 -58489.9 234 334 1)
(120623 -99664 28181 428 528 1)
(120625 -20074 29071.4 388 488 1)
(120639 58398.5 -135898 135 235 1)
(120640 -77360.2 100448 75 175 1)
(120642 -57425.9 125653 324 424 1)
(120644 35326.7 -23312.1 588 688 1)
(120650 21201.9 -75713.5 474 574 1)
(120651 17193.2 19998.8 614 714 1)
(120652 51434.5 -58550.3 515 615 1)
(120685 16175.9 -70568.3 340 440 3)
(120693 -112369 -81508.9 206 306 1)
(120696 1064.29 -69475.4 198 298 1)
(120698 -48209.8 -36310 71 171 1)
(120701 -60585.6 13988.4 451 551 3)
(120705 6094.88 45108.4 5 105 1)
(120706 -88412.5 54173.3 1 100 1)
(120718 109747 130706 476 576 1)
(120725 11053.9 81444.8 153 253 3)
(120730 81574.4 38270.2 158 258 1)
(120731 30279.8 20086.2 365 465 1)
(120766 68391.3 -123819 78 178 1)
(120774 -114872 12939.1 561 661 3)
(120775 -45208.5 29021.6 11 111 1)
(120780 -76672 -63582.4 110 210 3)
(120786 59349.7 -68507.2 107 207 1)
(120790 62390.8 125634 576 676 1)
(120796 64.5861 -143122 489 589 3)
(120798 27187.3 88428.7 134 234 3)
(120799 38360.4 -6154.8 600 700 3)
(120801 -17026 -7162.08 604 704 3)
(120805 110519 -37510.3 436 536 1)
(120821 99645.6 -14270.5 305 405 -1)
(120825 49340.3 -82656.8 339 439 1)
(120829 -58301.8 -134962 239 339 1)
(120833 -51270.6 -39379.7 410 510 1)
(120834 -37206.5 -14297.8 482 582 1)
(120835 -27173.2 -42380.7 349 449 1)
(120842 16496 109053 527 627 1)
(120848 18174.6 53181.1 120 220 3)
(120854 -14095.1 -28399 206 306 1)
(120862 -101713 -79688 400 500 1)
(120864 -8985.1 -63454.2 1 100 1)
(120878 -26088.4 -20245 454 554 1)
(120882 -78391.6 1866.89 408 508 1)
(120884 5084.92 -45281.9 530 630 1)
(120886 -34162.5 37110.4 366 466 3)
(120889 58476.1 85426.3 491 591 1)
(120891 69501.8 -10342.5 74 174 1)
(120903 -23076 -36331.1 301 401 1)
(120904 113843 -142087 477 577 1)
(120905 -80285.6 12078.3 162 262 1)
(120909 -107509 -127979 593 693 1)
(120911 27293.3 17937.7 500 600 1)
(120916 -70323.9 -40339.1 1 99 1)
(120919 119744 143631 84 184 3)
(120925 122942 108724 577 677 1)
(120927 -81396.9 93457.8 537 637 1)
(120932 106693 -114842 213 313 1)
(120939 16303.6 6959.03 189 289 3)
(120941 -116282 130298 545 645 1)
(120943 37413.2 -2877.66 493 593 3)
(120950 56431.9 -47448.9 451 551 1)
(120951 43264.3 904.238 1 93 1)
(120954 -117627 -112741 185 285 1)
(120956 -3960.45 -58487.8 234 334 1)
(120958 60521.1 -58554.5 571 671 1)
(120960 119016 11623.6 11 111 1)
(120965 5102.26 102576 285 385 1)
(120968 98736.9 88688.7 335 435 1)
(120971 -95587.4 -41366.9 460 560 3)
(120972 -58338.6 -129052 562 662 3)
(120975 -63335.1 -126833 21 121 3)
(120983 -43198.3 -94736.5 365 465 1)
(120985 -997.643 -149122 509 609 1)
(120990 -123568 -105822 27 127 1)
(120994 -117659 8984.06 51 151 1)
(120997 -81400.2 -113789 212 312 3)
