(100009 -10016.2 -59578.5 624 724 1)
(100017 76441.4 77462.9 175 275 1)
(100026 -18055 -62497.5 64 164 1)
(100030 71525.3 -79632.5 391 491 1)
(100038 -14012.2 108539 316 416 3)
(100048 -44363 84315 239 339 1)
(100052 32093.6 -119994 405 505 1)
(100053 -46183.7 77288.1 25 125 3)
(100060 4039.56 -38333.9 360 460 1)
(100064 -956.366 124796 344 444 1)
(100070 91578.9 -53371.6 74 174 1)
(100075 87630.8 -125029 230 330 1)
(100077 -79408.2 -56399.1 217 317 3)
(100080 -10003.1 -140962 233 333 1)
(100081 -15034.2 -88718.9 399 499 1)
(100087 -74426.7 -47476.2 364 464 1)
(100093 18176.9 146819 316 416 1)
(100099 -97491.4 96432.4 151 251 3)
(100101 -36146.3 -34426.1 548 648 3)
(100107 -8017.98 -10222.6 553 653 3)
(100115 75607.9 89483.1 607 707 3)
(100123 -79424.1 72329.7 26 126 1)
(100141 49425.5 -80585.8 493 593 1)
(100149 -69246.9 16934.6 39 139 1)
(100157 21207.3 76396.9 593 693 1)
(100163 105708 -147032 298 398 1)
(100172 82499.9 128598 87 187 1)
(100174 -47203.6 125613 90 190 1)
(100177 -101579 -26451.3 10 110 1)
(100179 123841 137947 438 538 1)
(100180 40340.3 34041.8 363 463 3)
(100182 25241.2 27049.5 332 432 3)
(100183 92714.8 10926.1 560 660 1)
(100198 -97605.8 -45494.7 515 615 1)
(100199 74393.3 -126860 177 277 1)
(100200 70487.3 -63343.6 141 241 1)
(100201 -26012.1 -88674.8 440 540 1)
(100202 101729 -17224.5 286 386 1)
(100206 92680.7 85395.4 562 662 1)
(100210 71530.1 -117892 538 638 1)
(100215 61468.1 64270.2 401 501 1)
(100228 85639.2 -22163.1 30 130 1)
(100234 -99456.9 8862.74 34 134 1)
(100239 26262.2 37114.2 507 607 1)
(100241 70430.2 -34281.6 449 549 1)
(100254 100766 36155.2 629 729 1)
(100288 -8048.11 126546 256 356 1)
(100300 31131 -146049 435 535 1)
(100304 41491.8 135826 34 134 1)
(100310 93770.5 -33326.8 616 716 3)
(100312 42384.4 -21271 583 683 1)
(100314 -55261.3 21002.1 178 278 1)
(100322 57467.8 3874.44 433 533 3)
(100333 -96478.8 70295.8 265 365 3)
(100338 9306.26 -34366.5 535 635 1)
(100340 103511 -35430.3 198 298 1)
(100341 13093.9 -72512.2 17 117 1)
(100364 -9988.84 92502.2 497 597 1)
(100367 30274.6 77389.8 452 552 3)
(100381 -62342.7 -80662.6 339 439 1)
(100397 -78424 -13210.1 387 487 1)
(100398 -57272.3 25032.4 39 139 3)
(100402 12145.9 -141981 238 338 1)
(100403 77538.4 26123.3 544 644 1)
(100414 124649 -59372.9 18 118 3)
(100424 -71431.9 142923 528 628 1)
(100439 -39194.4 92438.9 238 338 1)
(100440 71486.4 -91685.3 240 340 1)
(100446 84461 21069.7 1 98 1)
(100452 9042.57 -31312.5 520 620 3)
(100454 -24099.2 -142072 434 534 3)
(100464 -58287.6 16965.4 159 259 1)
(100472 18159.1 103498 211 311 1)
(100477 104820 -60542.9 496 596 3)
(100479 -93507.4 -97508.3 80 180 3)
(100482 100783 -54304.5 164 264 1)
(100492 25194.8 41112.3 277 377 3)
(100497 46443.1 50239.8 268 368 3)
(100503 81892.8 146751 113 213 1)
(100509 -28142.7 39097.2 215 315 1)
(100519 -116553 -11086.1 152 252 3)
(100521 -53215.6 34059.5 62 162 3)
(100552 35264.6 122575 288 388 1)
(100559 -41204.3 -97721.1 206 306 3)
(100561 18169.7 -71545.4 192 292 1)
(100566 120829 -140997 317 417 1)
(100588 114792 144818 75 175 3)
(100589 -6996.49 22055.4 173 273 1)
(100597 -50272.4 -74640.2 441 541 1)
(100606 110822 29048.6 496 596 3)
(100607 70519.8 -105815 387 487 1)
(100609 -76400.2 -128905 269 369 1)
(100611 -40132.8 -62497.4 111 211 1)
(100614 -1933.62 -54471.2 335 435 3)
(100615 -75480.6 63298.5 533 633 1)
(100621 -19075.1 28059 548 648 1)
(100624 120160 8747.91 555 655 1)
(100632 -17046 113572 468 568 3)
(100641 20223.5 -106854 489 589 1)
(100651 66509.6 98518.1 489 589 1)
(100653 28346.7 -5210.27 552 652 3)
(100655 -32159.1 -31367.8 585 685 1)
(100663 7166.48 -105957 522 622 1)
(100664 103626 72264.8 22 122 3)
(100669 -67367.6 75341.8 324 424 3)
(100670 44252.3 50443.5 252 352 1)
(100698 119660 -147836 83 183 1)
(100699 -34233.2 -124994 284 384 3)
(100705 43280.8 -100625 134 234 1)
(100707 53310.5 64234.3 184 284 1)
(100715 15164.8 87500.6 293 393 1)
(100717 30274.9 -32388.9 535 635 3)
(100726 43375.7 32111.3 202 302 1)
(100727 -50244.9 -42358.2 63 163 1)
(100735 -61281.1 -60594.5 385 485 1)
(100737 108883 49444.1 168 268 1)
(100745 23243.7 -69637.7 533 633 1)
(100747 -114685 -145849 140 240 1)
(100762 115850 60264.9 263 363 1)
(100772 2196.46 83379.9 479 579 3)
(100786 19839.2 -16341.3 231 331 1)
(100790 -116725 89417.9 571 671 1)
(100794 -56129.2 -42302.2 494 594 1)
(100799 -13033.2 114494 11 111 1)
(100801 -9996.46 -135008 492 592 1)
(100802 46300.7 -68486.7 49 149 1)
(100803 -47218.8 -146971 183 283 1)
(100805 -62362.9 7917.37 427 527 1)
(100807 -11166.5 -112991 380 480 1)
(100815 -119728 -49498.1 348 448 1)
(100818 -67226.8 -30392.9 95 195 1)
(100823 111715 -136898 125 225 1)
(100834 57644.3 -82547.1 407 507 3)
(100836 102908 8896.02 585 685 1)
(100846 68550.7 19992 584 684 1)
(100857 28166.6 -98685.6 146 246 3)
(100858 117897 111453 389 489 1)
(100859 53356.8 -112745 105 205 1)
(100860 64413.3 5913.55 88 188 1)
(100865 40356.7 -17367.8 597 697 1)
(100867 -42999.5 66229.5 47 147 3)
(100870 -99373.1 -129918 291 391 3)
(100876 29308.9 51333.1 92 192 3)
(100886 35229.3 -53383 7 107 1)
(100888 16120.5 11968.4 236 336 1)
(100889 -25107.5 57221.3 215 315 1)
(100890 -118709 51873.7 362 462 1)
(100895 -55260.2 124610 211 311 1)
(100900 -122766 -48475.9 539 639 3)
(100935 -38210.8 -76700.9 610 710 1)
(100945 -42223.6 -75680.9 509 609 3)
(100952 28246 63276.6 302 402 1)
(100958 26287.2 -58551 513 613 1)
(100962 3195.24 -40471 104 204 1)
(100972 122765 -30318.5 91 191 1)
(100973 76701.4 -7298.56 601 701 1)
(100975 -38148.7 120636 218 318 1)
(100977 39293.3 -102782 513 613 1)
(100986 1068.35 -25274.9 312 412 1)
(100988 25211.8 31089.3 292 392 1)
(100996 -50072.7 -3163.81 69 169 1)
(100998 23261.4 30837.1 458 558 3)
