(58018 107824 117670 564 664 1)
(58027 -27298 42720.4 390 490 1)
(58038 -54332.7 -148176 584 684 1)
(58056 -2991.65 -13122.7 465 565 1)
(58057 34.309 97424.8 562 662 1)
(58062 -102756 -133452 221 321 3)
(58063 80474.8 -45352.2 7 107 3)
(58082 38295.1 -135940 241 341 1)
(58084 -58290.7 -69546.5 291 391 1)
(58085 75400.4 -58359.4 264 364 3)
(58104 94577.8 113430 462 562 1)
(58110 -69319.9 -117746 1 93 1)
(58122 1074.25 24011.9 301 401 1)
(58124 65506.5 -148121 449 549 1)
(58130 82634.3 143607 82 182 1)
(58140 119867 15957.2 396 496 1)
(58141 -3866.26 -45403.7 127 227 1)
(58146 49366.3 38077.7 312 412 3)
(58149 -87520.8 -99813.1 472 572 1)
(58154 -36185.6 -65547.9 420 520 1)
(58157 -116740 -76558.3 9 109 1)
(58159 -13007.3 -123918 377 477 1)
(58161 42330.7 -79411 3 103 1)
(58174 -16040.7 81318.7 1 94 1)
(58176 -120620 66270.7 143 243 1)
(58188 -103617 92477.6 469 569 3)
(58197 50451.5 936.218 393 493 1)
(58201 9115.3 -60466.5 5 105 3)
(58210 124970 76396.1 337 437 1)
(58218 -82520.4 -59450.1 184 284 1)
(58219 -26293.1 -23234.3 173 273 3)
(58233 46384.1 141798 398 498 1)
(58239 -91438.3 86365.6 355 455 1)
(58251 -112600 -135163 465 565 1)
(58259 -46292.7 37097.8 532 632 3)
(58261 -40155.1 -94655.2 176 276 1)
(58264 102652 -26365.2 1 98 1)
(58275 77486.3 -25286.1 302 402 1)
(58277 -83470.9 -86835.8 353 453 1)
(58283 116867 2879.05 501 601 1)
(58287 -95622.7 98551.2 588 688 1)
(58290 -34073.6 48170 294 394 1)
(58291 2300.86 139977 396 496 1)
(58293 8177.91 63296.2 556 656 3)
(58297 -38167.1 -20254.4 211 311 3)
(58298 71457.6 -11174 89 189 3)
(58301 -104660 -55503.6 377 477 1)
(58303 -32138.3 -79671.3 484 584 3)
(58305 103732 -57512.4 467 567 1)
(58316 94726.9 147609 173 273 1)
(58318 -53318.6 -123832 168 268 1)
(58325 -93512.2 -83679.5 351 451 1)
(58330 27233.2 -104849 436 536 1)
(58334 34259.5 -126797 93 193 1)
(58335 -53313.1 -2101.14 603 703 1)
(58353 62474 103732 398 498 3)
(58360 104881 3902.99 621 721 1)
(58365 31335.2 -135818 109 209 3)
(58373 -14001.4 -102762 274 374 1)
(58374 -82525.2 -77602.8 159 259 1)
(58377 89663.1 141793 304 404 1)
(58378 65.2544 55226.5 343 443 3)
(58387 -86474 24041 308 408 3)
(58391 70561.8 101564 529 629 1)
(58392 -61306.2 -98621.7 192 292 3)
(58394 83520.5 37074 284 384 1)
(58396 -113577 145738 317 417 1)
(58401 -21077.2 -131933 293 393 1)
(58406 53488.8 83455.4 428 528 3)
(58412 110605 5836.19 108 208 3)
(58418 -91491.1 6833.33 46 146 1)
(58423 5066.75 -49361.8 245 345 1)
(58429 1093.08 -135028 423 523 1)
(58432 68517.6 -29229.6 430 530 1)
(58434 -117752 -74501.9 166 266 1)
(58451 101726 73325 351 451 1)
(58456 -56306.4 -129966 362 462 1)
(58461 9071.91 10841.4 1 98 1)
(58464 -37141.3 111479 19 119 1)
(58466 60328.6 -43382.3 275 375 3)
(58478 93955 39288.5 53 153 1)
(58482 88654.6 -82550.4 402 502 1)
(58485 -35182 -106880 554 654 1)
(58502 -71753.6 -40529.4 485 585 3)
(58508 63419.4 -55423.5 131 231 1)
(58522 -81359.3 56534.7 472 572 1)
(58533 -16951.6 -97669.3 172 272 3)
(58536 30233.5 80324.8 140 240 1)
(58562 -52368.3 -145105 508 608 1)
(58576 46353.5 -43399.9 319 419 1)
(58587 28218.2 -54419.2 62 162 1)
(58592 49439 -109955 533 633 1)
(58601 -22081.7 -119861 232 332 1)
(58603 40319.3 -16290.9 386 486 1)
(58613 77503.9 -25277.8 136 236 1)
(58629 -19058.5 -58438.9 88 188 1)
(58635 -109632 84400.5 354 454 1)
(58636 -38233.4 -86688.9 334 434 3)
(58637 93579.2 -96636.2 84 184 1)
(58638 70539.6 -17257.2 486 586 1)
(58644 50340.5 -63510.1 223 323 1)
(58645 70541.8 3881.91 513 613 1)
(58647 97648.9 89420.9 313 413 1)
(58654 12125.9 127614 198 298 1)
(58657 14228 -206.044 498 598 1)
(58658 -59260 -20198.7 252 352 1)
(58661 -71385.1 -94801.2 439 539 1)
(58662 60458.9 -66580.6 337 437 1)
(58663 -60447.6 82621.4 220 320 1)
(58664 91644.4 89461.1 405 505 1)
(58670 66472.5 144767 408 508 1)
(58689 7178.38 -71629.9 366 466 1)
(58690 -112617 -98719.8 216 316 1)
(58693 -122797 -71479.7 257 357 3)
(58695 -47245.6 -25291.3 487 587 1)
(58706 -84496.1 76411.3 150 250 1)
(58707 -1815.49 20112.7 284 384 1)
(58712 -104753 -99787.9 550 650 1)
(58714 -106527 -118954 332 432 1)
(58718 8103.14 -23257.6 92 192 3)
(58725 -84542.1 94519 465 565 1)
(58738 -37119.5 97374.4 182 282 1)
(58744 -18065.7 59378.8 375 475 1)
(58745 -35148 147817 274 374 1)
(58747 -23113.9 12932 263 363 1)
(58751 10155.1 -15165.3 107 207 1)
(58753 34257.7 -143048 354 454 3)
(58756 15212.9 -76636.7 566 666 1)
(58757 -76393.8 -67556.7 87 187 3)
(58759 -122762 86472.4 479 579 1)
(58781 54271.5 -71623.1 325 425 1)
(58784 -41158.8 -64465.1 30 130 1)
(58789 -16023.2 -68514.3 108 208 3)
(58793 -7995.71 -34324.4 102 202 1)
(58796 -30135.4 141720 12 112 1)
(58800 108968 112614 553 653 3)
(58802 23483.8 145.933 325 425 1)
(58803 -5045.51 36984.1 331 431 1)
(58829 -71568.5 124737 611 711 1)
(58830 -4907.17 140706 180 280 3)
(58833 -65114.3 -112620 146 246 1)
(58839 -16032.7 -84792.1 521 621 1)
(58840 -56347.5 -29272.6 181 281 1)
(58878 -115606 -134861 310 410 1)
(58879 104742 2832 119 219 1)
(58881 -61377 -90775.7 478 578 1)
(58886 43380.6 -80556.7 213 313 1)
(58889 -56337.7 -126034 605 705 3)
(58890 -105482 -31225.7 127 227 3)
(58893 84590.4 104521 325 425 3)
(58896 90569.4 -15163 63 163 1)
(58905 12314.5 -76575.7 571 671 3)
(58921 -77466.8 -57536.8 546 646 3)
(58922 4072.33 -90810.2 470 570 1)
(58927 -1936.75 -140133 602 702 3)
(58932 51298.2 -33325.9 202 302 1)
(58936 44345.5 75306.9 271 371 3)
(58949 -29139.7 -136059 522 622 3)
(58954 23160.2 53195.4 174 274 1)
(58957 -68177.3 -120881 154 254 1)
(58958 21016.1 44019.9 59 159 1)
(58966 96638.7 -58481.4 443 543 1)
(58974 -13025.1 -131982 361 461 3)
(58977 106645 -139906 64 164 1)
(58978 79609.4 12846 142 242 1)
(58981 48402.8 18043.5 241 341 3)
(58987 -121837 -138166 604 704 1)
(58988 -112706 41136.7 510 610 3)
(58994 -41176.1 98494.2 255 355 1)
(58996 69427.4 20997.3 1 101 3)
(58998 108724 124531 47 147 1)
