(181004 -92324.8 -15378 494 594 1)
(181009 96667.4 131697 336 436 1)
(181020 -48228.1 21987.4 175 275 1)
(181035 -69353.6 142716 193 293 1)
(181036 8105.88 -5191.19 351 451 1)
(181046 -9197.95 -24305.7 487 587 3)
(181049 -39203.5 7085.89 216 316 1)
(181051 -16126 -97708.7 198 298 1)
(181053 -55182.1 77365.6 387 487 1)
(181056 -61288 -42095.4 422 522 1)
(181058 44321.7 78329.2 192 292 1)
(181061 -120909 -47476.3 322 422 3)
(181064 14232.5 135747 521 621 1)
(181067 -7968.61 -98953 614 714 3)
(181072 -103693 125679 606 706 1)
(181073 118758 94415.1 183 283 1)
(181080 15193.9 -132880 186 286 1)
(181086 75696.2 -48077.7 488 588 1)
(181090 -82549.8 13955 619 719 1)
(181091 18227 23010.5 1 101 1)
(181092 -67418.9 55247.8 407 507 3)
(181094 -54268.6 12948.4 214 314 1)
(181110 -81355 -24377.2 251 351 1)
(181121 -1973.21 -23277 267 367 1)
(181127 101768 -73707.7 475 575 1)
(181128 13125.2 8909.44 183 283 1)
(181131 30166.2 -85672.5 207 307 1)
(181136 39313 -50542.1 64 164 3)
(181152 65396 10953.7 304 404 3)
(181154 -101441 -41354.8 147 247 3)
(181160 7102.65 85290.7 322 422 1)
(181163 -111183 18803.5 476 576 3)
(181167 -49302.2 -105860 489 589 3)
(181172 -74392.7 -133918 269 369 3)
(181176 -65524.6 -26275.2 599 699 1)
(181177 -69308.8 6934.11 10 110 1)
(181185 -52145.4 -100699 137 237 1)
(181187 41188.1 92560.8 243 343 1)
(181191 -31062.6 -149981 214 314 1)
(181197 -111593 -28470.3 342 442 1)
(181201 37052.7 53886.9 110 210 1)
(181206 122914 108604 543 643 1)
(181214 7146.03 -12126.2 17 117 1)
(181223 57408.7 -77588.5 230 330 3)
(181230 -7016.77 -82586.8 106 206 1)
(181256 -39179.6 -29282.8 67 167 1)
(181261 -61332.3 46196.9 544 644 1)
(181266 -39221.6 -123274 439 539 1)
(181267 18162.5 75375.3 502 602 1)
(181277 71438 34093.7 6 106 1)
(181278 9085.23 -86603.3 368 468 1)
(181282 24187.7 -11221.9 466 566 1)
(181285 -17037.5 -15241.9 461 561 1)
(181288 -92487 84406.4 140 240 1)
(181295 -3005.76 -125983 565 665 1)
(181296 33586 55987.1 492 592 1)
(181300 58359.7 129585 24 124 1)
(181305 49395.3 123760 266 366 1)
(181309 80598.5 -103865 315 415 1)
(181312 -6976.23 -141989 262 362 1)
(181318 -19133.2 33077.4 460 560 3)
(181323 -55269.9 -76591.5 38 138 1)
(181335 -83354.3 9925.18 335 435 3)
(181340 2096.69 48090.5 502 602 1)
(181348 111808 49201.9 445 545 1)
(181351 -17184.1 -58407.4 121 221 1)
(181353 -32153 37053.5 271 371 1)
(181355 -109683 16949 332 432 1)
(181356 48976.3 69367.6 537 637 1)
(181357 6104.61 95387.1 138 238 1)
(181360 -111706 -65601.2 558 658 1)
(181370 -44162 -70573.7 237 337 3)
(181371 3800.45 129551 50 150 3)
(181379 -77464.8 -128962 427 527 3)
(181380 19176.2 -59465.5 162 262 1)
(181393 48203.7 -73896.1 604 704 1)
(181397 45328.8 -125941 343 443 1)
(181398 28248.5 91452.3 390 490 1)
(181403 1064.59 -60449.1 87 187 1)
(181416 21179.8 -133885 169 269 1)
(181421 -68387.1 -128054 613 713 1)
(181426 -101594 116618 414 514 1)
(181432 -49283.8 133708 200 300 -1)
(181436 -3950.06 -136929 197 297 1)
(181438 -120639 2970.43 192 292 3)
(181439 -118708 -94789.3 508 608 1)
(181440 63559.5 70467.5 616 716 1)
(181454 -12001.2 -103744 176 276 1)
(181456 122840 5900.83 360 460 1)
(181462 -66423.7 53090.6 611 711 1)
(181471 -75413.8 -120910 410 510 3)
(181475 -55231.7 33048.5 34 134 1)
(181477 15332.9 -67630.6 430 530 1)
(181484 109719 -87676 411 511 1)
(181487 -22034.9 7804.85 219 319 1)
(181491 -22090.6 -83661.9 317 417 1)
(181492 -62293.8 52159.5 230 330 1)
(181498 -29172.2 -4173.67 284 384 3)
(181501 10226.2 74611.1 498 598 1)
(181526 -52288 72405.8 396 496 1)
(181535 -85481 -127874 277 377 1)
(181538 -65262.9 -105737 193 293 1)
(181539 63462.2 -21296.4 160 260 1)
(181541 92588.2 31983.9 428 528 1)
(181543 93765.7 -64605.6 581 681 1)
(181550 -53348.5 36175.5 581 681 3)
(181558 -47178.2 84356.4 337 437 1)
(181559 11143 -75675.4 524 624 1)
(181560 97597.9 52230.5 468 568 1)
(181562 -122604 -95675.7 145 245 1)
(181565 -24086.3 57184.7 28 128 1)
(181569 41273.5 -145141 434 534 1)
(181580 57362 -22392.5 323 423 3)
(181582 87739 145902 568 668 1)
(181583 59519.1 -58521.3 613 713 1)
(181592 -36192.8 119699 567 667 1)
(181607 33351.7 12875.7 507 607 1)
(181613 -90602.3 133711 267 367 1)
(181617 -105576 108564 243 343 1)
(181619 -10753.7 139888 305 405 1)
(181621 -57445.4 74345.7 611 711 1)
(181622 4090.35 -39390.8 623 723 3)
(181626 -52340.1 -8338.86 325 425 1)
(181628 69129.6 10835.8 3 103 3)
(181629 1163.06 8920.65 90 190 1)
(181631 -55302.1 -87674.9 380 480 1)
(181650 54408.1 -71533 330 430 1)
(181662 -95585.1 114635 551 651 1)
(181669 -113796 44934.6 115 215 1)
(181671 22212.3 -55517.1 214 314 1)
(181672 -87392.3 -26215.1 29 129 3)
(181674 -82428.3 -68569.8 128 228 3)
(181677 48518.4 2897 13 113 1)
(181691 -69387.9 144819 461 561 1)
(181696 -49248.7 -136072 134 234 1)
(181698 -99856.8 -56833.6 107 207 3)
(181700 52431.6 21008.4 565 665 1)
(181703 -71331.2 -76609.1 282 382 1)
(181707 14135.4 -88572.4 20 120 1)
(181717 -39125.8 -111929 525 625 1)
(181719 -72434 141830 515 615 3)
(181727 -52284.9 -43449.6 517 617 3)
(181735 86876 -128717 20 120 3)
(181741 104649 -126862 206 306 3)
(181754 -21037.6 -46409.5 273 373 3)
(181758 -53295.8 116733 556 656 1)
(181761 53414.3 -74572.8 174 274 1)
(181762 73560.4 79453.7 494 594 1)
(181767 -45205.6 141731 353 453 3)
(181775 2016.99 -40380.5 105 205 1)
(181777 30183.5 -76587.9 132 232 1)
(181781 73628.4 136817 476 576 1)
(181789 29141.6 94368.7 50 150 1)
(181792 88572.6 -118696 40 140 1)
(181801 -11096.4 63375.3 115 215 1)
(181802 72439.9 -110742 1 100 3)
(181804 -58242.4 -129076 514 614 1)
(181811 15182.7 -6197.17 204 304 1)
(181814 43339.2 -57486.5 376 476 1)
(181819 -9961.45 -129867 161 261 1)
(181822 -73447.1 139964 527 627 1)
(181826 -54235.4 58190.2 26 126 1)
(181843 -39220.8 112371 16 116 1)
(181851 -81321.8 -93648.6 160 260 1)
(181853 15265.9 32007.9 127 227 1)
(181859 -59465.3 -141884 458 558 1)
(181879 50575.3 -6985.53 72 172 1)
(181884 45369.6 117680 555 655 1)
(181885 28244.1 -103820 598 698 1)
(181899 10114.4 120558 89 189 1)
(181905 -42267.6 61266.7 365 465 1)
(181908 -21070.3 -90728.3 502 602 1)
(181914 35258.1 -22247.5 127 227 1)
(181920 110674 131362 151 251 1)
(181942 54459.5 95524.7 600 700 1)
(181947 54404.2 27069.7 299 399 1)
(181958 -4977.65 77401.8 545 645 1)
(181960 -77402.2 -105755 236 336 1)
(181964 -9999.31 -133101 576 676 1)
(181973 -72361.5 3861.45 310 410 1)
(181979 -86465.7 -139029 328 428 1)
(181985 -101561 -79616.3 283 383 1)
(181987 70459.5 117537 45 145 3)
