(40002 27229.8 57235.1 81 181 1)
(40004 17128.3 16044.8 570 670 3)
(40007 -23109.3 -116708 21 121 3)
(40016 102637 -120793 114 214 1)
(40029 -4966.74 104489 288 388 1)
(40035 -53286 110554 579 679 1)
(40037 -75351.2 -89595.5 23 123 3)
(40038 -93484.3 42962.7 65 165 1)
(40042 98712.3 48135.3 533 633 1)
(40043 61413.5 -60465.6 157 257 1)
(40047 -71468.8 87411.9 621 721 3)
(40053 60366.8 -30330.5 627 727 1)
(40054 -101513 -87494.4 84 184 3)
(40055 3074.52 -117806 166 266 3)
(40061 65596.3 71680.7 417 517 3)
(40063 -46226.4 -7160.63 84 184 3)
(40066 25206.1 -118835 389 489 1)
(40070 116778 -53457.9 239 339 1)
(40078 -30124.2 87337 23 123 3)
(40079 -25071.3 -6138.08 276 376 1)
(40084 36232.7 90382.4 158 258 3)
(40090 76562.4 131864 269 369 1)
(40091 -57310.3 -61418.1 221 321 3)
(40094 -106624 128620 269 369 1)
(40096 -76379.3 -117762 8 108 1)
(40102 -33264.9 123546 107 207 1)
(40116 17942.7 63235.8 39 139 1)
(40119 -47203.9 -4189.6 318 418 1)
(40133 -104602 -74513.9 48 148 1)
(40153 -25149.4 -51408.4 168 268 1)
(40161 -25140.8 -16257.6 564 664 3)
(40166 85519.4 -50384.8 4 104 3)
(40176 8093.7 -145892 50 150 1)
(40186 100634 -50445 241 341 1)
(40194 -65429.2 -13239.6 500 600 1)
(40195 -52169.4 45074.8 456 556 3)
(40202 -17083.6 -108689 80 180 1)
(40213 27040 -42311.1 423 523 1)
(40242 70487.4 71313 258 358 1)
(40244 122765 8095.39 279 379 1)
(40249 90544.9 62319.1 534 634 1)
(40250 12313.7 -83842.9 617 717 1)
(40252 19213.5 10972.2 98 198 1)
(40254 -101544 73381 364 464 1)
(40255 -61272 -5215.7 332 432 1)
(40258 -44213.7 -31348.5 380 480 1)
(40259 94629.7 100499 257 357 1)
(40263 -19243.8 -80534.6 1 93 1)
(40268 -47392.5 -1179.19 249 349 3)
(40271 -10968.6 -41381.6 328 428 1)
(40272 5155.04 -22286.5 413 513 1)
(40281 80563.4 -8164.83 241 341 1)
(40283 -917.85 81412.5 360 460 1)
(40295 105791 -101856 518 618 1)
(40297 -18000.8 -117772 44 144 1)
(40308 92906 103729 198 298 1)
(40309 -60370.7 -50368.4 27 127 1)
(40315 46346.2 43142.7 213 313 1)
(40321 -5970.07 65271.9 124 224 3)
(40326 -36191.6 -10221.8 569 669 1)
(40335 44286.2 82360.8 148 248 1)
(40337 -21122.1 -25220.7 341 441 1)
(40343 -60304.1 68265.4 217 317 1)
(40351 100766 -2167.88 437 537 3)
(40356 36277.4 69284.9 83 183 1)
(40365 63511.6 59267.3 540 640 1)
(40369 -86541.9 60291.7 598 698 1)
(40372 61469.1 25068.5 279 379 1)
(40378 -67806.1 -149178 341 441 1)
(40384 32259 42174.1 460 560 1)
(40390 109516 36342.4 120 220 1)
(40395 72412 -130907 30 130 1)
(40403 -44265.5 17958 342 442 1)
(40404 25210.9 20992.9 157 257 1)
(40407 -113730 -23239 118 218 1)
(40408 106691 124509 112 212 3)
(40409 -3963.41 -31305.7 187 287 1)
(40415 -34186.6 -97747.6 420 520 1)
(40423 -114707 -118713 457 557 1)
(40425 -27103.5 -86680.4 369 469 1)
(40446 81479.1 -80727.5 319 419 1)
(40449 -83436.7 -82612.1 321 421 1)
(40455 8068.94 81388.9 559 659 1)
(40456 -52246.7 -21261.1 233 333 1)
(40467 32226.4 -53409.4 79 179 3)
(40472 17589.1 128372 56 156 3)
(40479 22235 -77682.3 588 688 1)
(40480 -39198.1 -142142 550 650 3)
(40482 -45097.6 96561.2 543 643 1)
(40485 71508.8 54219.7 377 477 3)
(40486 12113.8 -137940 248 348 1)
(40496 66447.1 144831 332 432 1)
(40497 -65295 20100.6 209 309 1)
(40498 90625.6 136695 276 376 1)
(40507 107766 -110753 612 712 1)
(40518 60401.5 -93610 50 150 1)
(40520 8133.4 -55545.6 618 718 3)
(40521 16069 -46425.1 590 690 3)
(40523 -124777 -20457.9 327 427 1)
(40526 44326.2 -92677.7 198 298 1)
(40533 -79472.4 -63572.8 514 614 1)
(40537 -114671 -75669.2 379 479 3)
(40538 17197.8 39135.5 620 720 1)
(40539 110864 -11219.6 586 686 1)
(40545 -105498 -89582.8 11 111 1)
(40552 64465.6 91434.7 310 410 1)
(40561 -52254.7 -76516.1 78 178 1)
(40564 -64302.1 114493 29 129 1)
(40581 75600.4 -58655.7 501 601 1)
(40584 -99501.4 -91640.1 166 266 3)
(40596 -72430.5 -50433.4 370 470 1)
(40600 -901.661 3651.48 411 511 1)
(40608 -1840 -123934 247 347 1)
(40610 -22070.8 34113.1 570 670 1)
(40613 70547.5 -5142.1 443 543 1)
(40617 65478.2 78467.1 297 397 1)
(40622 101773 87496.5 598 698 1)
(40625 69430.1 9883.14 299 399 3)
(40627 -33204.1 114628 440 540 3)
(40628 -50301.9 -108925 612 712 1)
(40635 41330.9 -149087 393 493 3)
(40637 -17030 16969.2 424 524 1)
(40638 -67428.3 29083.3 185 285 3)
(40641 -25082.3 113519 209 309 1)
(40643 -44174.4 -81543.1 24 124 1)
(40646 -20985.6 -60374.6 50 150 1)
(40651 109673 -48403.7 149 249 1)
(40655 51360 -97693.1 152 252 1)
(40673 97577.1 16975.6 79 179 1)
(40678 29305.3 129605 48 148 1)
(40682 55403.1 43139.1 322 422 3)
(40683 23302.1 -69727.9 575 675 3)
(40685 -81497.1 -48518.9 453 553 1)
(40686 9085.56 -13178.8 76 176 3)
(40688 84567.7 -106836 366 466 3)
(40689 -35228.3 -57673 611 711 1)
(40698 -95449.8 10965.5 6 106 1)
(40702 61447.9 59311 12 112 1)
(40711 -86069.2 -96555.3 113 213 1)
(40724 89550.2 -103702 158 258 1)
(40725 -104500 -7141.75 11 111 1)
(40726 -110543 138632 68 168 3)
(40727 54380.6 119629 307 407 1)
(40729 -63209 -18115.9 221 321 1)
(40743 80545.4 -131209 568 668 1)
(40748 -106865 15978.8 557 657 1)
(40749 74.89 114642 524 624 1)
(40754 -79501.9 -121739 146 246 1)
(40760 -54262.1 -102743 212 312 3)
(40767 -70410.4 -113596 208 308 1)
(40768 107632 -145933 48 148 1)
(40773 -97498.4 67224.3 120 220 1)
(40775 100640 15965.4 4 104 1)
(40776 36145.5 72202.6 257 357 1)
(40780 88659.1 -41425.4 469 569 1)
(40781 -122659 -34310.3 389 489 3)
(40794 -1879.12 65327 161 261 1)
(40800 -75331 145831 402 502 1)
(40804 -25287.3 -6330.55 467 567 1)
(40810 -3053.58 148777 148 248 3)
(40811 -51371.1 -79676.3 372 472 1)
(40812 21281 51218.9 499 599 1)
(40813 -25084 57210.2 226 326 1)
(40824 19101.1 68449.3 173 273 1)
(40826 -72522.5 -57256 382 482 1)
(40834 -106570 31028.8 39 139 1)
(40841 -86648.1 100330 176 276 1)
(40842 90636.5 24984.8 11 111 1)
(40845 -21008.8 126467 49 149 1)
(40848 -8898.09 30871 629 729 1)
(40849 3126.43 9032.78 171 271 1)
(40864 -8987.34 52241.5 401 501 1)
(40874 -824.974 -71696.6 25 125 1)
(40875 -112696 95265.5 367 467 1)
(40879 -79474.5 51124.5 216 316 1)
(40881 -101586 35017.7 302 402 1)
(40889 -36159.6 68382.6 486 586 1)
(40892 -107587 105377 338 438 1)
(40895 116529 95435.3 363 463 1)
(40896 -93752.4 -11224.8 228 328 1)
(40899 58648.6 5710.2 591 691 3)
(40902 61454.5 -120783 82 182 1)
(40903 23260.9 -139181 307 407 1)
(40913 64478 -28295.4 307 407 1)
(40914 4108.46 -124003 622 722 1)
(40925 46360.6 -10248.2 457 557 1)
(40929 -10006.3 29085.3 292 392 1)
(40932 36248.9 -131817 21 121 1)
(40937 -69338.5 114538 153 253 1)
(40956 -12003.6 -85603.9 145 245 1)
(40960 5193.69 75352.7 371 471 1)
(40973 -61366.3 -58586.5 560 660 1)
(40976 -9014.6 -99727.5 209 309 1)
(40978 -25553.9 -27635.3 30 130 1)
(40988 47240.2 21014.4 34 134 1)
(40993 -100640 13925.4 541 641 1)
(40999 -90478 -61513.9 275 375 3)
