(29001 78763.8 60378.8 56 156 1)
(29026 -90484.6 107516 209 309 1)
(29032 77690.1 -98586.2 287 387 1)
(29035 5098.79 -75662.3 442 542 1)
(29038 -4949.43 34160.1 618 718 1)
(29042 -80515 -59561.4 586 686 1)
(29044 -32139.9 -57450.9 178 278 3)
(29067 88721.5 1784.54 408 508 1)
(29068 106824 55111.1 148 248 1)
(29071 90756.7 -69765.2 246 346 3)
(29072 115813 68311.1 389 489 -1)
(29082 -110685 8878.89 573 673 1)
(29084 -110552 134619 82 182 1)
(29100 101593 -1228.96 29 129 1)
(29110 91636.9 18986.9 569 669 3)
(29111 123780 -12232.1 216 316 1)
(29112 -7976.36 -85595.6 19 119 1)
(29118 53340.7 -137857 47 147 1)
(29129 -33136.9 -19251.8 296 396 1)
(29131 -58326.2 -67575.3 492 592 1)
(29138 88773.3 111693 614 714 3)
(29143 -69373.2 -3156.72 352 452 1)
(29151 -113700 -88708.6 273 373 3)
(29158 -14084.6 -113193 233 333 1)
(29160 -30061.7 -51266.9 392 492 1)
(29164 -2103.26 -36096.5 126 226 3)
(29168 -18055.5 -56500.5 380 480 3)
(29169 115700 -88616 120 220 3)
(29180 -94479 -15237.6 455 555 1)
(29193 45243.7 12953.4 94 194 1)
(29195 26201.3 109575 290 390 1)
(29204 113857 70438.6 488 588 1)
(29207 -108685 -84755.4 582 682 1)
(29210 103677 -86629 229 329 1)
(29213 -113668 37153.2 542 642 1)
(29229 -30110.8 60209.6 1 96 1)
(29239 96573.7 33211.2 46 146 1)
(29240 -17018.6 30090.6 422 522 1)
(29244 -44359.4 -110039 593 693 3)
(29253 -11108.9 -127145 607 707 1)
(29254 -114705 -12223.2 482 582 1)
(29257 -55334.3 -57508.1 332 432 1)
(29259 81682.7 91386.9 541 641 1)
(29260 36288.4 51187.3 253 353 1)
(29263 -44689.9 38308.9 75 175 3)
(29264 117874 108596 484 584 3)
(29266 -43223.2 -82688.4 463 563 1)
(29271 -6943.9 43076.8 78 178 1)
(29278 100.893 -73656.1 609 709 1)
(29280 -27093.9 -95675.8 149 249 1)
(29281 -80454.7 -27289.9 108 208 1)
(29292 66475.9 52191.6 302 402 1)
(29298 -21110.5 -103791 469 569 1)
(29299 35261.3 -61491.2 230 330 1)
(29308 49440.8 -74684.1 588 688 1)
(29312 6155.16 64356.8 563 663 1)
(29331 30280.7 -30271.7 222 322 1)
(29345 -64314.3 44118.4 113 213 1)
(29347 116790 -75601.9 345 445 1)
(29352 -119754 -12251 620 720 1)
(29365 89773.6 -147766 157 257 1)
(29369 26229 -135940 242 342 1)
(29370 -90536.2 -25296.8 394 494 1)
(29376 -80475.8 38107.6 314 414 1)
(29377 55370.3 -59455.3 117 217 3)
(29381 34153.5 -25320.8 491 591 3)
(29385 14145.7 -137874 64 164 1)
(29387 -21251.5 -120896 358 458 3)
(29391 80489.2 -35307.5 41 141 3)
(29393 -10997.3 -59558 546 646 1)
(29394 -23094.3 -130005 562 662 3)
(29398 34274.8 66270.4 135 235 1)
(29423 36237.7 -71489.3 76 176 3)
(29424 8152.72 3902.98 181 281 1)
(29430 -18043 146767 247 347 3)
(29435 -50276 -44452.8 628 728 1)
(29445 38332.8 36094.7 579 679 1)
(29453 -33181 5859.29 144 244 1)
(29454 -21070.7 71336.9 483 583 1)
(29455 -118847 136792 529 629 1)
(29456 47367.1 83437.5 420 520 1)
(29458 -9101.27 -54357.7 64 164 1)
(29461 116086 -119050 613 713 1)
(29464 -86485.6 78362.3 340 440 1)
(29467 66520.4 -121986 537 637 1)
(29469 -115589 -131754 4 104 3)
(29472 -32235.6 -110055 171 271 1)
(29473 -195.14 -29204.4 305 405 3)
(29475 -81433.6 -50459 336 436 1)
(29485 -123710 -92745.6 430 530 1)
(29488 -83486.7 36111.6 368 468 1)
(29497 -110713 5851.98 503 603 1)
(29498 -124661 57182.6 37 137 3)
(29502 102534 39063.7 19 119 1)
(29514 32152.2 -66505.6 52 152 1)
(29520 94205.8 142544 473 573 1)
(29521 27227.3 54199.7 297 397 3)
(29533 -29156.6 123487 26 126 1)
(29536 -36148.5 -85703.7 403 503 1)
(29542 38286.8 -114768 136 236 1)
(29546 -40123.9 -90604.2 81 181 1)
(29547 -85503.4 123313 262 362 1)
(29550 -94531.9 -101623 100 200 1)
(29553 -21109.5 67278.9 299 399 1)
(29556 -65495.1 3830.73 160 260 1)
(29559 47363.1 93443.2 304 404 1)
(29561 49434.4 -40282.2 37 137 1)
(29576 -109694 -45440.8 597 697 1)
(29582 18105.8 -25283.9 347 447 3)
(29594 -41654.3 -122020 170 270 1)
(29603 73659.3 -59878 430 530 1)
(29604 13166.4 -11242.2 626 726 3)
(29612 2086.49 54203.8 416 516 1)
(29616 -59174 75347.6 476 576 3)
(29617 44344.8 -88679.6 444 544 3)
(29619 54319.2 146984 505 605 1)
(29628 -104506 -81584.6 252 352 1)
(29640 6794.47 5930.19 493 593 1)
(29644 74454.8 -144101 282 382 1)
(29649 -79349 -76536.2 69 169 1)
(29650 -44198.8 60212.3 66 166 1)
(29661 -43189.7 -53789 234 334 1)
(29666 49185 -37183.3 365 465 1)
(29671 85678.4 -83611 537 637 1)
(29675 -109712 118515 253 353 1)
(29680 26120.4 -77481.6 118 218 3)
(29683 117747 42127.8 151 251 1)
(29694 -13050.5 -31283.6 110 210 1)
(29699 95654.2 -17247.8 318 418 1)
(29709 -32226.5 -53438.4 325 425 1)
(29721 -30258.3 -40558.5 625 725 1)
(29729 50449.9 72274.9 556 656 3)
(29732 75532.5 -111837 207 307 1)
(29736 -53296.9 -119962 502 602 1)
(29739 -50236.8 86577.9 433 533 1)
(29744 -35150.5 -102796 429 529 1)
(29745 83646.2 111507 227 327 1)
(29749 -30138.3 120522 97 197 1)
(29751 -13053.4 105379 262 362 1)
(29752 64349.2 -38451.2 605 705 1)
(29753 8126.45 -55626.3 390 490 1)
(29755 -50241.2 -42394.1 313 413 1)
(29758 -87480.5 -62490.7 288 388 1)
(29768 1026.87 -47380.9 68 168 1)
(29774 -121701 -86671.7 359 459 1)
(29790 -123641 -138911 157 257 3)
(29794 13187 10904.6 154 254 3)
(29806 85317.2 50109.6 355 455 1)
(29807 40369.6 -129093 558 658 1)
(29808 17292.3 -148277 623 723 3)
(29812 6020.98 13791.2 81 181 1)
(29821 -59435.3 -65577.4 300 400 3)
(29832 -71318.3 -90500.5 145 245 1)
(29834 18237.4 130688 377 477 3)
(29836 -20035.4 103448 189 289 1)
(29841 12902.9 -108710 149 249 1)
(29850 66541.7 97576.6 424 524 1)
(29861 -20021.6 -119967 572 672 1)
(29863 118700 19008.3 143 243 3)
(29867 -70415.9 -80706.2 618 718 1)
(29873 12136.9 52184.9 300 400 1)
(29880 105581 -59464.7 8 108 1)
(29883 65550.4 -71590.3 398 498 3)
(29896 -64314.5 61234.6 146 246 1)
(29909 -50264.3 -64496.5 110 210 1)
(29914 107718 -8183.34 286 386 1)
(29915 -44792.1 -110298 194 294 1)
(29918 -13132.3 -72582.6 12 112 1)
(29920 -34110.8 -102806 465 565 3)
(29921 8108.97 -132893 188 288 1)
(29928 -44296 30037.3 585 685 1)
(29932 53418.2 -106829 427 527 3)
(29933 -59280.7 -93648.2 135 235 1)
(29939 111728 -142978 239 339 1)
(29943 -48393.3 -221.024 519 619 1)
(29945 59484.2 47184.4 560 660 1)
(29950 -8951.56 -54394.2 1 99 1)
(29961 62573.3 79464.5 615 715 1)
(29965 5126.79 79613.9 524 624 3)
(29966 14186 34097.6 581 681 3)
(29973 -107587 33063.7 224 324 3)
(29982 107698 -90899.5 579 679 3)
(29985 93542.6 112482 1 99 1)
(29986 70499.2 -114982 513 613 1)
(29991 -13915 39280.1 546 646 3)
