(25002 -111577 43127.5 127 227 1)
(25018 89537.4 99446.1 78 178 1)
(25021 46351.1 -77591.3 247 347 1)
(25026 106229 -60324.2 351 451 1)
(25031 -94576.5 52199.8 432 532 1)
(25033 -112609 -23272.7 204 304 1)
(25034 45419.9 -103674 323 423 1)
(25042 35279 127665 293 393 1)
(25044 46399.7 -45429.9 579 679 1)
(25047 -12912.1 -81630.1 209 309 1)
(25048 65451.2 50136.1 382 482 1)
(25050 56329.4 -4123.05 410 510 1)
(25051 -22077.5 -74556.8 321 421 1)
(25059 -38198.5 -110926 581 681 1)
(25062 108724 -14215.6 244 344 1)
(25067 -74355.6 -53459.1 346 446 1)
(25068 -12009 -111764 144 244 3)
(25069 -11016.4 -87687.1 476 576 1)
(25070 29270.3 10933.6 507 607 1)
(25079 -64341.9 106667 550 650 3)
(25086 41282.2 54211.4 474 574 3)
(25090 3003.13 -91884.2 512 612 1)
(25091 -34150.8 -77663.8 609 709 1)
(25092 -82394.8 -4091.22 40 140 1)
(25095 -27077.2 -114756 135 235 1)
(25103 74503.7 -8265.23 510 610 1)
(25105 -78585.7 836.619 443 543 1)
(25106 -115732 130750 583 683 1)
(25108 -109609 -30319.6 251 351 1)
(25110 -89468 -41370.5 180 280 1)
(25116 123857 4590.45 68 168 1)
(25117 67364.3 -74649.7 413 513 -1)
(25121 43382.6 32090.4 321 421 1)
(25122 46498 12952.4 602 702 1)
(25130 115958 -5215.93 545 645 1)
(25139 -82436 -68545.2 281 381 3)
(25140 36285.5 -20090.5 389 489 1)
(25148 -29937.4 -140195 232 332 1)
(25150 -59276.5 -114725 30 130 1)
(25160 51349.6 -124826 142 242 3)
(25161 -48263.9 -64586.2 501 601 1)
(25163 5114.22 -65543.8 323 423 3)
(25175 104532 -62451 213 313 3)
(25181 3078.41 25005.7 93 193 1)
(25200 -38170.9 -102655 320 420 1)
(25205 21185.1 -94740.3 431 531 1)
(25208 -97555.1 -23387 398 498 3)
(25211 -118773 110470 285 385 1)
(25214 -16063.1 -144127 523 623 1)
(25216 72533.3 40136.2 400 500 1)
(25217 -4966.2 -31320 240 340 3)
(25229 -91817.6 -136236 404 504 1)
(25248 111440 -95957.1 591 691 1)
(25252 -11837.1 -26374.4 172 272 3)
(25253 21185.9 19026.9 422 522 1)
(25258 -977.743 -57511.7 436 536 1)
(25260 5999.46 15918.6 26 126 3)
(25264 56335.4 -23350.8 250 350 1)
(25268 -63243.6 131526 62 162 1)
(25269 121774 80298.5 347 447 3)
(25273 89582.6 -133761 32 132 3)
(25279 47326.1 100392 424 524 1)
(25281 37209.2 -116786 290 390 1)
(25306 105824 -109883 590 690 3)
(25310 101757 -18196.2 302 402 3)
(25311 -46240.5 23040.9 7 107 3)
(25316 103668 -93649.2 185 285 1)
(25327 120944 52386.4 481 581 1)
(25328 85637.1 -9235.11 464 564 1)
(25331 -124747 -24271.8 335 435 1)
(25335 -11993.1 -56534.9 334 434 3)
(25338 52413 -119908 374 474 1)
(25340 52508.1 -81507.4 472 572 3)
(25347 19249.8 -28384.8 603 703 1)
(25351 88.7817 -55488.2 385 485 3)
(25356 74501.4 -133967 209 309 3)
(25358 68883.3 -73398.5 504 604 1)
(25360 -33056.6 -142049 30 130 1)
(25361 -56165.5 77268.1 464 564 1)
(25376 -51191.3 125592 188 288 1)
(25396 -120649 -71467.4 193 293 3)
(25397 15104.8 -148166 490 590 3)
(25400 -43097.6 143921 2 102 1)
(25407 -6012.88 -136965 17 117 1)
(25410 -122786 -104777 323 423 1)
(25413 -50275 -66437.3 68 168 1)
(25415 -79393.9 10964 84 184 1)
(25418 -34042 -37482.6 449 549 1)
(25420 -18079.6 53256 301 401 1)
(25423 -51319.1 114670 604 704 3)
(25427 -38098.7 102529 500 600 1)
(25436 -121613 -31617.1 201 301 1)
(25449 31517.1 -57661.6 78 178 1)
(25453 42280.5 -88683.3 342 442 1)
(25458 -40087.9 -62513.3 125 225 1)
(25460 17180.7 -93.8914 257 357 1)
(25462 110823 -49690.7 166 266 1)
(25468 87588.2 -25418.6 525 625 1)
(25469 29317.8 -82608.2 329 429 3)
(25471 39244.3 20994.1 270 370 1)
(25474 75562 63247.1 361 461 1)
(25482 30265.6 87412.9 480 580 1)
(25487 -14000.3 138818 278 378 1)
(25490 77455.4 8940.01 410 510 3)
(25515 33228.2 91412.3 263 363 3)
(25520 84.3388 86347.7 65 165 1)
(25523 63467.6 -108809 225 325 3)
(25524 -18976.3 -18311 545 645 3)
(25528 115703 16044 140 240 1)
(25529 104658 60253.4 172 272 1)
(25540 -7051.52 -51544.2 599 699 3)
(25547 -18039.8 -26291.6 287 387 1)
(25550 -67229.9 7941.77 19 119 1)
(25552 33195.9 64366.1 431 531 1)
(25557 -95278.2 -57458.4 69 169 1)
(25559 96684.7 24023.1 390 490 1)
(25562 92738.4 87303.8 484 584 1)
(25565 36336.9 -15244 424 524 1)
(25569 99017.5 -12391.1 72 172 1)
(25573 -59336.2 32104.7 610 710 1)
(25580 -121644 -147940 267 367 1)
(25595 -101592 145807 395 495 1)
(25605 -49222.6 -7167.73 133 233 1)
(25610 -82466.8 15888.2 245 345 1)
(25612 97630.9 77252.9 156 256 1)
(25621 -60421.7 -43.0483 537 637 1)
(25626 123763 77381.4 601 701 1)
(25628 -124787 -133057 608 708 1)
(25629 -31136.6 -52523.2 552 652 3)
(25633 22265.2 -107862 327 427 1)
(25660 -111728 126756 623 723 1)
(25663 60321 -144972 98 198 1)
(25669 84939.1 -37756 627 727 1)
(25677 -94518.6 9967.63 75 175 1)
(25680 66471 136750 311 411 1)
(25686 -28107.2 -105611 122 222 1)
(25689 102620 12960.1 158 258 1)
(25690 -94426 67132.9 127 227 1)
(25696 -53416.8 -79768.6 584 684 1)
(25698 -104529 -4187.25 222 322 1)
(25707 -19024.5 -145169 436 536 1)
(25715 13980.7 -80809.1 171 271 1)
(25729 -105635 -109865 451 551 1)
(25731 -110680 -124963 453 553 1)
(25736 -32118.6 109706 526 626 1)
(25742 -100676 101583 610 710 1)
(25744 26154.3 -30160.9 431 531 1)
(25746 -73441.3 -133061 516 616 1)
(25757 77944.2 33120.2 251 351 1)
(25762 18186.7 39104.7 593 693 1)
(25768 -8876.45 30970.4 141 241 3)
(25772 82638.1 -99823.6 422 522 1)
(25775 69379.6 -55614.7 297 397 1)
(25789 -93579.1 139836 578 678 1)
(25791 -36173.1 -140896 429 529 3)
(25800 -104445 -69558.8 129 229 1)
(25810 54403.6 34056.3 254 354 1)
(25811 -40136.5 66329.5 624 724 1)
(25816 26140.9 76311.1 236 336 1)
(25819 75623 58263.9 148 248 1)
(25828 3046.22 -44293.9 51 151 1)
(25836 -53193.7 -20289.8 596 696 1)
(25845 100121 -146091 70 170 1)
(25847 -71316 87391.8 191 291 1)
(25850 -57365.3 -2169.91 604 704 1)
(25855 27260.5 -107890 601 701 1)
(25858 -45265.1 19987 436 536 1)
(25863 97630.9 74363.1 327 427 1)
(25865 82700.3 23706.2 462 562 1)
(25871 11143.7 -15175.3 36 136 1)
(25876 -92490.9 -130886 201 301 1)
(25884 32168.6 -84805.5 590 690 3)
(25885 66326.7 -71494.5 23 123 1)
(25890 122924 116678 599 699 1)
(25899 87570 74423.2 69 169 3)
(25910 -25027.7 -59784.8 623 723 1)
(25924 -25105.5 -78600.1 119 219 1)
(25926 7968.28 81563.6 242 342 1)
(25931 115695 -109706 103 203 1)
(25932 34308.5 129729 509 609 3)
(25933 -79468.9 107523 322 422 1)
(25935 -114686 -47448.3 422 522 1)
(25940 96611.3 -58455.5 150 250 1)
(25941 -90542.8 15953.3 442 542 1)
(25947 3070.74 -122769 41 141 3)
(25956 34273.5 -34332.6 223 323 1)
(25957 34255.1 130604 118 218 1)
(25959 20179.2 -10165.9 122 222 3)
(25962 -25086.4 1860.41 605 705 1)
(25964 3001.51 -97768.1 59 159 3)
(25968 -46301.3 -147956 71 171 1)
(25977 -57384.5 -31352.7 555 655 3)
(25998 -34121.5 -103739 219 319 1)
