(78005 -117584 -91586 39 139 1)
(78006 63399.2 44101.9 126 226 3)
(78012 -10007.1 -72603.7 317 417 1)
(78013 -89532.1 135842 497 597 1)
(78018 -6840.51 20929.6 495 595 1)
(78037 -64388.7 122698 348 448 1)
(78038 -68415.2 -46473.9 552 652 3)
(78050 -52250.8 -76639.7 311 411 3)
(78052 -54280.6 124712 206 306 1)
(78054 82563.6 143990 380 480 3)
(78066 -24976.9 8334.73 346 446 1)
(78071 61392.4 -123772 64 164 3)
(78074 79538.3 -143978 150 250 1)
(78080 -52247.8 -36427.4 594 694 1)
(78083 20229.7 29019.9 267 367 1)
(78090 -70330.2 -88699.8 345 445 3)
(78101 68488.3 -64544 363 463 3)
(78122 -60278.4 -125847 135 235 1)
(78135 9380.4 -123130 585 685 1)
(78139 36294.6 -13275.2 421 521 3)
(78140 -46213.2 -108893 583 683 1)
(78143 -117535 -43448.7 106 206 1)
(78152 -27093.9 -33360.1 594 694 1)
(78153 35402.9 -48472.8 543 643 1)
(78157 92841.9 -78814.8 469 569 3)
(78165 94742.4 -5210.78 625 725 1)
(78170 47429.9 -132046 524 624 1)
(78171 -14054.8 -103736 265 365 1)
(78177 -98521.9 -21332.8 553 653 1)
(78179 105874 110486 362 462 1)
(78187 109833 126651 311 411 1)
(78196 -115592 -5153.06 102 202 1)
(78199 46836.2 43168.2 412 512 1)
(78208 36300.7 109531 391 491 1)
(78217 74546 115566 192 292 3)
(78219 12206.7 45321.5 407 507 1)
(78223 -40173.7 -68569.8 353 453 3)
(78226 -2057.17 -119996 375 475 3)
(78228 -82517.7 -137071 596 696 1)
(78229 53455.4 -94806 587 687 3)
(78236 12201.7 -17254.5 349 449 1)
(78255 -101425 -59441.4 162 262 1)
(78256 50447.7 21066.4 538 638 1)
(78262 47283.3 65243.9 73 173 1)
(78274 -114589 -1132.14 67 167 1)
(78276 -87134 -128756 70 170 3)
(78278 -2880.7 -87716.1 510 610 3)
(78281 59591.4 123819 629 729 3)
(78283 22161.9 -148019 235 335 1)
(78307 11155.1 54179.9 236 336 1)
(78317 56459.7 140812 517 617 1)
(78324 -11047.2 -10193.6 143 243 3)
(78330 122828 -120862 132 232 1)
(78346 -101522 -45376.4 105 205 1)
(78350 -76371.9 -68511.7 243 343 1)
(78351 -32136.9 -37344.5 213 313 1)
(78364 99679 -18245.4 307 407 1)
(78365 -106765 122799 584 684 1)
(78366 -80409.1 148838 357 457 1)
(78368 39375.9 32033.4 611 711 1)
(78369 29280.8 -25371.5 154 254 3)
(78374 -31157.4 132871 572 672 3)
(78375 -8018.71 -33286.2 121 221 1)
(78388 -123763 14263.2 186 286 1)
(78391 37234.2 -17292.5 142 242 3)
(78396 -50261 83357.4 184 284 1)
(78416 -102665 -112975 282 382 1)
(78431 -82533.8 -73686.8 607 707 3)
(78442 -44368.9 60317 427 527 1)
(78443 31296 -75689.4 623 723 1)
(78445 -16054.8 29018.1 261 361 1)
(78454 34310.9 -125972 482 582 1)
(78460 72364 -92662.7 10 110 1)
(78479 30244.8 -40139.4 545 645 1)
(78481 -80335.3 79389.5 119 219 1)
(78489 41885.2 1859.97 384 484 1)
(78493 -4959.76 106571 470 570 1)
(78496 -89593.5 107686 614 714 1)
(78508 -72338.7 -120774 49 149 1)
(78514 -58260.1 5928.32 361 461 1)
(78520 98753.7 -24312.6 587 687 1)
(78521 106837 -137064 433 533 3)
(78523 113748 -30358.8 554 654 1)
(78530 -86506.8 144825 468 568 1)
(78532 -50245.8 -20248.2 369 469 1)
(78533 -61215.6 69102.8 232 332 1)
(78536 -64364.5 -54502.6 465 565 3)
(78544 -42193.7 113558 266 366 1)
(78545 -22081.3 9906.47 265 365 3)
(78549 -73458.8 -111892 493 593 3)
(78550 -2886.33 -40203.8 97 197 1)
(78553 -9997.15 -53424.2 110 210 1)
(78554 79568.3 -137955 228 328 3)
(78556 -88590.6 63151.2 615 715 1)
(78558 24186.9 -72530.6 187 287 1)
(78561 114755 -98718.5 265 365 1)
(78572 -4958.37 -75663.4 554 654 1)
(78578 -111654 14979.4 385 485 1)
(78588 41280.4 -144889 124 224 3)
(78601 31222.3 -15293.2 550 650 1)
(78606 -17060.9 2874.87 302 402 1)
(78611 7066.74 -88760 525 625 1)
(78622 57428 90408.1 252 352 3)
(78624 -22110.8 40218.6 105 205 3)
(78628 72459 101451 179 279 1)
(78631 46692.4 -108811 484 584 1)
(78633 45.8192 -88554.2 140 240 1)
(78640 51385.9 -97743.3 323 423 3)
(78643 14206.8 35100.8 374 474 3)
(78647 74528.7 -54505.5 311 411 1)
(78652 -1926.3 35084.9 522 622 1)
(78653 120752 -42358.6 144 244 3)
(78654 -55306.1 -137025 435 535 3)
(78676 -24071 60203.6 156 256 1)
(78679 -2960.58 -60482.2 206 306 3)
(78680 18265.4 83401.2 222 322 1)
(78681 15155.7 72385.8 561 661 1)
(78682 -32114 30075.8 127 227 3)
(78690 68458.4 -73509.5 219 319 1)
(78694 111892 -69639.5 477 577 1)
(78709 -18055.2 -34366.2 454 554 1)
(78718 -53283.9 -79644.6 392 492 1)
(78725 9127.21 -42434.5 461 561 1)
(78731 -39205.4 -32380.6 586 686 1)
(78738 -2961.57 60278.5 127 227 1)
(78743 -108702 -12225.2 477 577 1)
(78744 -78438.9 -103823 484 584 1)
(78746 -17050.2 -7168.78 201 301 1)
(78748 -121612 -45336.2 138 238 3)
(78757 -46252.4 -45467.3 572 672 1)
(78759 -14018 -12251.8 613 713 1)
(78761 66500.7 -94811.1 389 489 1)
(78766 -47226.8 -35357.4 431 531 3)
(78777 -119732 78426.8 609 709 3)
(78779 100579 44133.7 1 98 1)
(78782 60440.6 -147071 257 357 3)
(78786 -952.881 -10156.6 55 155 1)
(78800 119819 57281.5 303 403 1)
(78815 45263.1 -134894 305 405 1)
(78826 104883 41152.9 591 691 1)
(78834 -106629 -27314.7 369 469 1)
(78843 24143.2 -145982 112 212 1)
(78845 31258.7 -66570.2 392 492 1)
(78846 79475.2 -33147.3 235 335 3)
(78847 -118733 -81769.4 583 683 1)
(78849 -12073.3 17956.2 24 124 1)
(78852 -23116.1 -25317.1 493 593 1)
(78859 -40143.1 -73525.1 6 106 1)
(78866 -96520 4734.34 293 393 1)
(78867 14170.9 100619 357 457 1)
(78868 -75414.9 67354.2 338 438 1)
(78876 98537.4 57199.1 306 406 1)
(78885 45343.5 17020.2 307 407 1)
(78893 24403 -91805.5 247 347 1)
(78896 -45322.6 -115090 477 577 1)
(78897 40161 -8105.1 26 126 1)
(78899 -93467.1 87444.7 179 279 1)
(78900 15187.3 37072.6 406 506 1)
(78902 50252.9 81325 115 215 1)
(78907 -2916.54 -134018 62 162 1)
(78908 73480.1 116518 124 224 1)
(78911 14133.6 90377.4 61 161 1)
(78921 31165.5 55142.2 567 667 1)
(78929 35321.7 140694 116 216 1)
(78932 86696.7 -69636.4 575 675 1)
(78934 -111546 39119.8 73 173 1)
(78938 -75457.6 -124089 523 623 1)
(78943 80524.9 35084.9 182 282 1)
(78945 -9991.79 -77688.2 526 626 1)
(78955 -101600 17020.5 367 467 3)
(78962 -4857.13 27884 150 250 1)
(78963 -84639 23129.6 47 147 1)
(78971 71668.1 -31706.1 237 337 3)
(78975 24228.9 143013 383 483 3)
(78982 82727.3 2823.52 378 478 1)
(78983 -49266.3 -143056 357 457 3)
(78984 15154.9 147812 424 524 3)
(78990 -91502.6 -19265.1 172 272 1)
(78991 101671 -71422.1 409 509 1)
(78992 63464.8 911.059 233 333 3)
