(9001 33307.3 -55514.4 430 530 1)
(9005 -95522.5 -63625.6 55 155 3)
(9009 118877 97522.3 517 617 1)
(9014 -118742 -7184.28 504 604 1)
(9018 9171.64 41694.8 196 296 1)
(9021 53334.6 -82544.9 44 144 3)
(9023 -114648 -41436 482 582 3)
(9026 74558.1 -146105 461 561 3)
(9028 -105624 -45537 517 617 1)
(9039 -11114.2 60282.4 388 488 1)
(9042 17349.1 -105895 590 690 1)
(9061 20206.9 18977.5 492 592 1)
(9067 111771 24024.4 366 466 3)
(9084 -76433 28053.2 419 519 1)
(9090 -43205.7 68331.7 481 581 1)
(9094 69550.5 -137091 560 660 -1)
(9102 -82419.7 83267.7 113 213 1)
(9103 -2923.78 -35340.8 309 409 1)
(9111 -40218.7 45137.7 579 679 1)
(9115 -60534 20718.6 572 672 1)
(9117 2946.77 -2092.2 349 449 1)
(9119 28283.7 81362.3 263 363 1)
(9120 40338.5 -15263.2 617 717 1)
(9121 -59333.1 -128994 450 550 1)
(9131 53348 115547 251 351 1)
(9135 11136.3 -54483.6 342 442 3)
(9142 75628.9 -132001 487 587 3)
(9144 59498.2 113648 592 692 3)
(9158 50379.8 -54349.6 507 607 3)
(9162 -51355.4 -120859 174 274 3)
(9164 -5978.56 -137943 318 418 1)
(9167 -56273.5 77466.8 270 370 1)
(9170 4179.01 9931.53 235 335 3)
(9173 -114654 -97741 312 412 1)
(9175 58485.6 38103.2 576 676 1)
(9179 16094.7 106412 74 174 1)
(9181 -7990.04 -10167 21 121 1)
(9187 110580 78381.2 246 346 1)
(9188 78622.1 -56529.6 596 696 1)
(9191 54422.3 916.458 146 246 3)
(9201 101663 -1100.42 237 337 1)
(9209 -35149.3 51177.8 1 101 1)
(9215 -10309.8 50208 240 340 1)
(9239 15124.2 140627 112 212 1)
(9249 -38183.1 -134940 468 568 3)
(9250 103869 77320.1 594 694 1)
(9260 -107638 -87667.3 274 374 1)
(9275 -89513.5 -115879 396 496 3)
(9278 -110704 69976.2 147 247 1)
(9282 29303.5 -141139 609 709 1)
(9287 27199.2 -20220.9 452 552 3)
(9303 121886 -55364.6 285 385 1)
(9316 118623 -48388.1 96 196 1)
(9318 10111.7 67375.2 388 488 1)
(9328 16303.8 9075.11 589 689 3)
(9332 -13079 -138874 227 327 1)
(9334 -22076.8 -84688.7 425 525 1)
(9339 49403 -83738.2 564 664 1)
(9349 9123.09 -106724 140 240 1)
(9350 -6987.7 -90608.9 45 145 1)
(9355 34274.1 26046.4 317 417 1)
(9356 46322.7 -130820 41 141 3)
(9358 -34154.4 -58500.4 370 470 1)
(9376 22197.5 64331.7 394 494 3)
(9380 124172 77534.6 524 624 3)
(9388 121844 -1113.39 83 183 3)
(9395 99802 84440.3 551 651 3)
(9403 28263.5 -111899 508 608 1)
(9412 24300.7 -97274 77 177 1)
(9416 -57296.7 -67552.4 321 421 3)
(9421 -77422.2 -67501.1 47 147 1)
(9422 -102514 135631 91 191 1)
(9427 -64313 -30293.8 132 232 3)
(9430 1072.44 -43409.6 243 343 1)
(9434 -70403 41194.9 267 367 3)
(9439 7160.79 -254.357 127 227 1)
(9440 -90441.2 -31286.7 100 200 3)
(9447 -9997.53 83382.8 220 320 3)
(9451 -39104.2 -137028 279 379 1)
(9452 -54357.3 31176.5 344 444 1)
(9454 109801 134836 598 698 1)
(9461 -105645 142816 459 559 1)
(9479 33364.1 87417.3 233 333 3)
(9483 -13016.6 68248.1 58 158 1)
(9489 -76420.4 -74564.7 177 277 1)
(9490 -108481 -26033.1 105 205 1)
(9497 67502.3 20987.9 263 363 3)
(9507 32350.6 41970.6 611 711 1)
(9523 68447.8 -70592.3 232 332 1)
(9525 -112734 4891.56 376 476 1)
(9528 -21066.9 -4238.28 466 566 3)
(9532 -71490 -3288.17 468 568 1)
(9549 -95635.6 46171 549 649 1)
(9556 52092.4 89438 342 442 1)
(9560 -96447.8 -138838 1 99 1)
(9562 120823 -1146.93 349 449 3)
(9567 -31047.9 25148.7 23 123 3)
(9574 -49236 -74577.3 261 361 1)
(9576 71742.9 112352 625 725 1)
(9591 106640 24017.8 124 224 1)
(9593 13165.2 -141095 272 372 1)
(9601 94617.8 -145002 307 407 1)
(9603 -100552 -41368.4 256 356 1)
(9607 -87460.1 78341.3 252 352 1)
(9609 -13972.4 122559 136 236 3)
(9611 -65324.7 9876.95 231 331 1)
(9614 -97516.3 -86633 204 304 1)
(9637 -68618.4 -70351.9 448 548 1)
(9650 -110631 -72653.1 431 531 3)
(9672 16192.3 -113736 125 225 1)
(9683 89552.7 60221.5 121 221 1)
(9696 -80475.3 41142.3 594 694 3)
(9712 -24037.1 54179.9 24 124 3)
(9717 -124799 -111906 627 727 1)
(9719 -74369.7 -3164.61 40 140 1)
(9723 75338.8 -47244.9 1 101 1)
(9725 7123.6 -99787.8 391 491 1)
(9734 93599 123645 114 214 1)
(9735 51346.9 -19205.3 122 222 3)
(9743 79606.8 113629 316 416 3)
(9744 50323.8 -14191.8 31 131 1)
(9749 -54299.2 -45445.2 485 585 3)
(9758 -123697 -90706.2 318 418 3)
(9778 -116688 28093.5 227 327 3)
(9779 -81555.8 -128819 20 120 1)
(9782 49394.7 119561 225 325 1)
(9783 -50441.5 66459.3 575 675 1)
(9787 -61352 79278.7 148 248 3)
(9793 -69383 -39370.9 255 355 3)
(9795 113642 -19299.8 162 262 3)
(9798 -41133.2 -34348.4 268 368 1)
(9803 -50219.7 20791.3 363 463 1)
(9809 98893.2 -107213 535 635 1)
(9811 -96570.9 146777 383 483 1)
(9828 67533.6 75372.1 452 552 1)
(9833 122881 -84517.1 207 307 1)
(9834 -820.705 94507.8 600 700 3)
(9836 -12010.4 -111764 138 238 1)
(9839 -42241.1 -52484 489 589 1)
(9841 -76425.6 14881 298 398 1)
(9844 -54226.5 57188.5 19 119 1)
(9855 -63287.4 -87675.9 75 175 3)
(9865 97708.7 53239.3 451 551 1)
(9888 -13127 53320.5 366 466 1)
(9889 -54391.1 13843.7 3 103 1)
(9890 -35190.3 -95718.6 279 379 1)
(9908 -69397.3 -11189.5 493 593 1)
(9920 -71398 -126093 544 644 1)
(9921 29270.2 -135107 628 728 1)
(9928 -54214 -74564.5 227 327 1)
(9933 59445.9 113641 435 535 1)
(9936 49480.9 5951.32 513 613 1)
(9942 5109.81 -25283.8 447 547 1)
(9944 -77363.9 -29280.7 90 190 1)
(9945 -12029.3 -95740.7 459 559 1)
(9946 24280.6 106673 337 437 1)
(9948 -110740 -70651.3 564 664 1)
(9949 66470.4 -28334 548 648 1)
(9967 -108515 -39304 25 125 1)
(9981 -58321.3 -8186.75 492 592 1)
(9988 -50235 15969.9 541 641 1)
