(18015 109663 -104929 396 496 1)
(18017 -950.669 33072.8 74 174 1)
(18018 -4753.06 62545.1 32 132 1)
(18022 -28029.4 -106744 379 479 1)
(18029 -40212.7 -19280.7 592 692 3)
(18032 2198.7 82417.3 463 563 1)
(18035 -23088.3 -134956 293 393 1)
(18037 17269.6 -37616.1 199 299 1)
(18038 -61426.7 22157.9 320 420 3)
(18053 -4679.03 -107738 430 530 1)
(18054 79479.3 140782 232 332 1)
(18056 -7924.53 -2998.72 161 261 1)
(18061 102.933 -122031 563 663 3)
(18064 105704 103567 584 684 1)
(18068 -38205.2 31045.7 32 132 3)
(18072 49189.3 -64686.6 444 544 1)
(18076 -32149.2 -105859 509 609 3)
(18088 -46279.5 118795 597 697 1)
(18094 -52288.8 93506.9 361 461 1)
(18095 -25059.9 -31282.9 4 104 3)
(18099 -5227.55 135814 5 105 1)
(18102 111518 -87758.4 82 182 1)
(18106 59368.5 -63429.5 21 121 1)
(18107 88575.4 55179.8 230 330 1)
(18123 53443.4 -4177.46 608 708 1)
(18136 -16954.2 41191.4 539 639 1)
(18141 -110622 62240.3 316 416 3)
(18145 74592.7 -85712.6 581 681 1)
(18147 48393.5 2878.1 483 583 1)
(18151 2065.69 -131906 144 244 1)
(18160 -41174.4 79329.5 266 366 1)
(18161 -111685 -56637.1 581 681 1)
(18162 19158 -96752.2 283 383 1)
(18171 77590.7 -76671.2 527 627 1)
(18173 49515.5 67354.8 446 546 1)
(18181 4099.48 -53494.2 506 606 3)
(18182 115712 -68486.5 131 231 3)
(18188 -85415 185.891 333 433 3)
(18193 -11013.7 -131975 322 422 1)
(18196 -71306.3 100484 154 254 1)
(18197 61641.9 28013.6 491 591 3)
(18209 -4920.89 -44423.5 233 333 1)
(18210 44401 17981.4 617 717 3)
(18219 -16040.1 -102734 233 333 1)
(18221 -92496.5 139715 253 353 1)
(18226 -25102.6 -63610.8 458 558 1)
(18232 -4986.29 -116795 6 106 1)
(18237 92587.3 -30300.4 164 264 1)
(18244 45371.3 -111879 449 549 1)
(18257 22288.6 -80657.3 614 714 1)
(18278 95613.5 96371 24 124 1)
(18292 -7003.71 72324.1 176 276 1)
(18293 -48227.6 856.353 622 722 1)
(18294 -2030.71 -38392.7 256 356 1)
(18299 -100549 -71935.1 496 596 3)
(18303 -108728 121724 497 597 1)
(18307 39329.7 -113899 472 572 3)
(18312 30291.4 -121005 576 676 3)
(18314 -45170.7 26465.9 606 706 1)
(18317 -57194.8 -74587.8 117 217 1)
(18318 27201.6 -42349.9 310 410 1)
(18323 45456.7 -16248.8 195 295 1)
(18333 -114719 -55507.7 383 483 1)
(18336 -91461 147754 157 257 1)
(18337 -18075.6 17974.6 269 369 3)
(18339 52437 -127098 536 636 1)
(18342 107914 -110943 625 725 3)
(18348 -10052.3 -52358 314 414 1)
(18350 -101647 -58610 602 702 1)
(18366 100615 -45457 64 164 1)
(18368 25212.8 47153.5 275 375 1)
(18371 -35079.6 -27281.4 70 170 1)
(18381 -64357.1 -137028 416 516 1)
(18389 101636 -21349.8 250 350 1)
(18399 105670 -41397.1 211 311 1)
(18405 110866 -136113 617 717 1)
(18409 -31162.9 81530.3 481 581 1)
(18417 -27105.5 -70479.2 9 109 3)
(18445 -57698.7 -9759.9 524 624 1)
(18448 16152.4 81362.1 230 330 3)
(18458 119861 46011 590 690 1)
(18460 116789 -22221.5 262 362 3)
(18467 115769 -49435.9 279 379 1)
(18469 26220.7 -110874 402 502 1)
(18470 -81256.6 7666.89 600 700 1)
(18471 -84425.6 -52534.8 521 621 1)
(18473 -89568.8 75401.9 539 639 1)
(18475 -36056.1 -59313.3 129 229 3)
(18477 68475.8 -126744 398 498 1)
(18481 -99584.2 -22992.7 534 634 1)
(18487 -57415.2 -58495.5 421 521 1)
(18489 -71623.4 -86496 499 599 1)
(18490 -40164.4 -8188.87 251 351 1)
(18491 -86467.6 -91798 301 401 1)
(18492 -60333.8 -14299 468 568 1)
(18496 7097.02 107572 469 569 1)
(18501 -13050.6 52152.9 212 312 1)
(18510 111678 104556 504 604 1)
(18511 -33162.1 -22329.9 615 715 1)
(18519 72726.1 27260.6 466 566 1)
(18523 -52268.2 -44429.3 369 469 1)
(18528 6141.39 -95619 29 129 3)
(18534 -80456.4 -95763.5 379 479 3)
(18535 93624.3 -71434.3 66 166 1)
(18536 77630.9 -124935 481 581 1)
(18541 18144.5 -98712 220 320 1)
(18547 25251.7 -107906 586 686 1)
(18570 -70328 -117387 292 392 1)
(18573 -33146.6 -22306.6 536 636 3)
(18588 33237.9 132623 56 156 1)
(18593 -32239.7 58272.9 432 532 1)
(18596 -48294.6 -54469.4 591 691 1)
(18604 -37185.8 -120952 543 643 1)
(18607 -31120.7 -1125.16 118 218 1)
(18615 50323.4 -56366.3 215 315 3)
(18627 15144.9 15987.9 27 127 1)
(18630 -15879.3 -41561.7 519 619 1)
(18639 -110699 46197.6 573 673 1)
(18643 7244.35 -43299.1 27 127 1)
(18644 104646 132515 37 137 1)
(18648 9127.16 -33343.3 357 457 1)
(18658 -66422.8 -39508.8 280 380 1)
(18663 -25105.4 -4168.74 536 636 1)
(18665 -35344.5 64398.7 55 155 3)
(18670 12160.2 43164.8 608 708 3)
(18672 -65338.6 67353.9 426 526 1)
(18674 71562.1 -47473.2 504 604 1)
(18676 45404.6 -25259.6 150 250 1)
(18677 106879 -131697 277 377 1)
(18678 68477.9 -77658.8 370 470 1)
(18679 -78441.6 -130859 302 402 1)
(18684 74581.1 20993.1 566 666 1)
(18698 5083.22 8945.77 78 178 1)
(18704 77586.5 -25314 502 602 1)
(18706 7922.06 -120917 331 431 1)
(18709 -83527.3 -5181.7 625 725 3)
(18712 -21092.9 -23286.5 286 386 1)
(18714 -83469.2 -55377.4 298 398 1)
(18716 -8992.95 30080.2 205 305 1)
(18718 99722.9 -11186.5 519 619 1)
(18721 89644.1 -64397.3 255 355 1)
(18722 -94484.7 -25262.2 125 225 1)
(18732 -76367.4 -131811 48 148 1)
(18741 -105577 -121871 350 450 1)
(18742 -36217.5 56157.4 363 463 1)
(18754 -119599 -1139.82 41 141 1)
(18756 -21936.8 -61641.4 522 622 1)
(18757 23211.2 28027.2 320 420 1)
(18760 7131.27 37067 344 444 3)
(18775 118683 -125801 571 671 1)
(18781 -112668 35117.4 342 442 3)
(18782 -34031.6 59504.4 203 303 3)
(18786 -43223.1 -45324.7 98 198 1)
(18789 -42196.7 140886 242 342 1)
(18793 -42111.9 -93797.4 54 154 3)
(18797 -34158.2 104640 520 620 1)
(18798 105679 15966.1 203 303 1)
(18807 -68275.7 -22336.8 563 663 1)
(18808 -20057 -58479.3 239 339 3)
(18813 -66352.4 -67537.1 17 117 3)
(18815 -1071.86 -18335.3 149 249 1)
(18829 73595.7 104594 591 691 1)
(18830 -87595.5 -46335.2 166 266 1)
(18831 -35319.8 -27334.5 330 430 1)
(18832 80571.6 115632 259 359 1)
(18836 70536.7 131767 531 631 1)
(18846 -61359.8 -4177.49 504 604 1)
(18848 13140.8 11034.8 557 657 1)
(18849 15154.8 4906.21 219 319 1)
(18852 124799 115534 141 241 3)
(18862 53453.4 54217.6 503 603 3)
(18867 101548 95469.7 84 184 1)
(18890 94703.1 149826 321 421 1)
(18893 -71400.9 -101794 411 511 3)
(18894 2059.04 109559 318 418 1)
(18897 39294.8 -5147.2 279 379 1)
(18902 50335.1 -20220.3 56 156 1)
(18910 19848.2 -79362.4 82 182 1)
(18925 41340 89385.3 392 492 3)
(18933 31462.5 -144447 189 289 1)
(18937 -112672 -25303.1 436 536 3)
(18947 -58277.2 -123015 465 565 1)
(18956 -49226 -59519.7 253 353 1)
(18960 -12984.4 -43529.2 534 634 1)
(18962 108906 -56556.8 601 701 1)
(18966 39281.4 -87612.6 120 220 1)
(18972 -16030.4 -69655.2 602 702 3)
(18973 97700.6 -48445.3 419 519 1)
(18980 35249.8 -1108.54 565 665 1)
(18982 28322.8 -34263.6 538 638 1)
(18988 -119637 -103752 242 342 1)
(18994 -112581 -35544.8 477 577 1)
