(161010 -52270.8 -83632.4 291 391 1)
(161015 -2957.99 -6222.78 624 724 1)
(161020 -50234 44146.8 243 343 1)
(161023 48317.2 51162.4 71 171 3)
(161037 39320.9 -95818.4 539 639 1)
(161043 77623.5 -125012 529 629 1)
(161044 -112645 -29333 429 529 1)
(161053 24255.5 -128869 150 250 1)
(161054 -85467.7 -74560.4 308 408 1)
(161063 -62251.4 121706 502 602 3)
(161070 -62350.2 147842 377 477 1)
(161074 109723 -110796 258 358 1)
(161075 -37133.1 -135947 119 219 1)
(161086 -34369.7 -75725.4 526 626 1)
(161097 48978.7 69308.4 166 266 1)
(161098 -20058.4 -121897 452 552 1)
(161107 -8983.58 19964.9 221 321 1)
(161112 116874 -11065.5 517 617 3)
(161116 8130.76 50209.2 559 659 1)
(161117 -40004.9 -147040 258 358 3)
(161119 67457.2 -87600.4 108 208 3)
(161120 -112709 -29348 578 678 1)
(161121 -27305.1 -146839 162 262 1)
(161129 -77319.1 -26496.1 594 694 1)
(161136 57464 -108812 510 610 1)
(161146 -51262.3 144789 539 639 1)
(161156 -55255.2 14998.6 493 593 1)
(161157 -15042.6 -45424.6 244 344 3)
(161158 -84531.3 -58374.5 160 260 1)
(161163 63502.9 78373.3 476 576 1)
(161164 -50259.4 62281.9 557 657 3)
(161169 -2930.14 105523 307 407 1)
(161173 121032 -60558.9 593 693 1)
(161175 34270 -76586.3 370 470 1)
(161182 104716 66258.5 93 193 3)
(161184 97693.4 -84611.6 42 142 1)
(161188 19204.3 -37326.9 311 411 1)
(161192 19179.3 110433 1 101 3)
(161206 -76399.9 -104753 241 341 1)
(161210 44350 -74638.3 472 572 1)
(161211 -17991 86600.3 390 490 1)
(161216 17184.2 12948.8 493 593 1)
(161229 -76339.8 86416.5 302 402 3)
(161234 111868 -49541.2 432 532 1)
(161238 80467.2 -35306.7 1 100 1)
(161242 -39247.8 -33404.3 556 656 3)
(161245 -11014.2 -76683.4 599 699 1)
(161256 67469.2 136604 24 124 1)
(161262 28330.1 -65733.8 591 691 1)
(161271 63434.5 59428.5 94 194 1)
(161297 72892.6 -78506.5 565 665 1)
(161305 -77477.4 -46432.1 448 548 1)
(161313 -66433.3 -78553.9 116 216 3)
(161322 -48213.3 -62489.4 110 210 1)
(161326 -82584.3 -125072 353 453 1)
(161338 29272.3 -95787 250 350 1)
(161341 52491.8 114703 375 475 1)
(161342 -22142.5 102574 180 280 1)
(161344 -77600.1 61260.9 239 339 1)
(161347 74520.5 107583 363 463 1)
(161352 -67262.7 -59407.7 429 529 1)
(161363 -44163.9 68371.6 21 121 1)
(161367 86621.4 30083 393 493 1)
(161368 -49264.7 117660 305 405 1)
(161370 62403.8 -73512.8 357 457 1)
(161371 -1974.21 -129117 475 575 1)
(161372 -106634 29224.7 427 527 1)
(161374 19172.2 -24244.7 155 255 1)
(161375 -52256.2 89391.1 174 274 1)
(161377 -119761 34159.7 476 576 3)
(161379 69498.4 96445.2 116 216 1)
(161381 96800.8 33138.6 197 297 3)
(161390 -62351.1 -19280.3 441 541 1)
(161404 119822 -47436.2 310 410 1)
(161410 91594.7 3941.05 289 389 1)
(161420 -2967.66 116606 30 130 1)
(161423 -5984.75 79334.4 145 245 1)
(161426 2018.1 47940.3 13 113 1)
(161439 -98443.9 70313.8 432 532 3)
(161441 82659.2 -99896.5 557 657 1)
(161442 -71472.2 15947.9 435 535 1)
(161444 -51290.7 10929.6 524 624 1)
(161446 53412 -20305.8 132 232 3)
(161448 -42205.4 -54427.2 138 238 1)
(161451 1031.44 -104840 604 704 1)
(161453 -68419.5 -47455.6 562 662 1)
(161461 -13059.3 -131886 98 198 3)
(161464 -95605.8 -82724.7 620 720 3)
(161470 117693 -60432.3 31 131 1)
(161472 4105.29 -38355.8 269 369 3)
(161475 -83406.6 -62465.9 59 159 1)
(161483 82626.4 70361 360 460 1)
(161485 -64377.7 -62574.6 557 657 1)
(161487 -102636 -94801.7 553 653 3)
(161506 -58524.2 -133839 396 496 1)
(161513 83935.6 39241.4 610 710 1)
(161514 -26120.7 -67650.4 611 711 1)
(161519 31123.8 56152.3 524 624 1)
(161521 112711 4902.72 183 283 1)
(161527 -33131.2 -121822 173 273 1)
(161537 -13033.2 -28258.6 1 93 3)
(161552 113803 41123.8 369 469 1)
(161562 89600.4 146668 178 278 1)
(161567 -74367.1 86343.1 223 323 1)
(161573 -90678.7 -48529.1 288 388 1)
(161579 33296.2 -11222.4 517 617 1)
(161584 -97374.6 -22514 118 218 1)
(161591 -3861.83 -19345.4 3 103 1)
(161600 70612.3 -57553.2 523 623 1)
(161607 88647.4 142909 534 634 3)
(161617 -49229.3 -20212.3 147 247 1)
(161624 32314.8 55184.1 309 409 3)
(161636 -78486.4 28065.3 624 724 1)
(161652 68507.6 -119936 353 453 1)
(161657 9164.2 -70481.1 10 110 1)
(161668 -103597 -13207.5 392 492 1)
(161671 124371 -57267.8 112 212 1)
(161673 -96714.2 62317.1 139 239 1)
(161678 59317.5 -238.992 375 475 1)
(161688 13121.3 42122.1 51 151 1)
(161689 -103501 -109928 425 525 1)
(161691 113981 17357.7 252 352 1)
(161695 79676.5 91632.4 408 508 1)
(161704 -58258.6 -89524.5 64 164 1)
(161706 -68368 13957.7 309 409 3)
(161712 45369.4 111687 523 623 1)
(161716 -7989.24 98449.7 177 277 3)
(161717 -18042.5 -98779.6 493 593 3)
(161719 -113561 71283.6 33 133 1)
(161721 -7977.2 -79572.5 47 147 1)
(161723 16993.5 -90645.9 73 173 1)
(161730 56437.2 -58432.9 438 538 1)
(161731 -16048.8 -110799 225 325 1)
(161738 -112551 -117974 400 500 3)
(161739 -53291.3 -11207.8 500 600 3)
(161758 57423.9 24060 456 556 1)
(161760 -30179.7 122548 30 130 1)
(161763 46346 -5156.6 164 264 1)
(161766 1064.02 -40459.3 590 690 1)
(161778 93559.2 18988 194 294 3)
(161780 -122575 68209.2 65 165 1)
(161791 7101.43 -122029 493 593 1)
(161795 110847 148869 553 653 3)
(161813 -116694 -1117.44 458 558 1)
(161814 -113604 47119.2 65 165 1)
(161815 -12010.3 -108739 138 238 1)
(161827 -7965.93 135893 519 619 3)
(161830 95688 -65466.3 478 578 1)
(161840 40353.6 -111780 201 301 1)
(161841 23205.9 -32379.3 396 496 1)
(161842 -33196 -12255.5 531 631 1)
(161843 13088.6 5853.31 45 145 1)
(161846 15152 -94550.3 275 375 1)
(161849 43317.1 130643 124 224 1)
(161861 -91447.3 84432.2 390 490 3)
(161862 -1955.14 -70489.3 17 117 3)
(161865 -103779 12029.2 580 680 3)
(161871 -54314.6 -60624.3 585 685 1)
(161875 92715.1 -115994 592 692 3)
(161879 -43222.1 -88718.1 431 531 1)
(161891 64519.4 125672 363 463 3)
(161895 -109502 -58395.9 1 100 1)
(161900 -46420.1 -120970 551 651 1)
(161906 102635 -76557.9 123 223 1)
(161910 12160 -46430.2 256 356 1)
(161919 50415.3 81336.9 101 201 1)
(161924 59307.5 -54600.6 302 402 1)
(161948 113675 144430 79 179 1)
(161950 95014.7 50365.7 449 549 1)
(161955 122815 -18247.7 298 398 1)
(161958 -14008.9 -9160.6 216 316 3)
(161970 -37064 -100629 201 301 1)
(161978 38253.6 -122938 56 156 1)
(161982 23222.7 81291.6 135 235 1)
(161992 74746.4 -72486.2 549 649 1)
