(145000 45317 85295 104 204 1)
(145001 -65498 -15146.8 249 349 1)
(145008 63413.3 -57508.8 30 130 1)
(145011 7278.46 -112613 43 143 1)
(145013 -72342.5 135635 98 198 1)
(145026 -9047.81 124594 190 290 1)
(145028 -15976.3 30060.4 541 641 1)
(145035 -47395.1 21135.4 279 379 1)
(145037 101773 70333.6 573 673 1)
(145039 -22083.7 42155.4 484 584 1)
(145043 -119740 44137.7 461 561 3)
(145047 5115.07 83412 382 482 1)
(145054 -80400 38124.9 293 393 3)
(145058 -19020.6 -140764 135 235 1)
(145069 -15026.2 49154.3 189 289 1)
(145073 66488.5 -79637.6 329 429 3)
(145088 84588.6 12943.4 426 526 3)
(145094 16173.8 -82618.9 291 391 3)
(145100 -87341 -49298 286 386 1)
(145103 -44214.4 128675 169 269 1)
(145105 71515.4 -74370.8 281 381 3)
(145108 52452.5 -16322.2 352 452 1)
(145109 -20090.6 2941.57 417 517 1)
(145110 -57355.8 57236.8 600 700 1)
(145112 -39159.5 71273.5 23 123 3)
(145113 -100428 -72494.7 507 607 1)
(145114 -60335 -115871 360 460 3)
(145119 84571.5 -43392.7 268 368 1)
(145122 68562.9 22029.6 345 445 1)
(145125 60329.7 78367.1 107 207 1)
(145131 74682.7 -33311.1 610 710 3)
(145137 -104520 -55433.7 102 202 3)
(145138 -22193.2 -76481 124 224 1)
(145143 -111870 101715 523 623 1)
(145158 -79501 856.243 541 641 1)
(145159 -89654.4 84481.4 498 598 1)
(145162 -18134.2 140914 593 693 1)
(145180 -42164.9 3901.78 309 409 1)
(145196 38363.2 30028.1 283 383 1)
(145197 -106664 -12021.1 406 506 1)
(145203 -42200.7 -78609.7 275 375 3)
(145210 -106637 9951.89 422 522 3)
(145216 -117588 -8188.86 83 183 1)
(145217 17078.5 -73518.2 183 283 1)
(145220 -122810 109374 406 506 3)
(145225 -5076.6 43917.8 171 271 1)
(145226 11159.3 -38405.5 534 634 1)
(145245 -115326 60214.3 113 213 1)
(145249 -23063 -89873.3 577 677 1)
(145255 -22064.2 105654 366 466 1)
(145257 40453 16947.4 536 636 3)
(145266 -44203 -132852 103 203 3)
(145278 -28103.5 118568 157 257 1)
(145281 46209 20519.3 290 390 1)
(145287 8134.86 -5175.24 465 565 1)
(145290 -46230.1 27018.7 409 509 1)
(145291 -101600 -3796.67 125 225 1)
(145299 -34201.7 142814 460 560 3)
(145306 23221.2 56197.3 267 367 1)
(145308 38345.6 21002.2 618 718 3)
(145309 -6053.46 111337 229 329 3)
(145315 95797 -91689.9 319 419 1)
(145320 47387.5 -35330.5 397 497 3)
(145330 61522 8716.8 335 435 3)
(145332 61560.3 102700 472 572 1)
(145369 89576.3 -38350 141 241 3)
(145371 -12933.5 52149.3 20 120 1)
(145372 -23088.6 -100708 271 371 3)
(145376 -88446.8 107501 142 242 1)
(145378 -108558 75293.1 106 206 3)
(145380 66501.1 -128.329 413 513 1)
(145385 -67343.8 -89228.6 368 468 1)
(145393 71458.5 97428 99 199 1)
(145399 -18039.5 -123673 43 143 1)
(145401 -69215.2 -61365.5 47 147 1)
(145427 34263.7 108520 302 402 3)
(145428 -67250.3 -78574.8 181 281 1)
(145430 -39189.4 -120753 80 180 3)
(145437 -66368.3 63277.4 203 303 1)
(145443 -5034.79 -25343.4 383 483 3)
(145450 48347.4 -123928 357 457 1)
(145451 -64218.4 -31307.1 193 293 3)
(145458 -21000.4 10351.9 530 630 3)
(145461 -89452.6 -25164.1 33 133 1)
(145471 80379.7 -23217.4 38 138 1)
(145479 73374.9 67328.8 37 137 1)
(145487 -47133.7 -10213.3 52 152 3)
(145494 35451.4 -107984 599 699 1)
(145501 15137.2 16988.1 281 381 1)
(145502 -26123.2 -131818 16 116 1)
(145503 -41215.7 -144186 459 559 1)
(145504 81847.3 -121969 536 636 1)
(145513 -43207.1 -47428.2 338 438 1)
(145515 -72379.2 -86651.6 259 359 1)
(145518 71494.3 73402.3 262 362 1)
(145522 -46162.7 -126850 123 223 1)
(145530 34340.7 -46437.4 458 558 1)
(145538 11978.8 26969 412 512 1)
(145539 7957.47 -39252.4 314 414 3)
(145546 16174.2 -50444.7 605 705 1)
(145548 101746 -2166.6 521 621 1)
(145552 -51348.4 -88652 132 232 1)
(145566 69366.4 75299.6 19 119 3)
(145571 106835 -148179 621 721 1)
(145586 -108572 -100695 32 132 1)
(145589 24228.5 113619 401 501 1)
(145590 43535.2 909.503 60 160 1)
(145593 -936.546 -99690.8 561 661 1)
(145603 -105545 -85593.3 12 112 1)
(145604 4104.25 35094.3 59 159 1)
(145610 -38112.2 102445 58 158 1)
(145622 -24091.5 -15239 469 569 3)
(145623 -35160.8 -113873 205 305 1)
(145634 70478.5 62202.1 75 175 1)
(145638 123687 87348.4 9 109 3)
(145639 -23842.4 64555.8 181 281 3)
(145642 -35299.5 -32343.1 464 564 3)
(145644 740.531 35999.9 222 322 1)
(145645 -75373.7 -16197.8 119 219 1)
(145651 -20184.7 75362.4 190 290 3)
(145652 16333.5 74369.6 252 352 1)
(145657 2088.16 23084.3 291 391 -1)
(145674 -75414 78252 187 287 1)
(145677 38264.5 31065.3 96 196 3)
(145680 -922.374 -119875 417 517 3)
(145684 113882 57210.6 429 529 1)
(145687 50116.9 -71410.5 124 224 1)
(145692 -71470.8 -71474.9 216 316 1)
(145693 -66357.6 17024.9 207 307 1)
(145704 71505.9 -91722.2 364 464 3)
(145719 12933.7 24028.5 123 223 -1)
(145734 65565.6 64288 247 347 1)
(145739 6106.48 -138944 278 378 1)
(145742 -78479.2 -14239.3 581 681 1)
(145745 84646.1 -43451.5 610 710 1)
(145746 -5043.95 -73613.4 276 376 1)
(145753 25238.9 65195.1 128 228 1)
(145754 -107581 -54634.3 617 717 1)
(145761 -93477 128589 159 259 1)
(145773 61458.4 -76610 332 432 3)
(145780 92952.9 10815.6 466 566 1)
(145782 -10004 27036.5 58 158 1)
(145787 25247.6 -7200.2 539 639 1)
(145801 -43239.9 117700 602 702 3)
(145814 59490.8 31761.9 613 713 1)
(145832 17063.7 -131961 457 557 1)
(145850 -90488 25024.6 270 370 3)
(145858 -51236.2 39110.5 409 509 3)
(145866 -40220.6 46181.3 596 696 1)
(145888 11106.2 -20222.5 16 116 1)
(145908 41352.5 104586 527 627 1)
(145912 -74471.1 -132004 532 632 3)
(145914 -43213.4 -3139.97 356 456 3)
(145916 60304.7 -61443.9 45 145 3)
(145918 17166.4 -55483.4 355 455 1)
(145919 -28110.2 5907.11 223 323 1)
(145922 -82613.6 -142407 505 605 1)
(145931 34396.4 -2099.61 388 488 1)
(145937 -66305.5 -36294.8 54 154 1)
(145943 -1838.18 -31125.1 586 686 3)
(145948 -85554 -112975 459 559 1)
(145950 13149.3 -83639.3 539 639 1)
(145954 -85769.9 -14157.2 310 410 3)
(145957 -27055.5 43130.1 1 95 1)
(145964 53364.2 118544 78 178 1)
(145968 -17079.3 -3152 523 623 1)
(145972 -42241.8 -19237.9 479 579 3)
(145984 -109579 -31307.4 167 267 1)
(145995 -5037.85 -127795 2 102 1)
