(62003 44312.8 82397.5 401 501 1)
(62017 -21090 -25247 378 478 1)
(62022 1113.72 67247.8 259 359 1)
(62024 -67337.2 -120826 177 277 1)
(62035 -75406 -54465.6 311 411 1)
(62036 -86303 -102740 51 151 1)
(62040 67284.9 -78527.7 20 120 1)
(62045 -58313 -93707.8 324 424 1)
(62048 55362.7 -14197.9 73 173 3)
(62054 115811 -69453.6 263 363 1)
(62056 17865.4 -136874 239 339 1)
(62057 -4208.1 68031.8 124 224 3)
(62060 69590.8 -11865.7 249 349 3)
(62077 41397.4 32181.3 409 509 1)
(62078 -56264.3 10964 79 179 1)
(62085 58422.1 -73595.9 357 457 1)
(62089 110806 -207.524 356 456 1)
(62098 -14035.3 -138842 5 105 1)
(62100 -116701 -68589.8 414 514 1)
(62105 -13005 -25256 106 206 1)
(62108 -122661 13954.9 228 328 1)
(62109 24201.4 118568 170 270 1)
(62111 -114686 -86676.7 455 555 1)
(62112 -74354.6 -6151.29 123 223 1)
(62115 -10003.8 -5181.53 595 695 3)
(62132 -13011.1 66251.1 1 99 1)
(62135 -12021.8 -18202.8 320 420 1)
(62158 70536.8 -37314.5 200 300 1)
(62189 -78377.6 49017.5 270 370 1)
(62192 -35041.8 132740 586 686 1)
(62195 -70431.8 -62580 605 705 1)
(62202 -105571 -141928 250 350 1)
(62205 43451 9912.92 538 638 3)
(62207 -4958.27 137835 183 283 3)
(62208 -71378.2 73322.5 330 430 1)
(62211 36443.5 84419.9 620 720 1)
(62213 -89478.7 -120906 537 637 1)
(62217 -24084.3 -20237.9 162 262 1)
(62219 33154.3 25946.8 465 565 1)
(62225 1063.21 80336.2 73 173 1)
(62243 82903.5 59252.8 342 442 1)
(62250 14149 41262.7 430 530 1)
(62253 48362.1 26026.5 260 360 1)
(62256 86514.9 5914.82 11 111 1)
(62278 -72425.1 49198.6 286 386 1)
(62279 -40204.3 22036.5 242 342 3)
(62293 -108755 -15230.4 544 644 1)
(62295 118555 -124138 148 248 1)
(62309 44554.2 -66701.2 140 240 1)
(62317 -44216.9 4904.65 124 224 3)
(62319 -19048.2 -99589.8 38 138 1)
(62325 -74443.5 -30381.8 422 522 1)
(62329 85684.3 -63599.7 489 589 1)
(62336 -30132.7 66284.8 217 317 1)
(62339 23.1185 -42413.1 108 208 1)
(62340 -69284.3 -117888 251 351 1)
(62348 119758 41064.4 237 337 1)
(62349 -8999.25 -115827 363 463 1)
(62353 -24278.6 -92794 562 662 1)
(62354 -3963.42 -1127.26 126 226 1)
(62364 -79332.3 -130859 99 199 1)
(62377 -17009.4 -49455.2 388 488 1)
(62387 -52208.1 -146236 418 518 1)
(62392 112685 94417.6 197 297 3)
(62399 -24836 -26237.8 4 104 1)
(62404 8990 46166.8 50 150 1)
(62423 57424.8 -15209.9 376 476 1)
(62424 71349.9 110455 213 313 3)
(62437 -49284.9 -1133.09 377 477 1)
(62440 57492.8 4899.23 621 721 1)
(62449 7302.93 -27367 327 427 1)
(62454 -103583 129708 506 606 1)
(62455 12279 -1015.68 266 366 3)
(62460 -13050.7 -85702.3 542 642 3)
(62472 -28151.2 -10159.2 103 203 1)
(62477 -66422.7 -99785 316 416 3)
(62503 120784 -85604.4 431 531 1)
(62525 28261.5 -30345.3 475 575 1)
(62529 -110638 -77597.5 377 477 1)
(62539 -98357.7 -79666 308 408 1)
(62541 -25118.3 79393.2 511 611 1)
(62550 -36151.6 21990 15 115 1)
(62552 91573.3 25096 280 380 3)
(62565 50434.6 -128057 530 630 1)
(62567 53375 34077.4 162 262 1)
(62571 -61348.7 27049.2 509 609 1)
(62591 -7823.29 677.374 188 288 3)
(62597 -72168.4 -82683.5 134 234 1)
(62600 -32256.7 30043.5 479 579 1)
(62608 -44229 27035.3 442 542 3)
(62617 15166.4 -28313.2 478 578 1)
(62621 -65385.2 -89751.4 476 576 1)
(62623 -99575.7 -25324.4 435 535 3)
(62624 39301 -121818 179 279 3)
(62625 109928 -71550.4 375 475 3)
(62628 -109788 6896.85 508 608 1)
(62639 -49227 36077 170 270 3)
(62647 -86479.7 -46423 538 638 1)
(62658 -64343.7 -50448.5 324 424 1)
(62660 -78130.4 -103438 137 237 1)
(62667 46361.9 -47345.2 180 280 3)
(62668 -26114.2 -101835 517 617 1)
(62694 8121.51 6912.98 355 455 1)
(62698 -47324.1 57220.4 500 600 1)
(62709 -2968.09 -146955 221 321 1)
(62711 -77460.9 105513 596 696 1)
(62713 -116728 81413.4 423 523 1)
(62717 -116558 -13204.5 57 157 3)
(62725 23207.2 122637 459 559 1)
(62734 -118649 -34265.4 201 301 1)
(62738 -44194.3 -18230.5 139 239 -1)
(62740 -1965.77 -41352.9 175 275 1)
(62748 49292.5 -25229.3 16 116 1)
(62749 -21093.4 -37336.3 338 438 1)
(62751 77541 61233.4 238 338 1)
(62753 -84423.8 -79648 251 351 1)
(62754 -15032.9 -131931 131 231 1)
(62755 34219.3 -123794 2 102 1)
(62773 -8888.41 9986.38 594 694 3)
(62775 73609.6 -103910 496 596 3)
(62780 -95597.9 -21411.8 224 324 1)
(62785 -92451.9 -63445.5 55 155 1)
(62787 43370.3 -108858 482 582 1)
(62801 91690.4 114545 112 212 1)
(62806 67448.5 43126.5 129 229 1)
(62808 -19021.2 96437.1 89 189 3)
(62824 67358.3 127550 130 230 3)
(62826 -66346.8 60285.2 311 411 1)
(62831 -123656 -147944 175 275 1)
(62839 -21080.1 8968.41 19 119 1)
(62856 -79433.1 -66547.9 130 230 3)
(62862 17185.2 -24308.3 486 586 1)
(62865 23120.5 -26191.2 1 94 3)
(62868 -22988.7 -28275.3 340 440 1)
(62869 -91478.5 10936 189 289 1)
(62874 -43229.2 -975.461 423 523 1)
(62877 40349.6 -116857 326 426 1)
(62879 -75385.1 -40371.3 245 345 1)
(62882 -89476.6 62282.2 596 696 1)
(62887 -11012.3 47142.9 33 133 1)
(62889 13119.7 -132983 495 595 1)
(62891 -29123.3 -24299.4 421 521 1)
(62898 43288.7 46091.8 411 511 3)
(62902 47301.7 60232.2 147 247 1)
(62907 -68401.5 -106855 543 643 1)
(62908 59349.2 -43399.3 57 157 1)
(62911 122953 -72581.8 449 549 1)
(62913 53354.5 -29279.7 95 195 1)
(62916 -56401.2 137776 489 589 1)
(62930 1037.71 -100602 25 125 1)
(62937 -16042.7 -92813.2 620 720 1)
(62938 -28137.6 105591 578 678 1)
(62939 -123627 10941.8 45 145 3)
(62949 33230.2 -113718 1 100 3)
(62958 -32124.9 28004 53 153 1)
(62960 7163.7 -94823.7 608 708 3)
(62961 71462.4 -125822 165 265 3)
(62962 -37081.1 -110723 34 134 1)
(62964 91677.1 -28326.6 479 579 3)
(62974 -98497.7 -79544.7 464 564 1)
(62985 106637 -100671 76 176 1)
(62987 69459.1 69261.7 46 146 1)
