(57002 38086.2 -99558.9 133 233 1)
(57004 6097.86 -144017 302 402 1)
(57008 82574.3 71248.9 268 368 1)
(57011 -23036.4 -46304 43 143 1)
(57013 21136.4 86349.3 324 424 3)
(57018 88601.1 107525 247 347 1)
(57020 9961.44 -5337.03 160 260 1)
(57024 -42210.9 73458.9 141 241 1)
(57028 10157.5 76468.2 538 638 1)
(57029 -72295.7 -94036.1 448 548 1)
(57032 108908 135726 446 546 1)
(57034 17163.1 38100.7 143 243 3)
(57035 -31239.6 -119753 237 337 3)
(57037 -44157.2 -125715 117 217 1)
(57042 -25997.1 930.592 56 156 1)
(57050 -23184.4 48257.6 117 217 1)
(57052 53268 146854 361 461 1)
(57053 3073.07 24032.7 123 223 1)
(57057 23241.7 -89761.3 416 516 1)
(57059 85646.1 -36258.2 490 590 3)
(57062 44405.4 -12286.2 532 632 1)
(57067 76520.2 -1105.32 188 288 3)
(57071 -11000 56254.8 430 530 3)
(57077 -61316.3 -86599 43 143 1)
(57095 -9965.79 -77653.3 193 293 1)
(57122 -85479.3 104465 86 186 1)
(57138 22898.8 134992 360 460 -1)
(57139 -38152.4 27020.5 122 222 1)
(57146 1859.5 -120082 332 432 1)
(57157 -23936.2 -37134.2 544 644 3)
(57164 -90445.8 -52420.5 122 222 1)
(57178 -93548.1 -116899 400 500 1)
(57183 -21047 -89632 85 185 1)
(57186 -4833.25 -122926 417 517 1)
(57189 27274.3 49203 469 569 1)
(57200 -27124.4 43173.7 522 622 1)
(57205 -33151.6 56221.9 299 399 1)
(57208 7111.92 98438.6 207 307 1)
(57213 -87425.2 -10178 62 162 1)
(57227 1069.51 -78605.2 223 323 1)
(57242 67348.4 20021.8 39 139 3)
(57251 -4976.94 25021.2 35 135 3)
(57255 31241.8 3913.99 40 140 1)
(57276 22919.4 -127972 507 607 1)
(57277 1992.92 44210.7 516 616 1)
(57282 41307.7 37049.6 353 453 1)
(57288 -7998.77 -34355.7 270 370 1)
(57297 -63349.1 120683 539 639 3)
(57321 33199.8 -55488.3 125 225 3)
(57326 41296.3 41112.3 166 266 1)
(57328 31258.8 -121876 289 389 1)
(57343 -10021 -121916 435 535 1)
(57346 83608.9 -28334.7 309 409 1)
(57350 -56363.2 -19297.7 553 653 3)
(57351 97610 -110816 60 160 3)
(57363 72367.7 -75693.7 92 192 3)
(57376 47379.1 -30343.7 449 549 1)
(57385 -100453 4976.76 173 273 3)
(57391 22209.6 -110826 343 443 1)
(57393 -60272.5 -69459.2 37 137 1)
(57403 -52761.5 -94772 362 462 3)
(57405 110875 20181.4 447 547 1)
(57410 -114603 -126858 173 273 1)
(57414 -26079.4 -2134.89 53 153 1)
(57418 -119619 -37327.8 152 252 1)
(57420 43350 -139032 425 525 1)
(57425 107806 -121983 525 625 3)
(57428 -116606 -68497.9 113 213 1)
(57430 119726 80339.8 120 220 1)
(57434 -52219.2 104520 218 318 1)
(57442 28160.4 -116877 297 397 1)
(57444 16103.6 16089.1 123 223 3)
(57446 -9271.02 22133.6 321 421 1)
(57448 51382.5 -8381.48 248 348 1)
(57454 96585.8 -86588.9 113 213 3)
(57455 -12091.7 9854.81 1 94 1)
(57464 -68383.7 -82615.4 230 330 1)
(57476 -1925.49 -125768 9 109 1)
(57478 -28068.6 -108810 322 422 1)
(57483 -36155.8 6914.04 149 249 1)
(57486 -51240.3 892.787 144 244 1)
(57488 -14030.1 -147978 192 292 1)
(57499 -71199.9 59906.3 329 429 1)
(57509 26231.4 -81641.4 314 414 3)
(57514 106683 44137.2 194 294 1)
(57522 34107.7 133575 233 333 3)
(57535 116905 -82738.2 603 703 3)
(57541 2146.12 -40263.4 20 120 3)
(57542 -110836 -115208 616 716 1)
(57547 -90566.4 -58551.3 557 657 1)
(57548 -98468.4 -143925 119 219 1)
(57554 -52191.6 45145.8 240 340 1)
(57561 -50217.6 11920.8 267 367 1)
(57570 113764 -78663.9 369 469 1)
(57571 -121706 32800.1 459 559 1)
(57574 28245.8 -44424.9 362 462 1)
(57579 -60310.1 -26281.3 265 365 1)
(57584 97556.3 -144854 6 106 3)
(57589 90050.9 89813 576 676 1)
(57591 -52260.7 51161.6 272 372 1)
(57603 -80322.8 -22498.2 262 362 3)
(57604 -62306 145696 40 140 3)
(57615 8126.87 133672 223 323 3)
(57618 -22190.1 -105844 495 595 1)
(57630 -99657.2 61331.3 542 642 1)
(57634 73874.7 15966.2 108 208 1)
(57637 -68435 -89589.5 287 387 3)
(57638 -93502 -62489.7 167 267 1)
(57643 -28123.9 -115958 596 696 1)
(57644 -63021.2 -109724 170 270 1)
(57661 -15041.7 -65549.2 363 463 1)
(57666 -103533 -17240.3 167 267 1)
(57670 45356.5 -142992 309 409 1)
(57679 -96602.5 -117892 403 503 3)
(57683 58484.3 -123014 576 676 1)
(57684 -82446.6 -92688.8 265 365 1)
(57687 -96460.4 -19201.4 35 135 3)
(57689 -75463.4 13898.5 558 658 1)
(57690 -36872.3 -86445.1 450 550 1)
(57703 -84524.8 -98833.2 603 703 1)
(57709 7138.96 -95729.4 378 478 1)
(57710 -54524.1 -44264.2 218 318 1)
(57715 18117.9 -96873.8 348 448 3)
(57730 76558.8 -23272.8 385 485 1)
(57731 -10046 109670 452 552 1)
(57735 -28136.4 -77541.2 167 267 1)
(57741 36321.7 -29285.6 216 316 1)
(57755 -120817 59277.5 606 706 1)
(57756 72682.4 129734 421 521 1)
(57764 60389.7 87345.7 40 140 1)
(57771 -102681 -73672.3 611 711 1)
(57774 81619.9 127609 91 191 1)
(57790 -8004.55 36987.1 598 698 1)
(57794 89600.7 -53506.7 470 570 1)
(57797 102609 61248.8 83 183 3)
(57805 57.6702 22997.3 56 156 3)
(57814 -27155.4 43050.3 214 314 1)
(57817 -113666 114521 208 308 1)
(57819 -67309.8 -12186.7 126 226 1)
(57820 79438.8 -20366 238 338 1)
(57822 31319.4 55227.7 501 601 1)
(57836 100756 60015.8 104 204 3)
(57837 -10052.9 -52508.5 362 462 3)
(57838 40270.8 -113724 32 132 1)
(57839 -8898.51 -35301.7 465 565 1)
(57843 57475.1 -77656.7 393 493 1)
(57845 -60262.2 -127072 193 293 1)
(57848 6116.54 -70613 529 629 1)
(57851 16205.1 -50366 179 279 1)
(57855 122751 -97629.5 80 180 1)
(57860 71400.7 -72525.8 33 133 1)
(57866 18238.9 20812.1 440 540 1)
(57867 -44227.2 116630 434 534 1)
(57890 22191.7 -67630.5 458 558 1)
(57896 -52371.8 53194.9 505 605 3)
(57898 43737.2 138616 602 702 1)
(57900 -37103.9 -127007 288 388 1)
(57906 -75372.7 97462.8 311 411 1)
(57911 16510.3 29988.7 577 677 3)
(57919 70475.3 -75555.4 215 315 1)
(57923 119756 -83585 138 238 1)
(57938 120007 -89249.5 320 420 1)
(57947 -50135 140834 459 559 1)
(57948 123717 129671 245 345 1)
(57957 30201.2 -75574.5 13 113 1)
(57962 -850.412 -91899.2 26 126 3)
(57968 -39187.5 129704 127 227 1)
(57973 -64339.1 1865.78 302 402 1)
(57980 -65377.9 -152.296 438 538 1)
(57982 -88497.7 76352.1 337 437 1)
(57985 96456.3 -13144.2 16 116 3)
(57988 59337.9 -107788 364 464 1)
(57990 -88573.2 123644 515 615 3)
(57991 17281.7 53223.5 484 584 3)
(57997 -6969.38 -119940 450 550 3)
(57998 -104780 -106462 445 545 1)
