(169002 -89436.7 73285.1 67 167 1)
(169005 27220.6 -80602.9 227 327 1)
(169007 -116638 -129937 278 378 1)
(169014 -14967.6 143661 265 365 1)
(169015 -42230.1 13907.5 427 527 1)
(169016 -109576 69284.9 162 262 1)
(169020 -97579.1 84398.1 316 416 1)
(169022 37294.9 14988.2 314 414 1)
(169034 -60304.8 13929.8 357 457 1)
(169039 15096.5 -59436 117 217 1)
(169043 55447.2 -120810 151 251 1)
(169045 -81346 111483 15 115 1)
(169059 -69348.1 -123693 364 464 1)
(169064 -35157.8 -79598 104 204 1)
(169066 110687 66264 189 289 1)
(169069 -75447.9 -26318.1 497 597 1)
(169073 66440.5 120600 158 258 3)
(169076 -13034.2 -17219.1 64 164 1)
(169084 77592.4 106600 504 604 1)
(169090 -63305.3 20027.4 269 369 1)
(169092 -46233.3 -68587.5 483 583 1)
(169094 -90583.3 -85730.3 600 700 1)
(169099 60478.2 -71639 533 633 3)
(169102 -102537 97475.3 167 267 3)
(169103 6119.65 -23231.3 47 147 1)
(169106 -43128.1 39053.8 59 159 1)
(169116 12114.3 -132964 402 502 1)
(169122 3106.22 53211.1 454 554 1)
(169127 82565.6 -128907 272 372 1)
(169131 8133.44 15920.4 65 165 1)
(169133 24291.4 28111.8 311 411 1)
(169134 -44210.5 -125913 306 406 1)
(169148 -36151.8 -95649.6 107 207 1)
(169149 94411.5 27960.8 162 262 1)
(169160 -51212.2 -103712 288 388 3)
(169161 -68372 -92702.8 326 426 1)
(169169 22173.3 64306.7 227 327 1)
(169175 76540.3 27057 457 557 1)
(169178 63405.2 18994.6 96 196 1)
(169196 -62351 -27337.7 600 700 3)
(169197 46548.5 56180.8 563 663 3)
(169210 -101435 23095.5 27 127 1)
(169213 -69334.4 68260.4 164 264 3)
(169215 -103537 -50385.6 230 330 1)
(169218 60432.3 121614 90 190 1)
(169224 -102613 -82733.2 628 728 1)
(169225 93569.8 23033.2 56 156 3)
(169226 -36130.7 -73501.1 412 512 3)
(169236 34238 -4148.15 49 149 1)
(169256 -67377.7 22015.6 445 545 1)
(169264 5040.67 -77457.3 56 156 1)
(169267 -83543.1 906.53 507 607 1)
(169271 -35187.4 -4169.82 433 533 1)
(169273 -112554 -81500.7 96 196 1)
(169274 -40184.1 -120966 414 514 1)
(169276 -58353.5 13929.3 430 530 1)
(169284 -4973.72 -9192.94 559 659 3)
(169290 -88463.5 -23227.7 111 211 1)
(169300 -34287 24091.2 183 283 1)
(169303 89708.7 -19283.2 609 709 1)
(169313 -118575 -112822 327 427 3)
(169316 -105527 -131977 488 588 1)
(169324 -94596.7 123728 585 685 1)
(169327 62553.6 -47460.9 582 682 1)
(169333 16121.3 -132967 264 364 3)
(169334 -1966.14 -53427.8 166 266 1)
(169352 73592.8 -47621.7 583 683 3)
(169360 81622.6 -89714.7 435 535 1)
(169364 6093.32 -43389.1 57 157 1)
(169368 109705 -77482 80 180 1)
(169372 -86393 20991.1 3 103 1)
(169375 -118608 46147.2 120 220 1)
(169381 2075.44 75089.5 197 297 1)
(169394 29219.8 -112796 211 311 3)
(169400 18167.8 -6176.23 340 440 3)
(169402 -45153.7 25920.3 135 235 1)
(169406 63486.9 -53461.7 470 570 1)
(169408 29282.9 -98851 592 692 1)
(169422 -43187.4 -128796 91 191 3)
(169423 -60130.4 -148047 120 220 1)
(169424 2998.91 -75447.7 154 254 1)
(169433 105803 65330.8 550 650 1)
(169436 89665.3 67312.3 476 576 1)
(169443 -36091.5 102444 39 139 1)
(169457 76795 -99930.4 607 707 1)
(169469 4802.42 -145104 198 298 1)
(169476 -52237.8 -65616.8 387 487 1)
(169480 -57298.3 -148988 212 312 1)
(169484 -25237.6 24966.1 108 208 3)
(169490 -81300.3 -140175 515 615 3)
(169502 114814 86443.2 358 458 3)
(169504 -115749 -40430.5 124 224 3)
(169505 -6954.69 -44383.7 232 332 1)
(169512 -121699 -106787 345 445 3)
(169523 24161.5 115617 106 206 1)
(169524 89714.6 -94807.9 609 709 1)
(169532 -26089.6 -118752 46 146 1)
(169538 -101508 -131130 398 498 3)
(169539 50380.6 140925 542 642 1)
(169554 -78467.2 83349.5 366 466 1)
(169557 35307.4 -4162.79 425 525 1)
(169571 -6037.85 86508.8 292 392 3)
(169577 -9843.91 17026.9 1 95 1)
(169580 -30124.3 -7150.8 618 718 1)
(169583 -19072.6 90297.3 446 546 1)
(169589 110831 78355 501 601 1)
(169593 -112591 111525 173 273 1)
(169597 42406.8 -114884 563 663 1)
(169598 32263.2 -142042 365 465 3)
(169605 110706 -117845 283 383 1)
(169624 -119593 -62481.4 221 321 1)
(169629 -86533.9 -35358.4 550 650 1)
(169630 -25084 56159.3 103 203 1)
(169634 -11074.2 52188.4 395 495 1)
(169636 21308.5 -50289.9 288 388 1)
(169638 76596.6 64294.7 534 634 1)
(169641 -89465 21032.1 338 438 1)
(169646 20198.5 -71610.6 425 525 1)
(169649 31126.5 99429.3 390 490 1)
(169655 82550.8 -91653.1 216 316 3)
(169659 24255.8 13929.2 605 705 1)
(169682 26265.8 -92791.7 407 507 1)
(169695 -22010.9 -25264.3 344 444 1)
(169697 -20039.5 -16257 511 611 1)
(169702 49490.2 5842.24 407 507 1)
(169707 21217.1 107496 105 205 1)
(169708 22080.6 49170.7 215 315 3)
(169716 44404.5 95497.9 599 699 1)
(169719 43241.2 -96588.8 74 174 1)
(169720 -115070 -40385.9 461 561 1)
(169731 104876 -108913 477 577 3)
(169733 38237.5 -88637.3 80 180 1)
(169735 13162.5 5902.74 323 423 1)
(169736 -26145 -58591.5 491 591 1)
(169737 -100575 4866.99 409 509 1)
(169738 -57285.7 -112803 243 343 1)
(169741 -32162.8 -3187.23 517 617 3)
(169754 -34195.7 -113975 629 729 3)
(169768 -17149.7 -105667 213 313 3)
(169769 -109568 -98569.1 66 166 3)
(169774 -11020.3 32075.2 339 439 3)
(169777 35285.7 -5163.14 264 364 1)
(169779 -9857.91 51280.5 92 192 1)
(169799 -39225.7 -59547.7 581 681 1)
(169803 -8034.68 15963.3 550 650 1)
(169806 -76548.7 13037.9 442 542 1)
(169809 -31142.4 -149198 570 670 1)
(169818 116899 99575.6 595 695 1)
(169819 -17922.9 -74516 441 541 1)
(169820 58294.1 47941.1 375 475 3)
(169821 -7865.54 -57550.8 596 696 1)
(169822 88486 -135928 3 103 1)
(169830 -117742 -30372.3 598 698 1)
(169835 -72326.5 -61561.1 386 486 3)
(169836 -64374.9 39120.5 361 461 3)
(169847 124829 -40290.5 192 292 1)
(169848 -87431.5 -83093 598 698 3)
(169855 -97680.4 -34393.2 364 464 1)
(169865 -121641 115712 557 657 1)
(169867 8130.28 -89795.8 628 728 1)
(169897 3061.1 -60487.5 320 420 1)
(169898 -67353 22010.2 41 141 1)
(169902 75525.7 -102732 210 310 1)
(169904 -72365.8 -30306.4 150 250 1)
(169905 -947.894 -72640.1 504 604 3)
(169909 -24116.7 -29371.4 596 696 1)
(169915 63369.8 -91737.1 242 342 1)
(169921 -56323 -10247 622 722 3)
(169923 -18059.9 -133018 446 546 1)
(169927 -87349 -29371.9 383 483 1)
(169931 3090.9 -12216.4 433 533 1)
(169941 -70454.2 79283.2 119 219 1)
(169945 12188.8 -29369.4 354 454 1)
(169952 19175.5 -141063 460 560 1)
(169954 26222.7 28740.4 169 269 1)
(169958 -32243.7 27224.7 437 537 1)
(169964 -49176.1 -112962 359 459 1)
(169969 54354.5 99429.2 146 246 1)
(169978 39276.2 -67463.4 37 137 1)
(169990 -95485.8 123822 445 545 1)
(169993 -34188.2 -139882 224 324 1)
(169998 -17972.3 28124.8 613 713 1)
