(108007 100707 99483.6 60 160 3)
(108009 -98909.2 -106776 515 615 1)
(108011 4094.18 2877 397 497 1)
(108024 70579 148733 215 315 3)
(108028 51398.8 95525.9 384 484 1)
(108032 103810 26033 418 518 1)
(108035 -41239.7 52269.3 507 607 1)
(108036 71490.7 126677 250 350 1)
(108041 116733 -56477.6 168 268 1)
(108043 -33114.7 -3288.39 335 435 3)
(108044 48399 60272.7 561 661 1)
(108047 123801 137690 171 271 3)
(108052 -52576.8 17972.2 466 566 1)
(108058 -107644 43147.6 564 664 3)
(108068 -9994.92 -39363.6 351 451 1)
(108070 -97515.9 71439.4 313 413 1)
(108072 -119167 -7347.4 440 540 1)
(108079 105673 6930.68 170 270 1)
(108103 26301.2 82392.5 462 562 1)
(108106 -123792 85430.6 598 698 1)
(108115 32263.9 -27303 597 697 3)
(108120 31234.4 -104728 78 178 1)
(108128 21178.5 -105757 265 365 1)
(108131 -2959.43 111538 326 426 1)
(108135 -94550.7 1853.24 614 714 1)
(108145 121733 -91301.5 138 238 1)
(108147 -27819.1 -16011.5 579 679 3)
(108151 57362.6 90380.2 49 149 1)
(108152 -8137.72 -41404.2 328 428 1)
(108153 -94569.8 -3106.13 443 543 1)
(108156 52398.3 -79638.6 355 455 1)
(108173 -51291.8 72320.5 560 660 1)
(108174 -61305.5 37084.5 183 283 1)
(108184 -35172.8 -44532 570 670 1)
(108192 4085.1 95432.2 188 288 1)
(108202 63725.2 -124075 149 249 1)
(108204 97699 -59508.1 400 500 1)
(108217 -50086.3 -84696.1 610 710 3)
(108222 -72392.7 52291.6 247 347 3)
(108223 124814 -47505.3 446 546 1)
(108232 13157.4 -66552.5 427 527 1)
(108241 32254.9 9681.11 542 642 1)
(108246 -4100.17 18124.5 153 253 1)
(108252 -4008.94 -36378.8 296 396 1)
(108257 -21037.6 -97664.6 347 447 1)
(108258 -15048.5 -50451.2 426 526 1)
(108269 -63375.6 59279.4 600 700 3)
(108272 -104712 58322 586 686 1)
(108277 -119759 -37397.7 533 633 3)
(108279 65453.2 101492 219 319 1)
(108282 -106467 41400.8 146 246 1)
(108283 66491 128726 458 558 1)
(108285 46320.2 9923.38 118 218 1)
(108292 -83448.7 -77560.8 286 386 1)
(108297 3079.99 -123935 423 523 1)
(108303 -43289.3 -126962 364 464 1)
(108318 -65427.1 -96800.5 277 377 1)
(108320 -67379.6 -38337.5 285 385 1)
(108321 70.3856 -93639.9 120 220 1)
(108332 102846 -126159 602 702 1)
(108336 -23084.3 -132070 486 586 1)
(108338 -77452.8 -12297.2 557 657 1)
(108344 -42225.8 132783 545 645 1)
(108352 26246.7 -27328.7 520 620 1)
(108353 -13011.9 52173.1 17 117 1)
(108356 11128.9 93487.5 456 556 1)
(108358 -44739.8 -119597 328 428 1)
(108360 -10008 -43393.9 240 340 1)
(108363 -66362.4 49202.3 371 471 1)
(108377 25250.7 -139119 540 640 1)
(108380 -91466.7 -77540 52 152 3)
(108381 -13071.7 -42399.7 401 501 1)
(108383 -80524 -103835 567 667 3)
(108385 -95533.7 -49513.9 318 418 1)
(108390 -48299.9 14939.3 33 133 3)
(108392 53523.3 -2186.53 524 624 1)
(108402 48463.1 132969 541 641 3)
(108418 -113648 -70550.3 165 265 1)
(108421 49428.6 -77634.9 413 513 1)
(108426 -40307.7 53218.8 213 313 1)
(108427 96706.1 -111897 501 601 1)
(108428 -16077 -95837.1 312 412 3)
(108432 -17137.7 -87526.4 339 439 1)
(108434 -72424.9 88457.2 505 605 -1)
(108438 -90461.9 21016.3 169 269 1)
(108441 98871 53338 458 558 1)
(108442 19105.4 -116938 355 455 1)
(108446 104673 -123857 340 440 1)
(108452 -119581 -134865 82 182 3)
(108455 74555.5 -56489.4 416 516 1)
(108456 -952.679 -30340.2 179 279 3)
(108463 -119681 -131928 238 338 1)
(108464 97735.7 53207.2 525 625 3)
(108467 1049.27 69286.8 99 199 1)
(108470 -15024.7 -115785 149 249 3)
(108471 -27329.4 -43405.3 362 462 3)
(108493 -92465.2 867.751 17 117 3)
(108517 -6928.53 -6173.46 103 203 1)
(108518 78513.4 859.914 215 315 3)
(108520 -40060.5 -21388.7 298 398 3)
(108527 -89472.1 -12227 549 649 1)
(108528 -54484 -72340.1 101 201 3)
(108530 -84352.6 -99486.3 340 440 1)
(108534 65457 -84629.8 189 289 3)
(108537 -28072.9 85376.4 318 418 1)
(108539 -90443.1 60201.6 96 196 1)
(108545 -79435.1 -30353.9 401 501 3)
(108549 -12033.2 -112786 67 167 1)
(108550 40284.3 54108.7 258 358 1)
(108578 97640.5 -94685.4 210 310 1)
(108581 -9970.47 -99703.8 221 321 1)
(108586 27233.5 -54548.4 349 449 1)
(108591 83480.3 60185 116 216 3)
(108594 52356.6 77383.7 326 426 1)
(108595 -46237.4 -45427.3 550 650 1)
(108600 -42234.6 -142933 148 248 3)
(108601 51339.6 -50309.9 34 134 1)
(108616 111880 5909.21 524 624 1)
(108620 -68405.4 13942.4 565 665 1)
(108632 -1908.36 45191.8 530 630 1)
(108640 -11999.3 -114025 508 608 3)
(108656 -56296.8 -29310.8 318 418 1)
(108661 79654.4 12928.8 397 497 1)
(108672 31148.5 127675 198 298 1)
(108676 53498.8 44142.4 341 441 3)
(108686 -64231.4 -42384.8 210 310 3)
(108697 99612.4 -66381.5 108 208 1)
(108706 57518.6 -82749.5 618 718 1)
(108707 119965 -99920 338 438 3)
(108710 -81593.4 80483.2 487 587 1)
(108711 -31128.7 -106772 255 355 3)
(108713 116464 78532.4 190 290 3)
(108729 -6975.14 -3124.11 34 134 1)
(108734 16083.8 -43449.7 523 623 1)
(108737 46313.3 -29281.9 165 265 1)
(108745 -89489.3 -82583.2 144 244 1)
(108751 -40191.8 -92690.4 228 328 1)
(108762 -55253.4 3835.93 261 361 1)
(108765 -69365 114538 66 166 1)
(108772 -93500.7 30045 299 399 1)
(108783 26256.1 -78734.4 514 614 1)
(108785 -59289 28028.3 326 426 3)
(108794 -104570 29058.5 187 287 3)
(108797 55314.9 -71507.5 129 229 1)
(108798 12133.7 -17214.4 63 163 1)
(108799 16183.4 -106920 534 634 1)
(108803 -47706.3 44177.7 585 685 1)
(108806 28145.7 -60510 57 157 1)
(108827 -42278.5 -6166.05 530 630 1)
(108833 105605 -71592 91 191 1)
(108847 68526 -66594.3 555 655 3)
(108848 20440.1 3691.53 539 639 1)
(108850 -105167 -48479.1 1 96 1)
(108857 50355.8 -51349 157 257 1)
(108859 44336.2 -134955 294 394 3)
(108867 2019.49 -139932 133 233 1)
(108870 -106655 -81705.9 500 600 1)
(108879 36329.8 -70579.2 416 516 1)
(108881 31214.3 -73465.2 439 539 3)
(108885 62435.3 -62484.1 517 617 1)
(108887 38476.2 67395.7 427 527 1)
(108892 107821 -100848 628 728 1)
(108901 45330.6 20999.7 93 193 1)
(108904 -10898.9 144056 448 548 3)
(108906 5388.52 39838.2 44 144 1)
(108907 -24981.1 -97863.7 279 379 1)
(108915 -38163.7 96468.1 193 293 1)
(108916 -51216.7 -11167 31 131 1)
(108917 30279.6 -71641.4 557 657 1)
(108921 17202.8 -7204.55 384 484 1)
(108924 79481.8 34064.5 164 264 3)
(108927 -63376.7 66301.8 550 650 1)
(108940 -54290.1 -119951 412 512 1)
(108941 -81484.7 136801 622 722 1)
(108944 -43198.1 -66592.3 285 385 1)
(108948 11119.1 -106725 104 204 1)
(108963 -64315.9 47059.1 497 597 1)
(108968 120749 -13176.2 266 366 1)
(108977 -5994.31 -49434.3 234 334 3)
(108978 -98510.4 -111736 156 256 1)
(108990 -58230.5 -110768 121 221 1)
(108993 99615.9 5920.34 119 219 3)
(108994 9159.56 5743.02 453 553 1)
(108995 -33158.3 -22382.7 541 641 3)
(108999 -942.245 -69526 78 178 1)
