(81000 70541.5 -97748.7 266 366 3)
(81003 -119736 -21289.6 493 593 1)
(81016 -111695 22027 486 586 1)
(81023 59363.6 112537 142 242 1)
(81024 34235.9 -65452.7 37 137 1)
(81029 -23098.5 -89759.7 436 536 1)
(81030 67608.2 -27331.6 415 515 1)
(81031 -29099.3 -47384 564 664 1)
(81043 -20077.4 -90744.9 459 559 3)
(81046 -83482.3 -107841 430 530 3)
(81053 -20049.7 81360.7 213 313 3)
(81054 -5942.58 -28319 335 435 3)
(81078 -26058.5 104668 352 452 1)
(81079 -62285 12968.7 165 265 1)
(81084 -7985.69 -52449.3 275 375 1)
(81096 25079.1 -2968.72 349 449 3)
(81100 105571 48188.8 82 182 3)
(81101 4115.21 -138126 615 715 1)
(81110 89548.6 94387.2 43 143 3)
(81115 45316.3 16944.2 160 260 3)
(81119 1131.31 67424.7 117 217 1)
(81122 -68451.5 50241.5 333 433 3)
(81136 73470.4 47142.5 97 197 1)
(81140 -8043.84 125769 502 602 1)
(81141 65480.6 -46426.4 369 469 1)
(81147 -13020.3 60279.7 171 271 1)
(81148 -46124.9 96392.7 152 252 1)
(81153 -79425.9 -146983 220 320 1)
(81164 17166 -20211.9 16 116 3)
(81165 40316.9 -62605.8 538 638 3)
(81167 106759 -98847.5 477 577 1)
(81177 -88533.3 -108854 213 313 1)
(81207 3046.91 -135803 1 98 1)
(81216 -113717 75377 544 644 1)
(81224 -77331.2 -69522.9 141 241 1)
(81236 -979.233 -7203.22 192 292 3)
(81238 -81531.4 -68592.8 546 646 1)
(81240 66516.5 36109.2 515 615 1)
(81243 34316.7 -76574.5 473 573 1)
(81251 -55296.2 -28534.7 413 513 1)
(81254 27266.9 67312.1 494 594 1)
(81256 77479.9 -96669 1 100 1)
(81260 6126.2 13929.9 270 370 1)
(81267 -94458.6 -101637 382 482 1)
(81271 -54327.3 16925 309 409 1)
(81272 77499 -61479.4 92 192 3)
(81275 -53299.7 -72659.7 493 593 1)
(81277 77529.9 62172.3 4 104 1)
(81283 57493.3 -20321.1 565 665 1)
(81285 -16945.5 -43370.8 296 396 1)
(81286 50660.4 96580.5 89 189 1)
(81290 109919 -105806 590 690 3)
(81302 -13020.4 114679 206 306 3)
(81311 -23068.6 -98641.9 33 133 1)
(81316 23099.5 -98825.3 433 533 1)
(81321 44282.2 -38286.3 80 180 1)
(81322 -67371.2 -22280.2 408 508 1)
(81325 -21947.2 -80664.5 389 489 1)
(81333 -26084.3 -104821 292 392 1)
(81334 -106599 -105670 138 238 3)
(81339 -8031.48 66277.9 299 399 3)
(81340 -40554.6 -24166.6 323 423 3)
(81342 -71416.1 18983.2 493 593 1)
(81344 40349.4 20939.9 615 715 1)
(81347 -91507.1 -36385.6 313 413 3)
(81357 -116843 -37548.3 508 608 3)
(81359 -118746 46169.8 551 651 1)
(81363 21434.7 110507 4 104 3)
(81365 -106503 -126920 118 218 3)
(81372 49393.1 -142092 487 587 3)
(81376 3146.29 -125940 229 329 3)
(81385 -31129.7 -75618.3 128 228 1)
(81387 51373.5 -45523.7 261 361 1)
(81390 -44287.8 -16308.7 591 691 1)
(81414 -22070.5 11956.8 58 158 1)
(81422 -60315.9 43185 134 234 3)
(81430 -66356.8 -59506.6 378 478 1)
(81440 -90319.7 -32364.9 338 438 1)
(81445 23212.6 37177.5 528 628 3)
(81461 102617 43106.8 63 163 1)
(81463 -44241.9 107536 370 470 3)
(81470 -56359.4 31092.8 535 635 3)
(81472 99598.2 -1123.6 103 203 1)
(81474 -33154 119649 474 574 1)
(81482 -101594 77392.1 419 519 3)
(81488 26181.5 -102689 256 356 1)
(81489 47333.4 -111938 545 645 1)
(81491 100643 -21313.3 131 231 1)
(81494 14154.9 35102 510 610 3)
(81496 -79461.2 -135049 404 504 1)
(81499 4083.59 -87689.7 173 273 1)
(81503 118884 122725 573 673 1)
(81524 -79525.7 121783 629 729 3)
(81539 55339.5 -137915 240 340 3)
(81540 5115.88 -22269.1 462 562 1)
(81541 5148.08 -59701.7 462 562 1)
(81549 1066.58 67242.1 551 651 1)
(81550 57373 -91608.8 84 184 1)
(81551 28292.8 -93818.5 598 698 1)
(81552 -88572 -58512.7 561 661 3)
(81555 -15048.6 30055.9 243 343 1)
(81556 -4930.82 -94668.6 49 149 1)
(81557 -3232.75 -102633 240 340 3)
(81558 107819 850.613 577 677 1)
(81561 26270.1 -62609.2 612 712 1)
(81568 105729 -55659.7 556 656 1)
(81571 -27977.7 -91723.5 620 720 3)
(81574 -8131.01 -13163.7 155 255 1)
(81576 25269 41127.2 583 683 3)
(81577 116974 127702 615 715 1)
(81578 49384.6 -21265.4 334 434 1)
(81581 -21083 -110807 260 360 1)
(81583 101847 92459.3 541 641 3)
(81587 63449.5 -42400.6 18 118 1)
(81590 -94471.7 10934 63 163 1)
(81596 84524.4 36111.1 239 339 1)
(81597 117782 -7207.7 335 435 3)
(81608 -95881.8 41096.1 203 303 1)
(81613 24221 71329.4 463 563 1)
(81619 -49244.1 -107836 409 509 1)
(81620 -14048.8 -16248.9 624 724 3)
(81621 7021.75 83361.1 343 443 1)
(81637 52439.9 -37348.4 424 524 1)
(81645 68388.4 41209.7 119 219 1)
(81646 16227.7 76409.5 607 707 1)
(81657 -79521.7 72397 334 434 3)
(81661 -93487.3 60219.6 144 244 1)
(81667 109599 -13248.5 164 264 3)
(81677 -925.795 -20274.8 498 598 3)
(81683 -14045.3 27042.6 517 617 1)
(81688 93638 -112.578 356 456 3)
(81692 -10002.2 -54471.1 320 420 1)
(81696 -113580 -122760 21 121 1)
(81702 108677 -146949 81 181 1)
(81708 -45206.6 -53399.3 133 233 1)
(81719 -17049.5 -42434.1 518 618 1)
(81721 -89438.4 -67509.1 116 216 1)
(81739 8971.28 88341.5 294 394 1)
(81758 64477 90396.4 201 301 1)
(81760 -28104 -25274.4 211 311 1)
(81774 -59324.3 -13337.1 506 606 1)
(81777 -39220.5 -89510.4 1 99 1)
(81779 36184.6 75462.6 373 473 3)
(81790 68427.6 71259.3 72 172 1)
(81802 41348.4 -67461.1 168 268 1)
(81809 76572.5 18981 449 549 1)
(81813 -91474.8 138739 303 403 1)
(81815 -930.719 -87757.4 546 646 3)
(81821 124730 -47257 99 199 1)
(81829 -28127.6 -135973 318 418 3)
(81830 -60389.5 -68594.9 410 510 1)
(81840 29333.7 102633 129 229 1)
(81841 22260 41111.3 456 556 3)
(81842 -85548.8 51226.7 527 627 1)
(81854 -11029.1 -15212.1 31 131 1)
(81858 -123690 -86639.7 255 355 1)
(81861 -96442.8 79322.6 3 103 1)
(81868 21198 -9203.54 312 412 1)
(81876 45274 1908.51 30 130 1)
(81879 101738 46111.8 447 547 1)
(81880 10174.6 -120186 495 595 1)
(81882 -49195.5 58208.2 102 202 1)
(81894 77537.5 30059.9 295 395 3)
(81897 -109490 -132916 116 216 1)
(81902 69564.8 22330.8 240 340 1)
(81904 102782 62297.9 598 698 1)
(81923 -116732 -88741.1 521 621 1)
(81925 65400.3 -66479.9 1 94 1)
(81928 122732 -136895 1 101 3)
(81929 -50194.6 15974 58 158 1)
(81930 -45250.8 -145068 388 488 3)
(81951 59574.5 24993.1 606 706 1)
(81952 -35194.5 -4156.63 222 322 1)
(81959 -30974.4 132732 319 419 1)
(81967 27270.8 -24246.6 367 467 3)
(81969 61431.2 91417.9 265 365 1)
(81978 15162.6 62221.2 100 200 1)
(81985 1550.69 -132463 288 388 1)
(81999 18195 -56334.5 112 212 1)
