(148002 -49258.4 -70650.1 488 588 1)
(148007 63444.8 40056 119 219 1)
(148009 77688 -101849 622 722 1)
(148010 51428.1 -117975 585 685 3)
(148011 54387 -102803 328 428 1)
(148013 -1445.02 121834 300 400 1)
(148015 -121729 58465 465 565 1)
(148040 -11007.9 -137924 191 291 1)
(148043 -28135.4 149698 171 271 1)
(148046 -108479 -72501.9 147 247 3)
(148047 47390.4 -26311.3 527 627 1)
(148060 85527.1 -66577.1 526 626 1)
(148062 -121755 125743 499 599 3)
(148064 -45230.9 -67565.6 405 505 1)
(148066 18195.7 84485.5 373 473 1)
(148069 85755.2 -111997 70 170 1)
(148070 -66331 1878.7 144 244 1)
(148081 -62296 -23112.7 281 381 1)
(148087 -99603.8 11963 367 467 1)
(148088 -888.969 -85718.8 428 528 1)
(148099 104679 79387.7 208 308 1)
(148100 -47486.4 51125.9 400 500 1)
(148102 124176 14914.4 559 659 3)
(148104 -78341 -106629 80 180 1)
(148106 -109594 -144023 317 417 1)
(148111 63456.2 -123924 345 445 1)
(148118 -62349.3 -23375.1 293 393 1)
(148123 35326.6 5874.19 614 714 1)
(148127 113424 44194.9 342 442 1)
(148128 76473.5 -36309.3 62 162 1)
(148133 -110628 130615 353 453 1)
(148136 114461 29238.6 389 489 1)
(148139 37382.2 -93650.6 256 356 1)
(148144 -24131.3 -106795 251 351 1)
(148147 -42170.3 -56470.5 44 144 3)
(148148 -22129.4 -119933 139 239 1)
(148155 -71082.3 -51770.6 375 475 1)
(148183 -92504.8 64264.1 278 378 1)
(148184 -84229.1 -92608.1 257 357 1)
(148185 -38165.6 -2135.88 152 252 1)
(148192 55480.4 -138957 253 353 1)
(148203 -20074.1 97519.1 425 525 1)
(148204 -34227.1 28001 550 650 3)
(148227 45362.6 -69589.8 425 525 1)
(148230 87586.6 100611 277 377 1)
(148233 84.5346 -88758.4 409 509 1)
(148234 23281.5 -74702.7 474 574 3)
(148237 84578.2 -113839 289 389 3)
(148239 -88427.8 62175.4 100 200 3)
(148244 26313.6 73457.5 598 698 1)
(148247 35407.5 -81590.2 186 286 1)
(148256 -88424 -143960 221 321 1)
(148262 -63211.9 32031.5 276 376 1)
(148269 32289.2 76443.9 584 684 1)
(148271 -86480.1 -121885 397 497 1)
(148283 -109501 28068.5 12 112 1)
(148293 51396.6 134638 72 172 1)
(148298 94815.9 -53358.5 530 630 1)
(148299 -42135.4 5959.88 69 169 3)
(148305 -55261.7 -129766 145 245 3)
(148311 -90683.3 -27660 113 213 3)
(148313 18204.9 -52465.6 312 412 3)
(148318 7101.81 98422.5 25 125 1)
(148323 -59271.2 -141981 198 298 1)
(148325 -32155.7 -84710.2 478 578 1)
(148329 -88526.8 28080.2 514 614 1)
(148330 -48223.7 2882.86 217 317 3)
(148355 -37199.6 -124943 361 461 3)
(148365 -31152.7 131714 423 523 3)
(148372 5057.61 -70457.2 165 265 1)
(148373 14189.6 -78626.3 485 585 3)
(148389 -88488.7 -58491.2 337 437 1)
(148398 -14018.1 -18218.6 249 349 3)
(148399 84515.9 99427.8 68 168 1)
(148401 -34192.5 35086 298 398 1)
(148403 -23080.7 -139952 259 359 1)
(148404 22176.3 13932.2 173 273 1)
(148412 53378.4 106510 266 366 1)
(148416 -62335.4 -38380.1 387 487 3)
(148418 -17056.3 74355.3 297 397 3)
(148421 58527.7 -123805 374 474 3)
(148426 45326.4 11957.7 280 380 1)
(148435 -26123 92591.6 521 621 3)
(148438 -30094.1 51186.5 500 600 3)
(148456 121684 65296.3 51 151 1)
(148460 -883.418 79391.1 399 499 1)
(148468 52459.2 90620.6 587 687 1)
(148482 20222 -134994 357 457 1)
(148488 9120.43 -126951 307 407 1)
(148495 58158.1 -11132.2 465 565 1)
(148503 -111561 -120847 29 129 1)
(148509 -37181.4 100533 510 610 3)
(148513 57533.7 120674 587 687 3)
(148523 105747 121674 564 664 3)
(148525 -118575 -62752 264 364 1)
(148526 -13013 -129921 280 380 1)
(148531 3084.31 -45402 275 375 1)
(148539 63552.8 145936 622 722 1)
(148543 36330.3 -143056 330 430 1)
(148548 -61357.8 -24308.8 563 663 1)
(148564 15267.9 76308.1 418 518 3)
(148575 -17073.1 -99677 157 257 1)
(148582 33303.5 -124909 282 382 1)
(148597 -15009.3 -34320.8 124 224 1)
(148600 123950 -34829.5 355 455 1)
(148601 119875 42149 310 410 3)
(148609 -57331.7 -103875 598 698 1)
(148617 65413.3 -62734 139 239 1)
(148621 -62398.2 -38493.2 139 239 1)
(148639 -45210.4 -111830 311 411 1)
(148649 53370.7 62301.5 194 294 1)
(148651 109720 -62540.2 419 519 3)
(148653 -31765.1 147006 507 607 3)
(148654 -36157.4 5907.58 214 314 1)
(148662 99630.6 -130777 183 283 1)
(148664 -26102 137728 139 239 1)
(148674 87651.4 -83759.8 326 426 1)
(148677 77222.7 109072 576 676 3)
(148678 39461.6 -114898 218 318 3)
(148682 -28124.7 -84711.1 422 522 1)
(148699 112704 -23248.4 139 239 1)
(148706 29251.5 -113880 397 497 1)
(148708 78479.9 -14202.5 347 447 1)
(148714 76524 -58437.5 204 304 1)
(148720 112671 61224.5 162 262 3)
(148721 -114606 -77568 174 274 1)
(148729 -37116.2 -124954 318 418 1)
(148731 1321.41 -10325 288 388 1)
(148744 -38163.9 -12235.8 272 372 1)
(148746 -61340.1 22015.7 578 678 1)
(148747 -114648 136716 275 375 1)
(148752 -72366 44144.7 316 416 1)
(148758 -8929.04 91391.7 365 465 1)
(148759 -37223.3 -74583.1 332 432 3)
(148765 -123708 8993.03 428 528 1)
(148767 113764 59294.2 458 558 3)
(148768 -56311.4 -72788.2 284 384 1)
(148777 -45105.3 -146892 15 115 1)
(148778 -112494 45917.2 260 360 1)
(148784 -67330.7 81200.5 63 163 1)
(148790 -61298.3 148665 10 110 1)
(148795 -2985.72 73398.9 498 598 1)
(148804 118713 22065.8 466 566 1)
(148805 8166.83 -105879 479 579 1)
(148810 -938.807 -42419.5 487 587 3)
(148817 20039.8 -118820 379 479 1)
(148818 -31993.5 51220.1 554 654 1)
(148821 23203.3 14991 454 554 1)
(148827 23260.6 98525 462 562 1)
(148828 -9830.17 -10194 59 159 1)
(148831 31060.3 143828 34 134 1)
(148838 82383.5 -129123 341 441 3)
(148840 28246.1 -32386.3 424 524 1)
(148847 39213.2 143718 58 158 1)
(148848 49408 3857.53 526 626 3)
(148864 33091 -65572.2 55 155 1)
(148867 12207.8 -39408.5 210 310 1)
(148872 50405.1 -18237.6 124 224 1)
(148873 -23037.5 146669 24 124 1)
(148881 -24109.4 2885.02 565 665 1)
(148885 -101617 -21292.9 496 596 1)
(148888 -16917.3 -114922 470 570 3)
(148889 21287.8 -28284.2 516 616 1)
(148890 -44174.1 -75526.9 22 122 1)
(148891 68265.6 22020 145 245 1)
(148895 -52444.5 -104686 329 429 3)
(148902 -97593.7 -73651 455 555 1)
(148904 -43240.8 -47445.7 309 409 1)
(148917 21281.7 -27421.1 536 636 1)
(148918 -25052.1 -108701 87 187 1)
(148919 -8003.07 -51490.7 577 677 1)
(148923 -58303.4 62230.6 489 589 3)
(148935 -38164.9 72382.1 454 554 3)
(148936 -21050.8 -147008 276 376 1)
(148939 -4948.04 135626 131 231 1)
(148949 95678.1 -90730.8 494 594 3)
(148961 91635.1 -50394.5 428 528 1)
(148962 -71543.4 -22286.4 147 247 1)
(148965 2075.35 44145.4 197 297 1)
(148966 7179.08 -136848 230 330 1)
(148967 41250.2 -127884 96 196 3)
(148971 41266.7 53152.8 289 389 3)
(148972 -15096.3 3789.84 423 523 3)
(148973 7146.23 -44491.7 349 449 1)
(148977 -63917 146695 611 711 1)
(148981 16108.7 -108044 81 181 3)
(148982 81563.3 133765 565 665 3)
(148983 110838 -12277.8 478 578 1)
(148987 62492 37121.2 427 527 1)
