(101000 -110673 132724 300 400 1)
(101004 31237 63248.1 186 286 1)
(101015 -99462.5 123650 188 288 1)
(101020 43494.1 -61458 582 682 1)
(101023 -9023.29 14925.8 35 135 1)
(101032 -37187.9 -58532.6 475 575 1)
(101036 -56320.5 -71676.2 525 625 1)
(101041 19206.2 -37411.3 550 650 3)
(101043 -86406.7 -30269.1 558 658 1)
(101052 89699 16968.2 578 678 1)
(101060 114722 -35336.9 229 329 1)
(101065 -69214.1 -76583.5 205 305 1)
(101066 -20081.2 -54532.7 580 680 1)
(101071 112583 134716 539 639 1)
(101084 124868 145814 222 322 3)
(101088 -38174.5 -55400.9 4 104 1)
(101093 -79405.1 92451.3 40 140 1)
(101102 -50472.7 96668.9 155 255 1)
(101106 -81421.4 -79584.2 208 308 3)
(101107 95647.2 -3143.31 241 341 1)
(101110 -14036.5 -30299 301 401 1)
(101129 22186.7 13959.4 158 258 1)
(101130 9135.12 -86728.6 299 399 3)
(101131 -110628 94517.9 283 383 1)
(101137 66503.5 -8188.56 422 522 3)
(101173 70548.1 31106.3 516 616 1)
(101180 -75447.9 -134062 518 618 3)
(101189 39351.6 -130080 618 718 1)
(101192 3173.9 -44657.8 240 340 1)
(101200 55292.2 -10283.9 197 297 1)
(101205 57489.8 79424.9 569 669 1)
(101206 -27061.9 -138978 314 414 1)
(101230 -9956.27 141802 49 149 1)
(101245 -116722 -8200.3 534 634 3)
(101248 82483.5 -129.453 1 100 1)
(101249 -26090.4 -7152.56 29 129 1)
(101250 3468.82 -5931.21 459 559 1)
(101252 -112603 83450.8 479 579 1)
(101259 78467.2 121546 25 125 1)
(101268 -73412.8 132440 1 95 1)
(101276 -24125 -22295.1 503 603 1)
(101284 73583 101573 595 695 1)
(101290 -111611 6908.78 198 298 3)
(101292 -75394.6 132624 223 323 1)
(101293 14218.3 -147114 32 132 1)
(101294 -19058.2 141832 537 637 1)
(101301 95641.8 47151.9 244 344 3)
(101305 40181.2 -88609.8 185 285 1)
(101314 -45982.3 112457 397 497 1)
(101331 -26145.6 -889.295 291 391 1)
(101335 -15121.6 -26330.2 296 396 1)
(101337 -26082.9 -24254.5 475 575 1)
(101339 -55628.7 -58726.8 348 448 1)
(101342 4066.61 -124052 585 685 1)
(101347 -98600.4 141842 483 583 1)
(101348 55616.2 115486 276 376 1)
(101351 56405.9 45133.6 248 348 3)
(101357 -77399.6 -96689.7 208 308 1)
(101362 53421.4 69275.1 557 657 1)
(101371 -28124.9 108559 331 431 1)
(101390 -11042.8 134439 26 126 1)
(101393 -35189.5 62312 545 645 1)
(101394 -14260.5 -24607.5 159 259 1)
(101399 -60280.7 143767 280 380 1)
(101401 -120643 -56442.8 232 332 1)
(101403 -99525 -126763 44 144 1)
(101404 32322.6 59196 418 518 1)
(101413 97598.7 -59445.1 125 225 1)
(101415 -11005.8 26037.3 58 158 3)
(101425 -14055.8 62283.1 359 459 1)
(101428 100720 -131896 381 481 1)
(101434 -38210.3 29058.4 479 579 1)
(101436 -920.913 89669.9 424 524 1)
(101437 60457.3 -31256.5 439 539 3)
(101449 -12786.1 38776.2 193 293 1)
(101450 -95519.9 2886.78 272 372 1)
(101453 -7988.75 -32253.4 1 94 1)
(101456 -8939.11 64300.1 244 344 1)
(101480 10955.4 -104608 206 306 1)
(101489 30334.2 35888 614 714 1)
(101490 -22158.2 43162.6 356 456 3)
(101491 -50256.4 73262.4 231 331 3)
(101494 98715 95371 218 318 3)
(101509 -52232.3 83361.5 64 164 1)
(101513 58463.3 34123.3 392 492 1)
(101515 52.9282 103516 360 460 1)
(101521 -10055 -87631.3 197 297 1)
(101524 -43147.1 -35274.3 156 256 3)
(101530 57416 34076.5 324 424 1)
(101534 -63307.8 -140884 58 158 1)
(101539 -88510.5 51195.2 429 529 1)
(101559 67443.8 -79792.2 164 264 1)
(101565 92683.3 -31343.5 412 512 3)
(101568 -1996.5 -74636.8 482 582 1)
(101573 89600.2 -61466.1 54 154 3)
(101584 69373.6 -28219.5 48 148 3)
(101585 -88534.1 12916.3 113 213 1)
(101586 57484.5 -133041 471 571 1)
(101588 85657 61287.6 555 655 1)
(101596 11129.6 118624 48 148 3)
(101601 17176.1 -16215.9 306 406 1)
(101605 -102583 -131933 344 444 1)
(101615 -22662.6 17942.5 499 599 1)
(101620 -73117.6 69401.9 362 462 1)
(101628 -68326.2 -17230.8 590 690 1)
(101629 -40111.8 125718 467 567 1)
(101644 -103665 -106787 103 203 1)
(101647 -48391.9 108524 30 130 1)
(101649 -19042.7 135697 193 293 1)
(101651 55241.2 116656 227 327 1)
(101652 -20073.3 -42437.8 504 604 1)
(101654 72568 28039.1 596 696 1)
(101659 72532.2 -59573.5 305 405 1)
(101660 -22084.5 -69473.3 101 201 1)
(101661 -75404.7 95623 237 337 3)
(101674 118111 90482.6 432 532 1)
(101684 -2940.24 47133.1 274 374 1)
(101700 -98531.5 -106664 236 336 1)
(101701 -100378 -124747 17 117 1)
(101702 -38227.4 -46348.9 176 276 1)
(101703 88570.4 98449.6 173 273 1)
(101704 -59325.9 -114802 268 368 1)
(101707 79598.7 -127968 426 526 1)
(101714 -36151.6 -65493.6 198 298 1)
(101730 -74417.1 -117925 468 568 1)
(101768 123678 57076.8 166 266 3)
(101777 49425.5 21005.9 466 566 1)
(101788 -119807 -35385.5 472 572 1)
(101792 -108536 -86647 232 332 3)
(101801 -62512.9 -15298.6 532 632 1)
(101806 115981 -55457.2 276 376 3)
(101818 16427 149506 56 156 1)
(101825 -99531.6 33071.6 215 315 1)
(101828 25247.3 35087.8 486 586 -1)
(101833 -55273.4 -50425.9 152 252 1)
(101835 78544.7 68286 273 373 1)
(101846 7072.9 -147951 82 182 1)
(101847 -23102 51221.9 628 728 1)
(101855 -29126.4 -5154.97 421 521 1)
(101856 -63306 -118795 143 243 3)
(101862 -108571 -20240.9 189 289 3)
(101868 -5971.46 -43447.8 510 610 1)
(101872 -48231.8 -119852 303 403 1)
(101873 -16046 -85722.1 534 634 1)
(101875 -29089.3 -65578.4 329 429 1)
(101880 120927 -36414.5 595 695 1)
(101883 28222.3 75312.8 161 261 1)
(101890 34257.1 64230.1 322 422 1)
(101893 -1892.58 -32345.2 605 705 1)
(101910 81501.2 22008.6 1 98 1)
(101919 11060.8 -115858 385 485 1)
(101924 -34132.5 134757 400 500 1)
(101931 76637.6 -58353 368 468 1)
(101932 -38151.3 -116968 511 611 1)
(101934 -37159.9 -113849 141 241 1)
(101935 84587.4 17963.2 431 531 1)
(101939 -57593.6 10583.4 321 421 1)
(101946 -30150.7 55243.6 590 690 1)
(101949 -61287.7 -108693 176 276 3)
(101950 30049.1 -86565.3 1 94 1)
(101956 112815 -53775.9 56 156 1)
(101959 -101537 -72601.6 9 109 3)
(101965 -81008.1 -139751 81 181 1)
(101971 92658.2 39030.7 35 135 1)
(101975 7106.29 109550 218 318 1)
(101976 -76433.2 82365.3 574 674 1)
(101977 -48224.9 -67513.1 135 235 1)
(101981 -38166.9 -120857 259 359 1)
(101985 29121 -46528.4 216 316 1)
(101987 25087.9 -146850 217 317 3)
(101998 -89490.2 -129931 324 424 1)
