(59009 -36148.7 61359.1 586 686 3)
(59011 4212.35 -8275.69 66 166 1)
(59016 -16125.1 65104.5 131 231 1)
(59017 -89457.2 -116002 545 645 3)
(59020 -100581 -104671 433 533 1)
(59029 98792.1 -125917 231 331 1)
(59032 -107562 -13207.2 175 275 1)
(59036 26135.5 -88728 139 239 3)
(59044 40212.1 -63584.1 144 244 1)
(59048 -117753 -92816.3 557 657 3)
(59051 137.097 10900.9 403 503 3)
(59059 -14022.1 80387.8 289 389 1)
(59067 -17058.3 -108870 471 571 1)
(59068 -103693 -137122 629 729 1)
(59071 -25088.9 -80644.9 458 558 1)
(59077 71541.1 54223.5 517 617 1)
(59101 -111525 -111763 210 310 1)
(59104 -36176.9 -99753.5 386 486 1)
(59119 -9028.62 53187 99 199 3)
(59123 -9934.17 -96600.5 79 179 1)
(59126 34294.2 -18229.9 364 464 1)
(59133 5091.52 -113813 244 344 1)
(59135 -14135.1 128634 170 270 3)
(59144 -112656 -10238.2 326 426 3)
(59145 30285.9 82364.4 182 282 1)
(59149 -20050.6 29028.5 567 667 1)
(59154 -114617 -115804 215 315 1)
(59155 9104.05 61227.4 64 164 1)
(59156 39299.2 -142082 519 619 1)
(59162 -42192.1 -52561.6 569 669 3)
(59164 11151.9 12934.4 501 601 1)
(59165 -101632 -46426.8 419 519 1)
(59166 12097.4 -41323.6 189 289 1)
(59172 21168.9 48158.2 2 102 1)
(59181 106717 81393.8 360 460 3)
(59186 -116564 -88600.1 55 155 1)
(59194 -82450.4 102518 352 452 1)
(59196 15167.2 80336.7 61 161 1)
(59203 68582 -74629.5 239 339 3)
(59206 81645.8 -89769.3 578 678 1)
(59213 -8992.52 -55491.7 383 483 3)
(59229 -66348 -59451.7 204 304 1)
(59246 -31110.8 -119753 106 206 1)
(59258 91605.2 -124936 342 442 3)
(59275 115793 36040 190 290 3)
(59280 -35079.1 57156.8 30 130 3)
(59284 39244.6 -5023.66 392 492 1)
(59298 -1929.22 -118678 33 133 3)
(59299 -11029.2 -19241.8 239 339 3)
(59312 -27120 95533.9 578 678 3)
(59324 -49226.3 33054.4 1 94 3)
(59326 -106551 60281.6 359 459 3)
(59332 53391.1 -147020 285 385 1)
(59337 -81476.8 -38433.7 599 699 1)
(59348 -60284.6 -95600.2 10 110 1)
(59349 66493.4 -79693.1 460 560 1)
(59352 113701 -36367.8 183 283 1)
(59364 -9036.09 -119961 433 533 1)
(59372 65398.3 26098.6 57 157 1)
(59373 -4016.39 53343.3 71 171 1)
(59378 -106536 122613 63 163 3)
(59389 -21102.6 8939.85 55 155 1)
(59400 -1226.33 69424 270 370 1)
(59407 -23078.9 79419.4 278 378 1)
(59409 70488.5 -16201.3 232 332 1)
(59414 -60483 51806.8 314 414 1)
(59428 -94443.6 108534 90 190 3)
(59434 45352.1 -108829 532 632 3)
(59436 -68383.4 -61565.6 518 618 1)
(59443 -8982.09 -34311.6 311 411 3)
(59454 -120742 -5184.71 415 515 3)
(59469 -65367.6 -1148.21 442 542 1)
(59479 40302.1 -42398.7 92 192 1)
(59484 -9994.93 -65597.8 619 719 1)
(59489 34328.3 5906.95 620 720 1)
(59501 -73438.1 -160.716 524 624 1)
(59507 29271 -82722.7 561 661 1)
(59513 21222.2 -98819 381 481 1)
(59515 -69164.7 -81564.9 202 302 1)
(59518 122917 -25454.8 464 564 1)
(59522 4055.34 117436 17 117 1)
(59526 2.46778 19010.9 201 301 1)
(59536 -58171 -134993 295 395 1)
(59539 -17036.5 18949.9 531 631 1)
(59559 -10181.1 59378.2 368 468 3)
(59560 -28120.8 -66669.2 402 502 1)
(59574 -16027.8 36175.7 243 343 1)
(59579 111622 -28251.5 3 103 1)
(59580 -59436.1 -141882 361 461 1)
(59586 -75362.6 11023.4 200 300 3)
(59589 57405.3 145689 42 142 1)
(59606 -32144.8 -62540.4 266 366 1)
(59607 84510.1 60.4781 1 97 3)
(59611 -4053.73 8810.5 375 475 3)
(59613 121847 -22310.7 528 628 1)
(59621 93764.7 -95838.9 567 667 1)
(59637 -2044.2 33079.5 295 395 1)
(59645 100581 123542 5 105 1)
(59650 28485.2 65220.6 32 132 3)
(59655 -84462 -9220.15 374 474 1)
(59666 -34202 -86619.3 144 244 3)
(59669 43372.8 85446.1 318 418 1)
(59675 11107.5 121501 10 110 1)
(59678 -1935.29 -123968 473 573 1)
(59684 -117625 72378.1 272 372 1)
(59699 -78331.1 1943.15 607 707 1)
(59700 -71346.4 -52335.1 236 336 1)
(59701 66456.1 92357.7 126 226 1)
(59702 107655 72268.9 92 192 1)
(59708 123865 53984.9 576 676 3)
(59715 -76350.8 -78572.2 138 238 1)
(59726 93430.9 25206.9 286 386 3)
(59732 -39210.3 25017.3 622 722 1)
(59734 51390.5 -105841 572 672 3)
(59736 122477 -50916.1 183 283 1)
(59738 113692 47164 116 216 1)
(59744 88610 -8144.14 133 233 1)
(59751 -88417.9 -119751 15 115 1)
(59778 6112.91 -110937 602 702 3)
(59793 16218.7 61324.8 588 688 1)
(59801 -31130.3 -66523.8 230 330 1)
(59802 -90504.6 128683 337 437 3)
(59821 -13138.3 -65539.8 421 521 3)
(59827 -30113.5 13960.1 280 380 1)
(59828 104707 58136.6 130 230 3)
(59839 -80521.1 -112930 560 660 1)
(59843 -113599 -47331.1 283 383 1)
(59845 26228.4 -136029 383 483 1)
(59856 104809 -132043 520 620 1)
(59859 74491.8 70364.4 204 304 3)
(59861 114687 140612 88 188 3)
(59864 70484.1 -47421.5 312 412 1)
(59866 21628.1 17194 261 361 1)
(59867 109827 -137014 504 604 1)
(59869 -79393.1 -114913 41 141 1)
(59878 56312.9 127618 232 332 1)
(59879 -29079 -14215.8 164 264 1)
(59891 64.3951 -6220.22 440 540 1)
(59893 -92424.8 -40326.9 219 319 1)
(59896 -1952.94 -147051 241 341 1)
(59898 87547 56299.6 356 456 3)
(59901 -101510 -46388.1 127 227 1)
(59904 -41169.1 9922.33 179 279 3)
(59906 9114.75 96578.8 476 576 1)
(59910 27207.6 -105847 462 562 1)
(59913 56696.9 102452 443 543 1)
(59916 27230.5 133717 304 404 1)
(59917 -75534 -141143 472 572 1)
(59918 51688.4 -69863.4 513 613 3)
(59920 -18040.8 -1116.75 275 375 1)
(59926 77467.3 -100692 121 221 1)
(59932 27128.1 73241.5 190 290 1)
(59933 -118648 -128884 93 193 3)
(59934 17194.5 143851 599 699 1)
(59936 70667.4 145639 347 447 1)
(59957 42282.2 49154.3 9 109 1)
(59970 -45267.9 -149124 366 466 1)
(59974 100662 -63447.6 121 221 1)
(59977 19178.3 -109833 3 103 1)
(59981 -37238.1 -37331.8 257 357 1)
(59991 -32070.1 -89487.3 39 139 1)
(59996 -14060.5 -107907 620 720 1)
