(89001 -7958.25 100503 196 296 1)
(89007 -16907.4 107376 244 344 1)
(89012 109813 43139.9 510 610 1)
(89016 30194.3 -138187 207 307 3)
(89020 40282.6 53187.9 273 373 1)
(89030 -105630 -141989 388 488 1)
(89035 -5148.68 -115766 554 654 3)
(89052 104846 104575 572 672 1)
(89059 35299.1 56227.3 412 512 1)
(89068 5083.99 -75617.3 367 467 1)
(89069 10106.4 -90621 81 181 1)
(89078 33331.2 119614 365 465 1)
(89079 -37195.6 135785 534 634 1)
(89084 -14017.9 10921.2 322 422 1)
(89088 -252.399 141474 170 270 3)
(89107 -120592 -15201.5 13 113 1)
(89115 84678.3 -9226.57 613 713 1)
(89142 79.4651 -149633 52 152 1)
(89143 48358.4 131680 259 359 1)
(89153 -99560.8 -47428 84 184 1)
(89154 -969.682 36132.7 37 137 1)
(89155 -70363 -63513.1 246 346 1)
(89159 26221 -60446.7 401 501 1)
(89164 4144.73 63260.1 233 333 1)
(89175 21166.5 123558 112 212 1)
(89176 -82467.2 -38508.5 420 520 1)
(89184 22212 26015.4 458 558 3)
(89194 67485.7 -39396.5 295 395 3)
(89195 -48229 6923.58 248 348 1)
(89200 -26877.4 -85580.4 227 327 1)
(89202 -64435.7 5598.39 180 280 1)
(89211 96627.2 93464.3 157 257 1)
(89212 -3945.18 -74634.7 421 521 3)
(89216 -35156.8 -29300.2 396 496 1)
(89223 -42178.1 22024.7 29 129 1)
(89224 -43186.8 -124801 89 189 1)
(89232 -64342.1 106709 587 687 1)
(89234 -25859.9 -53800.8 418 518 1)
(89244 -45221 49183.2 434 534 3)
(89250 4091.96 37104.2 481 581 1)
(89267 107717 67377.6 165 265 1)
(89270 45276.6 83379.4 215 315 1)
(89271 11104.3 -7153 173 273 1)
(89272 102694 18972.2 307 407 3)
(89274 -38352.4 22891 458 558 1)
(89286 -23102.7 55236.1 378 478 3)
(89288 -35047.1 -6047.37 175 275 1)
(89293 -39073.2 -93683.4 180 280 1)
(89305 -11185.5 119500 1 97 1)
(89311 59414 16971.1 255 355 3)
(89313 -102623 -113000 597 697 3)
(89314 70549.5 -59538.6 471 571 1)
(89320 76643.7 -12127.3 627 727 3)
(89321 32261.7 -78555.4 106 206 3)
(89324 29298.8 16968.3 606 706 1)
(89331 -72422.3 16972 471 571 3)
(89335 122769 100473 267 367 3)
(89337 35004.1 -2326.31 67 167 1)
(89339 -81493.6 65225 355 455 1)
(89347 118669 -6188.87 44 144 1)
(89359 -3981.45 -144017 367 467 1)
(89368 71631.9 -142987 314 414 1)
(89373 -57181.8 -129826 10 110 1)
(89374 65474.8 -34318.5 287 387 3)
(89376 -103618 80391.7 389 489 1)
(89382 26274.3 86434.4 393 493 1)
(89385 43346.5 -69551.3 205 305 1)
(89386 -119949 -42440.1 621 721 1)
(89387 -8101.03 -86701.1 444 544 1)
(89396 -51285.4 46149.5 185 285 1)
(89399 -123696 -57422.3 269 369 1)
(89405 -105394 29977 10 110 1)
(89408 -96439.9 -38249.8 264 364 1)
(89420 51377.3 76368.3 514 614 1)
(89425 122914 -56530.6 471 571 1)
(89428 -74441.5 11915.8 154 254 1)
(89429 -98634 -143991 319 419 1)
(89435 26222.2 19980.2 150 250 1)
(89438 1068.12 -56512.8 511 611 1)
(89446 -18046 42112.7 81 181 3)
(89448 45523.6 -119708 245 345 1)
(89468 38315.7 -65536.4 354 454 1)
(89469 -39199.6 50168.3 328 428 1)
(89473 -38171.8 -33345.8 329 429 3)
(89474 -27111.7 -30320.5 402 502 1)
(89477 1326.77 -1601.95 324 424 1)
(89488 63434.3 24980.6 347 447 3)
(89497 -107626 -79720.4 584 684 1)
(89510 41682 -66892 456 556 1)
(89521 2048.83 -2143.18 23 123 1)
(89530 66651.5 18983.3 495 595 1)
(89533 -99513.2 -121.562 200 300 1)
(89552 -20093.2 -102810 430 530 3)
(89555 79608.4 -124891 352 452 1)
(89565 -45236.6 -5139.24 454 554 1)
(89574 -7913.93 126842 573 673 1)
(89581 8776.79 110589 188 288 3)
(89585 -90762.7 116717 552 652 1)
(89586 43391.8 70276.6 568 668 1)
(89590 -43252.8 -107597 186 286 1)
(89594 -60260.7 106479 77 177 1)
(89595 119659 70300.4 454 554 3)
(89596 78547.9 -79627.8 308 408 1)
(89606 65439.7 55167.4 24 124 1)
(89620 -62279.9 -88593 115 215 1)
(89622 70539.5 -88729.7 347 447 1)
(89624 63425.6 140723 435 535 1)
(89635 -15039.4 -99719.5 144 244 1)
(89642 124869 44133.2 181 281 1)
(89644 -119889 -89329.4 273 373 1)
(89652 -37205 48194.4 300 400 3)
(89658 43.0507 -18209.7 354 454 1)
(89660 -45111.8 -132879 372 472 1)
(89686 -41099.4 -129926 250 350 3)
(89693 35268.3 39142.3 252 352 1)
(89701 -12014.3 122619 209 309 1)
(89708 -10992.5 -57494.6 84 184 1)
(89709 -103580 -91747.3 336 436 1)
(89710 -21082.2 -112763 106 206 1)
(89734 96747.1 75381.7 450 550 1)
(89735 31347.8 -148158 417 517 1)
(89744 39316 -76616.7 395 495 3)
(89754 -106664 -71634.5 520 620 1)
(89758 91697.8 119696 589 689 3)
(89761 -9000.52 -142060 465 565 1)
(89767 -56263.2 -29253.9 153 253 1)
(89774 -24027.8 39246.9 351 451 1)
(89778 -55215 -78681.7 464 564 1)
(89788 53392.7 116586 271 371 3)
(89789 -21024.5 34089.1 411 511 1)
(89814 29271 -4193.77 572 672 1)
(89816 6087.61 -15245 143 243 1)
(89819 75422.8 -58366.1 26 126 1)
(89828 61415.6 -106707 136 236 1)
(89834 7130.17 -87753.1 606 706 1)
(89838 -29171.1 85513 454 554 1)
(89840 6042.61 102390 246 346 1)
(89843 31266 26017.1 426 526 1)
(89865 -4968.55 -6157.17 118 218 1)
(89871 -13010.5 96427.2 96 196 1)
(89877 29278.7 -5178.66 527 627 3)
(89880 45379.1 -72599.7 372 472 1)
(89901 -39207.8 145909 456 556 1)
(89906 32222.9 137741 255 355 1)
(89908 32184.8 35020.4 1 94 1)
(89909 45347.8 11964.9 455 555 1)
(89921 -9997.41 -48469.9 564 664 1)
(89927 29315.2 101558 526 626 1)
(89939 46351.9 -88675.4 328 428 3)
(89940 96696.1 39119 421 521 3)
(89949 -65321.7 -26607.9 514 614 1)
(89954 -99551.1 68248.9 383 483 3)
(89963 42284.9 67117.3 8 108 1)
(89974 65510 -71645 629 729 3)
(89977 -19435.8 7829.04 439 539 1)
(89979 13145.1 -115852 328 428 1)
(89983 -33153.2 -111839 357 457 1)
(89987 -35251.9 48190.2 623 723 1)
(89997 113796 -74594.5 373 473 1)
