(94003 73690.7 6792.18 583 683 3)
(94015 64449.3 -26197.6 37 137 1)
(94019 -10989.4 892.315 88 188 1)
(94025 -10969.9 -131963 407 507 3)
(94034 103768 -100820 489 589 1)
(94035 7150.98 -30365.1 501 601 3)
(94037 -45205.7 -23188.5 15 115 1)
(94038 -114623 73310.3 256 356 1)
(94040 -15052.4 -139.754 601 701 1)
(94042 59465.6 124710 604 704 1)
(94054 14145.4 44151.2 279 379 1)
(94058 9127.03 30038.3 514 614 1)
(94071 -113606 31112 193 293 3)
(94074 90472.7 141862 3 103 3)
(94079 1943.61 -17263.5 96 196 1)
(94080 34305.5 -139137 626 726 1)
(94093 -57255.9 16863.1 156 256 1)
(94097 79486.5 -104700 103 203 1)
(94113 -55329.2 80424.8 614 714 1)
(94118 -47249.6 -2137.01 221 321 1)
(94123 -9988.87 -105713 64 164 1)
(94125 -70447.7 21970.6 591 691 3)
(94128 -36989.8 57196 41 141 1)
(94132 37341 108402 218 318 1)
(94134 7106.78 -87563.8 1 101 1)
(94140 -118595 -110789 77 177 3)
(94144 66246 122671 24 124 3)
(94148 6042.83 13802.8 379 479 3)
(94151 -53300.8 -138086 530 630 1)
(94158 -46243.1 -13211 511 611 1)
(94159 107640 -54394.1 45 145 1)
(94171 104596 52185.9 21 121 1)
(94173 -103496 5928.39 26 126 1)
(94183 -58277.4 -101657 54 154 3)
(94191 -9016.89 -126909 306 406 1)
(94198 -14992.7 123404 71 171 1)
(94208 93646.3 3864.73 418 518 1)
(94216 107634 -143921 167 267 1)
(94225 61460.6 13929.2 376 476 1)
(94230 89651 -143903 242 342 3)
(94234 68286.5 98402 1 93 3)
(94237 102680 73313 291 391 1)
(94242 -78373.9 -35332.7 148 248 1)
(94247 92805.6 96401.6 284 384 1)
(94250 -50245.7 113537 197 297 1)
(94252 13146.5 -31304.6 172 272 1)
(94255 -3970.72 -27273 34 134 1)
(94256 -72360.1 -61483.2 240 340 1)
(94266 -31129.5 -75769.9 534 634 1)
(94267 86621.8 -119874 244 344 1)
(94280 -57357 -29311.9 503 603 1)
(94287 55375.1 -136872 81 181 1)
(94288 39089.9 -4262.9 281 381 3)
(94291 -6974.86 17979.2 478 578 1)
(94294 -98578.5 70389.8 591 691 1)
(94306 41324 -129769 168 268 3)
(94312 -56133.8 28236.3 275 375 1)
(94317 63.1752 61241.5 221 321 3)
(94325 76577.7 -110856 314 414 1)
(94326 15160.9 -94729.5 335 435 1)
(94328 18196.4 -112897 482 582 1)
(94329 -67274 -22265.5 390 490 1)
(94350 -106547 60210.8 56 156 1)
(94354 2073.15 123606 237 337 3)
(94366 54422.3 61240.7 507 607 1)
(94367 52426.2 -75631.3 562 662 1)
(94368 116810 -65586.5 319 419 1)
(94377 -14012.5 -36318.4 33 133 1)
(94380 29222.8 105436 200 300 1)
(94385 105683 106553 316 416 3)
(94388 103789 17944.7 515 615 1)
(94393 -80478.9 -28346.5 510 610 3)
(94394 3241.42 22570.1 106 206 3)
(94404 119793 -129924 264 364 3)
(94411 -3911.59 -70552.5 510 610 3)
(94412 -20899.9 29966.6 442 542 1)
(94413 16017.2 -141982 431 531 1)
(94417 46279.9 125528 15 115 1)
(94424 -113616 88407.8 263 363 3)
(94444 34185.4 -32322.5 481 581 3)
(94448 3134.17 -104551 227 327 1)
(94450 -44257.4 88391.5 54 154 1)
(94470 8090.55 99477.8 220 320 3)
(94473 -91516.6 127567 130 230 1)
(94496 -41108.8 -12128.4 312 412 3)
(94499 86566 -29265.3 162 262 1)
(94500 -15061.5 79396.8 176 276 1)
(94502 -105772 -144059 628 728 1)
(94511 -7157.49 -79656.2 487 587 3)
(94512 -23960.4 -1071.05 81 181 1)
(94518 14011.2 19219.5 374 474 3)
(94531 -61345.9 -116695 92 192 1)
(94537 -55164.1 -51477.2 416 516 1)
(94538 -49250.6 60257.2 410 510 1)
(94541 -17043.5 -95814.7 551 651 1)
(94549 23238.5 -138039 403 503 1)
(94565 -102619 -127021 246 346 1)
(94568 -118606 -94639.9 116 216 1)
(94575 97623.2 51125.5 109 209 1)
(94576 64463.2 -26450.8 1 97 3)
(94578 -35285.6 -38963.2 341 441 3)
(94580 100668 -19261.3 285 385 1)
(94583 58304.6 -106.326 34 134 1)
(94586 -39143.9 71344.2 285 385 1)
(94587 -53238 -1117.73 65 165 -1)
(94593 8158.63 -54578.7 614 714 1)
(94598 -1673.12 -54606.9 371 471 1)
(94599 -5959.57 -142151 559 659 3)
(94602 -5047.2 -47423.9 505 605 3)
(94605 -39197.7 -14290.3 597 697 1)
(94607 -95576.8 10974.6 284 384 3)
(94612 5076.38 13960.4 407 507 1)
(94618 680.825 93538 1 99 1)
(94623 -38201.4 54226.1 456 556 3)
(94629 -51231.9 -104703 9 109 3)
(94631 -43203.4 110590 414 514 1)
(94642 -107677 145833 525 625 3)
(94648 76507.7 55229.5 164 264 3)
(94654 -122745 91450.6 406 506 3)
(94664 22208.2 -135090 541 641 1)
(94665 -973.711 145757 465 565 3)
(94666 -121751 37063.5 115 215 1)
(94670 -96433.2 89397.6 45 145 3)
(94685 -25047.2 106646 12 112 1)
(94699 -102424 -50528.3 42 142 1)
(94708 73713.6 -145027 504 604 1)
(94719 -27199.4 15011.2 166 266 1)
(94720 -46243.3 11939.2 465 565 1)
(94721 18161.2 7909.16 252 352 1)
(94727 -110584 -149910 135 235 1)
(94730 -76361.2 -128805 38 138 3)
(94734 77642.4 102601 523 623 1)
(94735 58401.2 -55436.9 57 157 1)
(94737 22208.9 -62520.2 311 411 3)
(94746 -52136.2 -118736 31 131 1)
(94753 10230.9 -82650.8 385 485 1)
(94760 -53302.8 12937.7 287 387 3)
(94781 -11051.6 34050.1 510 610 3)
(94789 91803.9 142903 594 694 1)
(94797 -2946.62 53251.5 269 369 1)
(94813 7149.41 59963.2 477 577 1)
(94820 -102598 148743 152 252 1)
(94824 71558.3 25025.6 538 638 1)
(94837 121740 101430 78 178 1)
(94840 14143.8 -49458.5 377 477 1)
(94843 -116709 -77599.8 398 498 1)
(94864 86714.8 83445 618 718 1)
(94867 28088 147624 64 164 1)
(94884 49689.1 2767.8 328 428 1)
(94893 -102607 -14240 443 543 1)
(94902 114734 -59461 61 161 1)
(94924 119793 -1042.45 300 400 1)
(94927 -30175.4 -30331.6 562 662 1)
(94937 77527 -110844 369 469 1)
(94939 36357.2 61259.1 480 580 3)
(94944 12170 -22206.6 271 371 1)
(94947 -61115.4 15942.7 172 272 1)
(94949 29179.8 -56454.1 471 571 1)
(94951 115795 -116894 381 481 1)
(94954 -20099.4 -99822.4 544 644 1)
(94955 109863 41108.2 237 337 1)
(94960 -111623 -98701.3 409 509 1)
(94986 -40053.9 128339 604 704 3)
