(144002 -42191.9 100518 470 570 1)
(144004 -70357.5 -87729.6 335 435 1)
(144008 -94555.3 -76621.3 383 483 1)
(144010 90628.4 96484.3 417 517 1)
(144012 -2904.5 -127992 519 619 3)
(144033 79583.2 38115.2 516 616 1)
(144036 1140.23 -74721.1 430 530 1)
(144038 54454.6 -142108 519 619 3)
(144054 -46262.4 -101891 623 723 1)
(144060 -117608 -51406.8 126 226 1)
(144064 12236.3 67343.2 261 361 3)
(144068 -46186.8 -45433.2 289 389 3)
(144077 21230 -142099 468 568 1)
(144078 -98566.7 -105792 210 310 1)
(144081 -59310.6 -148069 372 472 1)
(144086 -65310.8 -75538.6 41 141 3)
(144094 36263.1 92404.5 92 192 1)
(144098 -22050.8 -69526.1 354 454 1)
(144106 42358.1 -103869 572 672 1)
(144108 42366.8 43193.5 425 525 1)
(144114 -47181.8 80300.7 136 236 3)
(144119 -44916.9 -147098 165 265 1)
(144121 60507.7 93377.2 156 256 1)
(144122 -56357.8 51219.7 186 286 1)
(144123 23189.5 -44503.5 327 427 1)
(144126 22052.8 44991.9 32 132 1)
(144136 -34232.3 84267.8 233 333 1)
(144140 36341.7 -12191.2 513 613 1)
(144143 93689.2 50135.5 436 536 3)
(144149 10130.9 -80691.4 466 566 1)
(144168 17163.7 3845.22 207 307 3)
(144169 62483.8 -122110 573 673 1)
(144185 -4960.14 30148.6 279 379 1)
(144198 56481.1 -148182 560 660 1)
(144199 54387.2 -36316.9 300 400 1)
(144207 -76466.2 28045.9 411 511 1)
(144209 -32164.3 -120909 405 505 3)
(144217 -56362.7 87516 593 693 3)
(144223 43396.1 -83532 168 268 1)
(144240 -17075.8 74321.2 239 339 1)
(144246 60338.5 83371.1 207 307 1)
(144256 -21032.5 11874.1 132 232 1)
(144257 92738.3 42048.8 133 233 1)
(144265 100751 33226.7 174 274 1)
(144267 3128.05 46153.8 287 387 1)
(144268 -29087.1 -115922 368 468 3)
(144272 -113725 -11216.2 548 648 1)
(144287 -59186.1 -138851 19 119 1)
(144289 -12991.4 2852.68 119 219 1)
(144292 53398.8 136741 373 473 1)
(144294 123848 -105841 451 551 3)
(144301 80572.6 -116855 311 411 1)
(144308 80513.6 -2108.01 66 166 1)
(144310 -108505 -11203.8 414 514 1)
(144317 -56329.9 -62573.8 532 632 3)
(144321 34294.2 -65569.5 415 515 1)
(144330 1075.28 6962.18 623 723 1)
(144332 60751.6 34031.6 205 305 1)
(144333 111812 -49503 469 569 1)
(144339 -22110.2 80367.8 243 343 1)
(144356 -66261.9 -10360.3 56 156 1)
(144367 -23094.3 -119913 410 510 3)
(144370 57494.6 -12288.1 369 469 3)
(144373 -14032.7 -13235.8 533 633 3)
(144377 -118819 -103894 615 715 1)
(144384 29381.5 81362.8 368 468 1)
(144390 -71328.5 -12165 486 586 1)
(144391 -63307.6 127597 133 233 1)
(144392 87735.5 93523.8 524 624 1)
(144408 44332.4 -94703.9 268 368 1)
(144413 10221.8 -19284.5 426 526 3)
(144418 -28121.7 30099 52 152 1)
(144428 -3003.76 -110907 542 642 1)
(144434 52395.3 -96792.8 428 528 1)
(144436 -82449 38946.4 336 436 1)
(144441 99754.1 -129029 547 647 3)
(144444 -86571.1 71294.8 507 607 1)
(144450 18176.4 -79527 31 131 1)
(144459 1095.2 -21223.3 160 260 3)
(144468 6980.38 144757 610 710 1)
(144483 -33129.8 -18242.4 295 395 1)
(144485 -19883.2 -101509 2 102 1)
(144486 -24117 -90801.8 608 708 1)
(144490 115818 75338.2 457 557 3)
(144495 -4980.61 94185.3 624 724 3)
(144498 -16051 -5179.49 374 474 1)
(144509 -30142.9 4878.49 441 541 3)
(144517 98693.4 -67375.5 125 225 3)
(144523 -107548 -23178.6 194 294 1)
(144524 -88423 6942.08 56 156 1)
(144525 14175.8 -44378.6 278 378 1)
(144531 81601.5 -73586.8 299 399 3)
(144539 -38297.3 -104950 354 454 1)
(144545 -107627 -114860 411 511 1)
(144558 120942 57271.8 621 721 1)
(144564 8097.69 -64365.9 101 201 1)
(144573 42234.1 93411.8 41 141 1)
(144590 44433.7 -11020.6 95 195 1)
(144594 107711 84407.3 284 384 3)
(144596 97709 8845.82 606 706 1)
(144603 73499.5 -91679.4 252 352 1)
(144604 -78352.4 -69481.1 1 97 1)
(144614 -8963.75 44139.4 237 337 1)
(144617 -31244.2 -116815 373 473 1)
(144630 110672 67129.3 13 113 1)
(144633 16297.7 -102532 499 599 1)
(144635 -27104 -93764 333 433 1)
(144648 -12990.8 -125830 107 207 3)
(144659 45297.7 -104716 137 237 1)
(144661 84609 64286.8 392 492 1)
(144664 -13033 -17193.3 91 191 3)
(144666 -45185.3 78323.7 107 207 1)
(144668 -117764 -128707 171 271 1)
(144672 -29207.6 -119678 111 211 1)
(144674 74265.8 -2042.2 303 403 1)
(144675 25225.3 -99800.4 415 515 1)
(144677 -117826 84396.4 576 676 3)
(144679 48353 135631 84 184 1)
(144680 26171.9 -67527.3 197 297 3)
(144685 51326.6 5770.03 564 664 3)
(144691 64701.8 -7268.95 312 412 3)
(144693 -62334.9 -72623.2 248 348 1)
(144698 70528.7 -24278.1 396 496 1)
(144707 -14017.6 -63531.8 417 517 1)
(144715 -1959.2 132854 629 729 1)
(144718 20176.2 -19254.3 223 323 1)
(144720 34322.4 -35370.7 571 671 3)
(144723 -30997.4 -15200.6 396 496 3)
(144726 52405.3 32089.2 451 551 1)
(144727 -116696 -11203.5 403 503 1)
(144728 -25134.9 -66609.7 395 495 1)
(144730 -12018.1 116646 93 193 1)
(144734 107686 -89648.8 97 197 1)
(144741 -49325.6 -118859 135 235 1)
(144744 18045.2 55157.9 521 621 1)
(144745 -23161.2 -20310.2 625 725 1)
(144746 10081.5 -132898 160 260 1)
(144759 32226.6 60364.2 92 192 3)
(144767 -113707 31062.6 594 694 1)
(144788 57397.5 19006.7 227 327 3)
(144794 -25061.3 10953.9 169 269 1)
(144805 118788 25031.5 258 358 1)
(144818 -8933.44 -57432.5 31 131 1)
(144826 -99492.3 -33442.9 355 455 3)
(144828 -31032.1 90412.6 517 617 1)
(144846 -21070.2 -141115 513 613 1)
(144849 15140.7 -114727 22 122 1)
(144850 -90448.9 1327.97 40 140 1)
(144851 -19036.9 -82675.4 420 520 1)
(144852 -25946.2 34051.1 59 159 3)
(144856 27350.7 9843.64 122 222 3)
(144862 45345.2 54215.2 213 313 1)
(144863 -115612 -14308.6 414 514 1)
(144873 88674.9 129758 493 593 1)
(144884 -99495.9 -47389.2 94 194 1)
(144885 -56360.6 -122206 329 429 1)
(144886 66440.8 -118805 169 269 1)
(144896 1038.58 -30296.9 117 217 1)
(144898 121252 67330.7 368 468 1)
(144902 16184.5 128688 5 105 1)
(144911 -30056.2 -40361.1 353 453 1)
(144912 -54327.9 -52501.3 518 618 3)
(144927 -81407.1 -102585 42 142 1)
(144932 38219 146740 1 97 3)
(144935 -39161.5 -47434 323 423 3)
(144939 -109725 -118778 232 332 3)
(144942 -27135.7 -135093 607 707 1)
(144961 -47249.3 -109870 471 571 1)
(144963 23152.2 145821 427 527 1)
(144976 5067.62 96360 32 132 3)
(144981 61408.7 -28302 171 271 1)
(144988 3114.11 -23268.2 380 480 1)
(144989 -111795 94490.6 594 694 3)
(144996 63446.6 48117.7 168 268 3)
