(53000 45351.7 36118.4 421 521 3)
(53002 -3952.8 132912 544 644 1)
(53012 53514.8 -1564.91 571 671 1)
(53027 25042 -43502.9 148 248 3)
(53028 27273.2 -67620.1 616 716 1)
(53035 -116610 20955.8 254 354 3)
(53044 -88715.6 -66467.9 586 686 1)
(53048 51478.9 -105852 522 622 1)
(53050 250.908 -45417 401 501 1)
(53051 33405.2 -101692 228 328 1)
(53054 48368 -88924.7 563 663 1)
(53055 42365.8 -53403.2 515 615 1)
(53059 -86498.6 101546 472 572 1)
(53062 -71522.8 -89488.9 401 501 1)
(53080 -18053.6 -82652.8 347 447 1)
(53088 -54247.2 -80649.3 628 728 1)
(53093 127.033 108516 131 231 3)
(53094 -113635 -139923 424 524 3)
(53098 47698 -33433.8 27 127 1)
(53099 47395.7 100378 403 503 3)
(53106 -102595 6346.36 413 513 1)
(53109 13139.5 30060.3 14 114 3)
(53114 -69341.5 -52414.9 141 241 1)
(53124 -26097.8 -13201.9 187 287 3)
(53129 11116.2 -22232.6 50 150 3)
(53143 -70448.6 -88744.3 527 627 1)
(53144 118003 -60644.9 533 633 1)
(53146 -77480.3 -147969 518 618 3)
(53147 -43129.3 128611 412 512 3)
(53154 122748 -61466.8 130 230 3)
(53156 -47205.2 126264 130 230 1)
(53167 102681 100425 184 284 1)
(53168 70545.4 -1156.44 501 601 1)
(53175 -84472.5 -73607.2 308 408 1)
(53197 65519.1 -93891.3 619 719 1)
(53200 -34939.9 7017.03 506 606 1)
(53207 115758 104505 270 370 1)
(53214 -75380.4 -26283.6 203 303 1)
(53215 32329.4 -72586.3 117 217 1)
(53232 -26125 -125740 137 237 1)
(53239 26229.4 78271.3 285 385 1)
(53248 23204.9 -105792 337 437 1)
(53250 19220.6 29035.4 612 712 1)
(53253 -11934.8 -29328.2 221 321 3)
(53254 -123819 -129108 481 581 1)
(53260 -64272 -54400.6 307 407 1)
(53273 29247 6979.51 540 640 1)
(53277 65508.1 34089.8 484 584 1)
(53279 89687 120673 517 617 1)
(53289 80343.4 -132946 168 268 1)
(53292 32289.5 -123908 417 517 3)
(53310 -35232.7 -35347 189 289 3)
(53313 -31101.1 125622 514 614 1)
(53322 -74451.2 -93753.9 478 578 3)
(53336 -84429 -123908 285 385 1)
(53337 70445.5 -116747 229 329 1)
(53354 -31129.4 65284.6 361 461 1)
(53360 -6775.2 -144208 356 456 1)
(53379 26214.1 -86603.2 11 111 1)
(53381 123854 -75639 281 381 1)
(53384 -47083.5 -10143.8 59 159 1)
(53387 -68423.6 -167.873 386 486 1)
(53395 24105.7 -59316.6 344 444 1)
(53402 53328.2 -72556.7 313 413 1)
(53410 -94571.5 93513.3 546 646 1)
(53422 -53282.3 -70575.5 390 490 1)
(53425 44286.4 -18209.2 1 98 1)
(53429 35380.6 25014.8 591 691 1)
(53432 75551.1 -6184.94 364 464 1)
(53434 35253.6 -26273 255 355 3)
(53437 32209.9 80374.3 67 167 1)
(53438 -111647 -58505.4 366 466 1)
(53440 -16055.5 -10118.9 79 179 1)
(53442 -55414.1 -1260.24 180 280 1)
(53448 -2907.89 -50422.7 458 558 1)
(53457 27183.6 -33335.9 182 282 1)
(53463 -45179.7 -40585.6 174 274 1)
(53465 -68377.3 -89775.5 556 656 1)
(53479 -5991.11 64278.3 102 202 1)
(53482 41327.6 -63482.3 17 117 1)
(53491 13056.4 38211.7 518 618 1)
(53500 17097.5 9802.25 481 581 1)
(53506 72515.7 53195 318 418 1)
(53510 -58305.9 -82550.9 143 243 3)
(53516 52.1803 53164.7 99 199 3)
(53517 -65305.2 -93627.6 68 168 1)
(53523 -85523.5 11935.6 616 716 3)
(53538 -10115.1 -134971 227 327 1)
(53551 -2966.45 6921.59 342 442 3)
(53561 42362.4 -124844 296 396 1)
(53569 34318.9 73360.9 485 585 3)
(53597 40280.9 47151.8 103 203 3)
(53605 -121597 -146990 153 253 1)
(53606 -110599 -97935.4 614 714 3)
(53618 -112662 -80655 435 535 1)
(53627 123809 -9179.99 263 363 1)
(53634 -77413.9 -36477 411 511 1)
(53647 114851 1868.28 525 625 3)
(53649 9098.57 -90746.6 301 401 1)
(53650 79457 41097.5 47 147 3)
(53654 -25301.4 13829 126 226 1)
(53656 123822 66167.2 431 531 3)
(53662 7103.89 -92744 427 527 1)
(53666 72536.7 -68576.7 346 446 3)
(53667 -20146.3 149704 161 261 1)
(53677 -884.506 -115932 441 541 1)
(53681 -105604 -47398.6 303 403 3)
(53685 -21237.4 -19095 164 264 3)
(53699 85545 54218.4 192 292 1)
(53706 -52311.3 86396.6 47 147 1)
(53715 74542.5 -63480.8 225 325 1)
(53717 83687.3 11933.6 629 729 1)
(53725 -116033 48243.5 605 705 3)
(53729 47398.4 -16258.3 549 649 1)
(53731 -32169.7 3899.08 404 504 3)
(53732 10124.4 -112908 383 483 1)
(53734 -116759 28060.3 591 691 1)
(53736 -33124.6 -84577.3 83 183 3)
(53746 -82470 29054.5 181 281 3)
(53755 58539.2 95520.2 421 521 3)
(53757 81552.4 -54432.7 273 373 3)
(53759 90700.4 105573 564 664 1)
(53765 -109706 111621 595 695 1)
(53768 48092.6 -66238.5 33 133 1)
(53773 93739.5 109501 459 559 3)
(53781 -25978.1 -52596.9 326 426 3)
(53784 -71399.2 -43426.8 270 370 1)
(53786 120832 -69472 148 248 1)
(53789 -83444.6 -11223.9 208 308 1)
(53799 23166.1 -80541.7 49 149 1)
(53800 24189.9 -42387.2 255 355 1)
(53808 -14025.9 -12233.4 619 719 1)
(53810 12359.8 7794.75 530 630 1)
(53812 101796 -83728.5 480 580 3)
(53821 -3829.19 -55478.3 627 727 1)
(53823 87662.8 79419.6 460 560 1)
(53846 44570.4 -11368.5 624 724 1)
(53855 -66349.1 -142904 67 167 1)
(53870 58.4 135761 1 95 1)
(53876 -71363.2 -133910 191 291 1)
(53886 34241.1 -75531.4 109 209 1)
(53893 10199.2 38083.1 19 119 3)
(53896 86525.3 109465 137 237 1)
(53926 -13989.1 128569 9 109 1)
(53930 -63330.7 59256.9 360 460 1)
(53932 112717 90375.9 84 184 3)
(53942 -95528.3 -25270.6 422 522 1)
(53948 19265.3 -149047 429 529 1)
(53953 31296.8 -57537.5 410 510 1)
(53960 39296.6 -37361.7 323 423 3)
(53972 -84375.6 40125.5 17 117 1)
(53974 -2911.61 -124985 515 615 3)
(53975 80715.9 45224.2 588 688 3)
(53976 112916 54271.7 592 692 1)
(53986 124742 -34248.8 154 254 3)
(53988 29259.3 -6221.81 609 709 3)
(53993 -24100.7 58250.3 513 613 1)
(53995 -114869 -120765 405 505 1)
