(39001 30257.9 50202.1 424 524 1)
(39012 -942.413 31056.2 222 322 1)
(39013 -4961.94 -123898 399 499 1)
(39033 122894 -105894 429 529 3)
(39047 49362.3 22032.5 160 260 1)
(39048 37293.8 -68562.4 304 404 1)
(39050 59577.7 -82640.1 204 304 3)
(39053 -84430.7 -149991 168 268 1)
(39054 114826 14963.8 515 615 1)
(39055 -54301 -102840 518 618 1)
(39056 55358.8 -96641.8 65 165 1)
(39062 15169.3 -29328.2 391 491 3)
(39073 64571.8 -75573.6 535 635 1)
(39081 -89415.9 -28485.6 489 589 1)
(39082 -80407.7 -26255.2 130 230 1)
(39083 -4009.93 -60573.5 468 568 3)
(39089 -106557 -1115.95 167 267 1)
(39091 -9092.04 -65514.9 198 298 3)
(39102 -20096.5 18955.3 466 566 1)
(39106 -113488 -23168.6 340 440 3)
(39107 -31035.2 -81639.5 158 258 1)
(39111 53400.8 -51496.1 277 377 1)
(39115 -75376.9 66220.6 76 176 1)
(39116 -34265.3 -42504.6 550 650 3)
(39123 65415.1 139657 78 178 1)
(39125 -123622 -111702 16 116 1)
(39137 120798 -1063.33 117 217 1)
(39140 -58384 -14204.6 273 373 3)
(39150 -5021.07 -44335 152 252 1)
(39151 -23039.1 -41167.3 209 309 1)
(39159 31335.1 -60388.3 331 431 3)
(39162 41364.5 19972.6 416 516 3)
(39173 -17173.2 -70544.4 173 273 1)
(39182 -932.283 46173.2 514 614 3)
(39192 63552.6 67245 417 517 1)
(39196 -108500 30079.6 143 243 3)
(39203 34201.3 18000.6 411 511 3)
(39224 -20041.1 114566 182 282 3)
(39227 -58314 126682 377 477 1)
(39250 -59253.6 -70706.3 413 513 3)
(39263 -79425.4 -39334.3 415 515 1)
(39279 -16046.3 23050.4 602 702 1)
(39288 7071.7 138748 342 442 1)
(39293 -54272.5 -73408 200 300 3)
(39295 -73431.2 -6193.39 521 621 1)
(39298 -73189.3 101246 456 556 1)
(39305 -118621 -74559 209 309 1)
(39306 -118779 -102908 576 676 1)
(39313 37298.8 -146034 312 412 1)
(39316 54402.9 96383.2 345 445 1)
(39319 8108.65 -115776 137 237 1)
(39326 -80663.4 -45120.2 177 277 1)
(39330 -55206.8 -129974 188 288 1)
(39332 -32122.2 -36310.4 54 154 1)
(39338 106611 -100914 295 395 1)
(39343 -64353.7 119661 430 530 1)
(39349 2085.13 70274.4 103 203 1)
(39353 91581.3 31031.1 300 400 1)
(39357 101705 109540 325 425 3)
(39369 -19064 146645 38 138 3)
(39370 94505.5 -1943.97 91 191 1)
(39371 -24098.2 -24318.2 541 641 1)
(39373 -5956.39 84483.6 300 400 1)
(39376 -121713 62296.2 364 464 1)
(39385 -53336.7 128844 259 359 1)
(39390 2141.83 53320.8 515 615 1)
(39400 -115619 -39309 279 379 1)
(39407 117680 -59334.1 7 107 3)
(39409 -76357.1 -58439.9 14 114 1)
(39413 -3745.57 -89639.1 356 456 3)
(39416 -115772 -21318.6 596 696 1)
(39417 64409.4 -139868 67 167 1)
(39429 -66476.8 93489.7 61 161 1)
(39430 -37229.4 54140.2 53 153 1)
(39431 -82423.4 -58415.5 25 125 1)
(39432 70499.4 -73615.1 334 434 1)
(39446 6182.47 -21818.9 345 445 3)
(39448 -92705.8 26953.2 265 365 3)
(39450 -49249.3 22029.3 275 375 1)
(39453 70441 5846.5 565 665 1)
(39456 -47213.8 135628 52 152 1)
(39462 34313.4 -86549.1 223 323 1)
(39473 79638.1 93278.2 356 456 1)
(39474 -19112.1 149882 564 664 1)
(39485 13138 -92762.1 555 655 1)
(39486 99729.7 -105847 496 596 3)
(39494 -33146.9 -24298.6 579 679 3)
(39503 -21901.9 -83396.1 353 453 1)
(39509 49441.6 14935.9 539 639 1)
(39510 86605 19997.9 364 464 1)
(39515 76570.6 -75656.8 390 490 1)
(39521 91809 -109842 613 713 1)
(39531 64499.7 -68545.6 497 597 1)
(39534 13163.5 -134081 582 682 1)
(39538 -78444.6 -101840 485 585 1)
(39545 -64226.1 -92556.4 6 106 1)
(39548 30223.6 -126843 126 226 1)
(39550 85485.1 115594 115 215 3)
(39553 -119787 27048.5 387 487 1)
(39562 103713 -146044 322 422 1)
(39563 41366.4 78369 365 465 1)
(39568 -79327.8 -91708.8 164 264 1)
(39579 -89385.9 -77547 21 121 3)
(39584 -8011.36 44115.2 148 248 1)
(39587 -52221 -117909 465 565 1)
(39588 1023.99 -76607.9 492 592 1)
(39590 896.669 -3103.72 306 406 1)
(39593 22377.1 -77674.4 235 335 1)
(39608 10285.6 -24189.5 429 529 3)
(39609 58490.4 -73438.6 42 142 1)
(39613 111755 -149946 191 291 1)
(39616 44332.1 95476 300 400 1)
(39619 -39226.2 65305.9 620 720 1)
(39631 -33218.6 -30314.4 307 407 3)
(39632 4101.37 -102843 536 636 1)
(39639 59509.3 -41423 588 688 1)
(39650 -121060 -46349.3 611 711 1)
(39652 -59268.5 49156.2 49 149 1)
(39653 -1951.68 -146906 52 152 1)
(39656 2928.73 53221.6 8 108 1)
(39657 99716.4 -26291.8 189 289 3)
(39661 -92473.9 -68490.7 94 194 1)
(39668 27134.4 -105714 169 269 1)
(39669 -8975.14 49345.1 322 422 1)
(39670 86609.6 -49417.9 318 418 1)
(39679 34428.2 -26449.2 445 545 3)
(39680 67487.7 79314.7 164 264 1)
(39686 41296 -4139.9 139 239 3)
(39688 78469.9 108472 25 125 1)
(39689 65423.9 -103672 29 129 1)
(39699 38343.8 -92806.8 617 717 1)
(39712 99814.4 -1158.66 570 670 1)
(39729 -31147.8 121578 283 383 3)
(39734 54503.5 -111987 532 632 1)
(39735 95692.8 -29328.9 343 443 1)
(39736 -10987.9 7917.93 24 124 1)
(39739 121443 -118962 127 227 1)
(39744 86680.4 146842 454 554 3)
(39749 -78400.7 37003.5 363 463 3)
(39750 41376.2 103561 530 630 1)
(39755 -24091.3 100488 505 605 1)
(39757 -75406 -107760 368 468 3)
(39761 -55262 -149901 185 285 1)
(39767 -94530.8 -75600.4 324 424 1)
(39785 -11211 128774 598 698 1)
(39787 14178.9 -129066 628 728 1)
(39788 55656.3 66193 205 305 3)
(39789 -52852.6 45252.3 98 198 1)
(39790 -81393.7 111503 145 245 1)
(39791 -69341.1 -138848 3 103 1)
(39807 103833 -110928 534 634 1)
(39808 70616.4 18988 573 673 1)
(39814 -50224.5 15955.7 286 386 1)
(39817 45.5011 101547 338 438 1)
(39822 -111788 -125030 324 424 1)
(39823 -10081.6 -147010 247 347 1)
(39836 60449.7 -44440.7 425 525 1)
(39841 13159.6 117512 112 212 1)
(39843 -122763 -117828 360 460 1)
(39859 -104564 -148060 429 529 1)
(39867 -61351.8 -11177 314 414 1)
(39868 92588.4 -135842 63 163 1)
(39876 -108651 -84666.3 395 495 1)
(39878 -5977.91 52163.9 9 109 1)
(39885 66425.1 -15201.9 113 213 1)
(39887 -70365 -75571 221 321 1)
(39894 -62434 12894.2 458 558 1)
(39899 -29123.2 -31329.9 580 680 1)
(39903 -90666.2 -92752.5 338 438 1)
(39906 73523.1 -146155 602 702 1)
(39909 -18022.1 -21263.1 108 208 3)
(39915 -82419 125591 161 261 1)
(39930 95680.5 -27385.3 421 521 3)
(39935 -72354.2 -141912 119 219 1)
(39937 61373.7 51165.1 1 95 3)
(39945 -80470.3 59271.4 467 567 1)
(39952 -17095.7 -108802 346 446 1)
(39953 79595.5 -127019 612 712 1)
(39954 -51156.9 45521.8 628 728 3)
(39959 -107616 78334.8 204 304 3)
(39960 -10987.5 142704 41 141 1)
(39963 -105945 -78781.5 119 219 1)
(39969 47290.1 -32267.3 158 258 1)
(39972 65438.6 -102864 459 559 1)
(39987 -3967.13 -10231.4 416 516 1)
(39989 21226.9 -31386.8 489 589 1)
(39995 84542.3 -148969 168 268 3)
(39998 -51257.7 -59505.1 306 406 3)
(39999 6098.62 -49370.3 154 254 1)
