(156002 -70388.8 46188.3 553 653 1)
(156010 54464.2 -15248.7 514 614 1)
(156012 -106562 -122.074 322 422 3)
(156013 26287.9 96468 483 583 1)
(156031 35236.6 -17200.9 70 170 1)
(156035 -82442.2 -30238.3 212 312 1)
(156036 33265.5 148710 66 166 1)
(156056 -103522 -56532.5 317 417 3)
(156063 15187.2 81402.7 480 580 3)
(156068 -12016.4 28093.2 411 511 1)
(156074 -89448.7 -26292.4 206 306 1)
(156078 8186.4 144586 97 197 1)
(156079 -57437.4 72260.8 358 458 1)
(156090 -84486.3 -118948 475 575 1)
(156093 -75352.3 41122.4 99 199 1)
(156112 -66361.6 -53461.8 376 476 1)
(156113 -5861.01 -48463.3 472 572 1)
(156114 62516.9 29071.8 534 634 3)
(156121 114809 140357 125 225 3)
(156122 -64424.7 -124008 569 669 3)
(156123 63444.6 -53441.1 354 454 1)
(156135 -119631 24012.2 220 320 1)
(156136 78524.7 -38412.6 326 426 3)
(156139 21248.8 19098 353 453 3)
(156140 103591 18002.8 31 131 1)
(156156 59473.1 -61538.9 463 563 3)
(156161 -44198.2 -51394 86 186 1)
(156169 3024.95 12887.3 528 628 1)
(156172 -50227.5 88395.6 100 200 1)
(156181 35348.8 63267.3 545 645 3)
(156182 -74428.9 -122905 338 438 1)
(156187 104661 24058.2 180 280 3)
(156192 25212.1 -144055 415 515 1)
(156193 -35193.5 140610 160 260 3)
(156199 -939.686 -105777 250 350 3)
(156202 78583.3 38100.5 248 348 1)
(156214 1077.28 -131889 202 302 1)
(156222 -73386.1 -147215 402 502 1)
(156232 115767 -39589.3 489 589 1)
(156233 90502.8 112529 143 243 3)
(156237 -38211.2 -145055 436 536 3)
(156246 -13007.8 43209.4 433 533 1)
(156254 -43156.9 136653 80 180 1)
(156259 74556.7 -86737.1 524 624 1)
(156264 -63931.6 -74424.1 466 566 1)
(156265 -51133 -123754 94 194 1)
(156267 23207.7 32332.9 260 360 1)
(156269 -9984.79 8859.97 604 704 3)
(156270 23287 -38406.6 516 616 1)
(156280 -52355.8 -131652 27 127 1)
(156293 -78367.2 54024.1 90 190 1)
(156316 81545 119610 247 347 3)
(156319 -40199 -146041 280 380 1)
(156320 3232.94 132646 541 641 1)
(156324 -70399.5 -21294.1 399 499 1)
(156344 -30202.7 -11233.7 446 546 1)
(156347 69401.1 7878.32 237 337 1)
(156356 18166.7 -136908 205 305 1)
(156360 -9017.74 20997.5 260 360 3)
(156364 64439.4 46111 1 93 1)
(156368 -13027.7 97403.5 42 142 1)
(156370 25289 -56573.8 487 587 1)
(156372 22221.3 -137002 307 407 1)
(156377 59429.1 -87661.4 287 387 1)
(156378 115708 -115773 104 204 1)
(156383 -28153.3 73394.5 331 431 1)
(156389 -99651.9 47246.2 154 254 1)
(156392 -25045.8 -20317.4 307 407 1)
(156409 21231 -8286.98 513 613 1)
(156410 31286.7 -77584.6 385 485 1)
(156422 -9992.01 -41325.7 2 102 1)
(156425 -41303.9 -135930 174 274 1)
(156429 -5962.73 -136920 277 377 1)
(156433 -80461.7 -26287.6 402 502 1)
(156437 44490.2 55199.7 609 709 3)
(156444 -58226.5 35151.9 99 199 1)
(156452 65446.6 17951 176 276 3)
(156453 -58291 119586 273 373 1)
(156454 124014 14961.4 607 707 1)
(156456 -79460 140839 588 688 1)
(156459 72596.2 -110890 537 637 3)
(156467 13119.5 3906.73 34 134 3)
(156468 118779 14991.3 181 281 3)
(156474 83536.3 111517 150 250 1)
(156476 11114.9 -29325.9 227 327 1)
(156490 25244.4 137836 238 338 1)
(156491 48378.3 -79652.7 409 509 1)
(156507 -10959.2 -29239.2 167 267 1)
(156517 117813 -141950 161 261 3)
(156518 58484.4 135754 572 672 1)
(156520 21277.5 -59650.2 306 406 1)
(156524 -14063.4 -73674.5 579 679 1)
(156526 -80546.4 -52478.9 381 481 1)
(156540 -17041.8 -109781 213 313 1)
(156542 92.6382 -139053 385 485 1)
(156543 11151.6 -37318.4 250 350 3)
(156547 1056.24 -108740 143 243 1)
(156556 -52312.6 -7113.46 513 613 1)
(156557 99451.5 -25063.7 160 260 1)
(156568 54422.6 -42410.5 397 497 1)
(156575 -42328.6 -145070 296 396 1)
(156591 68520.7 -75617.4 403 503 1)
(156597 -59320.3 -101694 62 162 1)
(156605 102665 -141957 194 294 1)
(156617 -40346.4 -96675.6 371 471 1)
(156619 97732.3 53431.4 603 703 1)
(156620 -49256 23018.7 248 348 1)
(156621 -24092.3 12939.9 573 673 1)
(156647 13109.8 -139881 54 154 1)
(156651 -47130.6 42235.3 94 194 1)
(156660 -53221.2 -137976 403 503 1)
(156665 25377.1 -146830 142 242 1)
(156667 115825 -31409 587 687 1)
(156685 -111650 -49453.3 300 400 1)
(156691 115831 97559.5 387 487 3)
(156698 52469.2 -44586.9 533 633 1)
(156702 65401.1 61216.1 8 108 1)
(156703 29281.6 -42396 103 203 3)
(156705 -80378.5 -132898 33 133 1)
(156711 -24101.3 94419.4 29 129 3)
(156720 -109659 124703 576 676 3)
(156728 40316.1 42140 349 449 1)
(156730 66559 -109893 523 623 1)
(156738 -6972.75 -110801 626 726 1)
(156742 12143 7930.57 505 605 1)
(156745 95543.1 -84557.9 578 678 1)
(156746 53359.7 39286.3 496 596 1)
(156752 -99661.7 -138163 401 501 1)
(156762 67526.6 89471.7 488 588 1)
(156769 14093.5 75323.6 160 260 3)
(156773 105638 -52661.2 234 334 1)
(156776 -122683 -62541.3 556 656 1)
(156785 -29113 -61473.6 135 235 1)
(156802 -9830.54 -59828.8 598 698 1)
(156810 41254.4 78290.3 19 119 3)
(156816 -75597.5 15469.2 617 717 1)
(156821 4111.21 40135.6 599 699 1)
(156822 -34916.2 -123404 328 428 1)
(156824 -80365.1 94489.4 75 175 1)
(156829 -58262 -17247.6 88 188 1)
(156857 94592.1 -51396.9 114 214 3)
(156859 -42212.5 -97730.1 272 372 1)
(156866 -86324.3 10902.3 206 306 1)
(156867 -27019.2 5901.23 127 227 3)
(156881 59426 -129972 423 523 1)
(156885 43327.6 -32323 382 482 1)
(156889 -112745 -83706.5 535 635 1)
(156890 68454.7 -49409.5 161 261 1)
(156891 -122762 -137089 548 648 1)
(156895 89401.6 -16262.2 98 198 1)
(156900 -26096.2 -86606.9 130 230 1)
(156901 -67319.5 -107781 64 164 3)
(156906 12088.6 20908.1 469 569 1)
(156908 45025.1 111819 181 281 1)
(156914 -103674 -109870 622 722 1)
(156925 32116.2 -59582.8 169 269 3)
(156932 -69332.5 -94674.3 136 236 1)
(156951 -121787 -135093 600 700 1)
(156956 30432.4 63271.5 515 615 3)
(156960 43234.3 -97742.3 309 409 1)
(156962 99701 30069.1 371 471 1)
(156970 67477.7 84377.6 328 428 -1)
(156975 100289 57492.2 593 693 1)
(156983 -54289.8 -87726.7 520 620 3)
(156984 2073.59 10859.6 250 350 1)
(156986 -31158.7 -113746 187 287 1)
(156995 -10946.9 -61463.9 152 252 1)
