(182002 20263.7 -68630.4 454 554 1)
(182003 44495.6 -67575.8 187 287 1)
(182006 79236.7 93576.3 64 164 1)
(182010 -107369 -15409.4 234 334 1)
(182013 -11020.4 -69781.9 414 514 1)
(182020 -10958.4 -29272.2 1 100 3)
(182041 -113594 -134913 246 346 1)
(182051 -60307.8 43140.2 314 414 1)
(182055 79731.8 -72755.9 61 161 1)
(182060 -38001.8 7925.46 487 587 3)
(182061 -930.996 -87765.7 619 719 1)
(182068 102771 121666 266 366 1)
(182074 -30093 -20169.5 7 107 1)
(182076 75561.1 -132025 418 518 1)
(182091 64441.2 5898.72 210 310 3)
(182097 31346.8 22045 484 584 3)
(182098 -88893.2 34370.3 628 728 3)
(182101 -86425.8 47054.2 24 124 3)
(182106 37275.8 -87790.9 323 423 1)
(182114 106730 -109638 1 94 3)
(182115 82641.5 -72652.8 528 628 1)
(182118 20243 32214.5 535 635 3)
(182142 8131.45 143819 218 318 1)
(182144 -37896.6 -100044 421 521 1)
(182149 -38035.6 -127912 315 415 1)
(182153 75598.5 -58568.7 607 707 1)
(182155 -4966.97 -105768 274 374 1)
(182156 -120857 63232.3 619 719 1)
(182160 63838.6 -25201.3 254 354 3)
(182165 -27170.3 -110575 123 223 1)
(182166 -5953.8 -58565.7 406 506 3)
(182168 -5976.66 2896.78 138 238 1)
(182169 22230.6 -149132 536 636 1)
(182172 -18055.2 54208.7 340 440 3)
(182173 -21107.1 -28339.4 220 320 1)
(182179 -83469.8 -96768.3 404 504 1)
(182183 68459.2 -119849 229 329 3)
(182184 36252.4 -55408.3 10 110 1)
(182195 71526.7 -32350.8 386 486 3)
(182199 -57264.5 -135838 26 126 1)
(182211 -120681 -67737 194 294 1)
(182213 -2962.2 116537 217 317 1)
(182220 -86029.8 -2423.63 597 697 1)
(182222 14102.4 -28310.7 626 726 1)
(182223 -21810.2 72419.6 375 475 3)
(182224 53296.1 20992.4 499 599 3)
(182229 -107540 51167.6 68 168 1)
(182232 9213.22 -45483.1 620 720 1)
(182235 85533 9918.67 316 416 3)
(182239 40407.1 -82865.7 523 623 1)
(182249 -21084.2 -108815 431 531 1)
(182251 75535.3 -6179.22 298 398 1)
(182252 67256.4 -4097.12 22 122 1)
(182254 -41214.2 -101841 596 696 1)
(182259 -10017.9 -104875 468 568 1)
(182264 -119669 44145.8 254 354 1)
(182273 21190.3 20995.3 170 270 1)
(182274 -99423.9 -94715.5 68 168 1)
(182275 -23017.1 -70510.9 470 570 1)
(182278 24266.3 51167 126 226 1)
(182285 83664 -68636.3 586 686 1)
(182289 -5993.74 -60490 139 239 1)
(182292 42590.7 -27910.3 597 697 3)
(182293 -112645 -116791 186 286 3)
(182300 70620.7 -136230 547 647 1)
(182301 13082.3 -63430.4 238 338 1)
(182305 -69420.3 -96791.1 484 584 3)
(182310 54372.1 925.713 124 224 1)
(182315 66575 -75532.5 599 699 1)
(182322 -79437.1 -46436.2 388 488 3)
(182324 -107865 130764 508 608 1)
(182330 -5979.18 129626 212 312 3)
(182331 -22351.8 -9422.14 624 724 1)
(182332 -85403.1 27045.7 44 144 3)
(182344 -113690 -72651.1 516 616 1)
(182355 113834 -36084 152 252 3)
(182356 17147.5 -115853 275 375 1)
(182361 -73341.1 21968.5 103 203 1)
(182367 -55252.9 -62459.5 64 164 3)
(182371 -15028.8 -120861 257 357 1)
(182373 -54263.6 -91681.9 384 484 1)
(182379 85544.8 34152.6 474 574 1)
(182382 -5942.22 113550 85 185 3)
(182385 37268.3 -66555.5 60 160 3)
(182388 -8444.91 -58776.1 346 446 1)
(182394 25106 35180.3 363 463 1)
(182396 -10995.3 75298.8 61 161 1)
(182397 -88530.9 -55456.2 305 405 1)
(182400 109669 -39329.6 113 213 1)
(182415 113756 -107826 312 412 1)
(182437 68471 11938.2 216 316 1)
(182440 -28118 -106781 283 383 1)
(182441 -66380.4 61273.6 457 557 1)
(182445 19195.8 -135031 367 467 3)
(182452 -48227 -34362.6 341 441 1)
(182455 93666.4 -71653.5 295 395 1)
(182473 -106604 -22264.4 319 419 3)
(182475 93525.6 38101.5 260 360 1)
(182485 -57702.7 -87630.5 308 408 3)
(182491 120997 -98750.7 365 465 1)
(182496 89730.3 -52421.7 429 529 1)
(182497 -52263.4 -57481.4 496 596 1)
(182498 -107569 6929.94 179 279 1)
(182509 -68407.3 -91690.5 419 519 3)
(182515 28187.2 52129.6 256 356 1)
(182521 50408.2 -20289.7 452 552 3)
(182527 107854 37094.7 121 221 1)
(182530 113556 -129062 193 293 1)
(182544 7146.16 -81677.8 429 529 3)
(182549 -63261.7 -5109.15 1 97 1)
(182552 97688 35059.8 341 441 1)
(182553 -15976 -41357.5 390 490 1)
(182556 -34109.3 -46303 1 97 3)
(182557 -13113 21177.3 491 591 1)
(182566 26215.4 66297 135 235 1)
(182569 46485.6 -107836 441 541 1)
(182576 103767 140832 555 655 1)
(182579 -28150.8 51292 421 521 1)
(182583 43258.2 -81558.7 232 332 1)
(182585 13141.6 16976 486 586 1)
(182587 -96600.7 869.349 629 729 1)
(182601 114949 -30377.4 281 381 1)
(182602 -948.075 -51568.5 444 544 3)
(182610 -37195.7 -56502.5 542 642 1)
(182611 -46204.2 -138898 112 212 1)
(182621 -98513.2 19997.2 301 401 1)
(182633 9120.94 120573 154 254 1)
(182646 74172.6 -7265.72 97 197 1)
(182649 71440.8 -35348.8 50 150 1)
(182650 67509.1 -45437.7 389 489 1)
(182658 -80407.9 72293.7 217 317 1)
(182660 -86348.5 106622 619 719 1)
(182661 -24094.5 -62526.1 344 444 1)
(182663 -121792 -149158 437 537 1)
(182673 88747.3 -77610.2 199 299 1)
(182693 15157.8 -68610.5 558 658 1)
(182694 -85425.1 142681 137 237 1)
(182695 -48282.9 127778 335 435 1)
(182698 80719.6 84300.5 282 382 1)
(182699 -91466.7 -51410.1 129 229 1)
(182708 80652.8 131805 392 492 3)
(182710 82566.7 71300.7 398 498 1)
(182715 -96453.9 -145968 164 264 1)
(182724 13145 -58613.9 443 543 3)
(182725 107716 -96812.1 418 518 1)
(182726 -23059.5 76330.6 427 527 1)
(182732 -51225.5 27033.9 55 155 1)
(182733 -112264 46188.9 132 232 1)
(182736 18154 63228.4 103 203 1)
(182741 50400.5 142872 132 232 3)
(182746 5101.09 -36327.3 32 132 1)
(182750 85510.3 136604 24 124 1)
(182756 908.956 114434 59 159 1)
(182777 85648.5 -3142.45 414 514 1)
(182782 10351.4 -44412.6 54 154 1)
(182795 89562.8 125585 108 208 1)
(182797 122687 67353.5 17 117 1)
(182799 122775 73426.4 205 305 3)
(182800 75589.8 -42395.4 343 443 1)
(182808 -97492.4 -125771 14 114 1)
(182820 -27058 -67610 607 707 3)
(182826 31303.3 26030.2 622 722 1)
(182829 -94530.7 -99816.2 435 535 1)
(182831 90634.9 -61464.7 175 275 1)
(182833 108693 84336.6 238 338 1)
(182845 34286.7 -107821 393 493 3)
(182847 113649 -86448.7 64 164 1)
(182867 -118652 -94681.9 46 146 1)
(182875 -114478 104614 294 394 1)
(182876 27180.9 1858.68 83 183 1)
(182887 -48251.9 -27153.7 362 462 1)
(182897 31314 -38456.4 593 693 3)
(182904 -16016.3 148854 151 251 1)
(182905 -13003.7 98622.4 322 422 1)
(182906 71649.2 -38340.6 442 542 3)
(182915 96798.6 8850.46 398 498 1)
(182917 15237.4 29030.5 441 541 1)
(182918 -86387 28087.7 233 333 3)
(182926 53375.6 129665 123 223 1)
(182932 111546 -5520.85 391 491 1)
(182941 66691.6 -64451.5 548 648 3)
(182943 -22124.8 18972.6 318 418 1)
(182949 25233.6 -138952 330 430 1)
(182950 11106.3 -9136.15 13 113 1)
(182952 21321.6 -40239.3 333 433 1)
(182956 -85480.8 11936.9 390 490 1)
(182959 -85495.7 34101.7 295 395 1)
(182960 -12006.9 72315.4 284 384 1)
(182965 120770 -82559.9 8 108 1)
(182966 85661.7 -92711 229 329 1)
(182968 -83523.9 140555 184 284 1)
(182969 -108588 7948.25 226 326 1)
(182974 -11996.2 -70488.9 169 269 3)
(182975 121001 -98891.9 627 727 1)
(182990 96720.4 -4162.8 507 607 3)
