(139005 -8200.56 -131957 356 456 1)
(139010 102676 -134797 34 134 1)
(139016 14146.9 -88618.6 165 265 1)
(139037 -72345.4 -33507.8 626 726 1)
(139039 74599.7 -87799.1 453 553 1)
(139041 117849 42080.5 431 531 3)
(139063 48429.9 -88754.2 494 594 1)
(139080 118188 64556.9 539 639 1)
(139102 67366.7 -79693.9 254 354 1)
(139113 -39181.3 59240.8 571 671 1)
(139123 32244.2 -13343.7 206 306 1)
(139128 67482.9 -30157.2 291 391 1)
(139139 52409.7 52298.4 142 242 1)
(139144 54353.5 100486 404 504 3)
(139153 -96570.7 79447.4 489 589 1)
(139155 33972.8 32105.8 587 687 1)
(139167 121839 -48444.2 37 137 1)
(139171 43313.4 21987.1 105 205 1)
(139176 -21084.7 -11217.6 339 439 1)
(139190 80612.7 -62568.9 488 588 1)
(139193 62428.2 -44387.5 204 304 1)
(139196 -5938.42 80493.2 103 203 1)
(139202 -47841.3 -6182.57 102 202 1)
(139205 -115717 -41357.6 377 477 3)
(139207 -69332.8 147889 559 659 1)
(139209 -7059.45 -71490.7 358 458 1)
(139218 70480.1 -50436.6 234 334 1)
(139220 -36136.7 -110585 180 280 1)
(139222 -13033.6 94510.4 98 198 3)
(139234 -28128.4 69244.8 245 345 1)
(139242 -2978.6 -101757 62 162 3)
(139250 4040.02 60550.9 68 168 1)
(139257 12197.1 70346.1 428 528 1)
(139266 51558.7 -35555.6 389 489 1)
(139268 -12023.8 138760 499 599 1)
(139273 -57325.6 -11170.1 421 521 1)
(139275 -99571.6 -12158 546 646 1)
(139276 -20055 120640 172 272 1)
(139291 61431.5 -37336.9 199 299 1)
(139292 30281.6 -112071 572 672 1)
(139294 -112727 68333.5 613 713 1)
(139309 105878 -95833.9 617 717 1)
(139310 63396.8 -148172 493 593 1)
(139315 106606 -146921 30 130 3)
(139316 123938 79400.2 621 721 1)
(139321 -50306.7 123761 490 590 1)
(139327 -84430.3 -100771 198 298 3)
(139341 8105.59 -15246.9 384 484 3)
(139346 79525.4 75366.4 416 516 1)
(139352 -123785 118646 534 634 3)
(139365 -27124.3 146015 463 563 1)
(139368 -4956.03 64235.3 211 311 1)
(139370 -110719 56149.6 150 250 1)
(139374 -41301.5 81232.8 71 171 1)
(139384 42315.8 -22302.6 252 352 1)
(139393 -71279.2 139654 165 265 1)
(139394 59490.2 16976 596 696 3)
(139396 61416.8 -116805 179 279 1)
(139404 15171.2 -5152.9 274 374 1)
(139409 -76300.9 44079.1 256 356 1)
(139413 102691 -106729 318 418 1)
(139427 20242.8 -40363.9 93 193 1)
(139437 93.5913 5888.39 312 412 3)
(139439 -78373.1 -28267.5 35 135 1)
(139446 -41229.4 -12218.4 249 349 1)
(139458 -7971.6 -25319.6 504 604 1)
(139459 18250 19943.1 288 388 1)
(139462 -14997.1 -87710.4 367 467 1)
(139466 113658 5916.62 67 167 3)
(139467 -21025.5 -53393.6 273 373 1)
(139470 101572 -84572.8 78 178 1)
(139473 -100554 -11162 206 306 1)
(139475 -68485.4 -18178.9 442 542 1)
(139480 -65561.9 -89648.2 435 535 1)
(139481 121820 -127931 312 412 1)
(139482 105655 -120826 221 321 1)
(139489 50428.9 16958.5 565 665 3)
(139491 -96544.9 -23227 133 233 1)
(139496 26537.3 -100580 213 313 1)
(139500 -2899.66 45082.5 39 139 1)
(139505 113747 -82627.9 257 357 1)
(139509 88566.5 -8773.68 34 134 1)
(139517 2101.29 -73617.3 356 456 3)
(139518 81621.4 136807 552 652 3)
(139520 -7996.67 -119005 342 442 1)
(139522 63523 -44367 174 274 1)
(139523 108649 103523 121 221 1)
(139526 47351.1 -42387.3 290 390 1)
(139527 -10000.6 29042.7 8 108 3)
(139533 23286.6 63258.9 550 650 1)
(139537 89680.3 41141.7 247 347 1)
(139540 -37172 -24325.3 256 356 3)
(139547 -105569 5892.42 231 331 1)
(139551 -45147 -29292 136 236 1)
(139563 -91615.5 -46371.3 356 456 1)
(139571 -65428.8 -31275.5 316 416 3)
(139573 -3958.39 75380.5 573 673 1)
(139574 35263.3 -120781 72 172 1)
(139576 -72500.5 86391.9 62 162 1)
(139580 -105645 52252.1 533 633 1)
(139583 13120 17017.8 91 191 3)
(139585 80602.1 35948.6 39 139 1)
(139589 32226 -127793 20 120 3)
(139591 85585.4 -35394.9 522 622 3)
(139604 -30312.9 -43452.4 136 236 3)
(139607 -85550.1 77430.5 598 698 1)
(139613 -76447.1 -81718.2 533 633 1)
(139642 -52216.6 -61457.1 414 514 1)
(139648 92640.2 -78346.6 149 249 1)
(139649 -90445.1 85266.1 198 298 1)
(139656 -8979.21 -33352.3 460 560 3)
(139666 30234.7 -62466.4 93 193 1)
(139677 9126.15 75377.1 604 704 1)
(139679 3068.14 76328.7 202 302 1)
(139683 38324 -106815 432 532 3)
(139684 25237.9 142731 410 510 1)
(139688 -45197.1 116492 187 287 1)
(139689 63510.4 -109986 551 651 1)
(139692 -34124.2 -58407.3 32 132 1)
(139694 -28131 -67494.3 222 322 1)
(139706 -82482.6 106538 411 511 1)
(139714 -43219.5 8939.81 479 579 1)
(139727 -114603 70347.9 297 397 1)
(139735 17121.6 93388.5 54 154 3)
(139737 -57291.5 -31314.9 172 272 3)
(139743 -12439.1 6838.06 616 716 1)
(139747 1070.3 -92681.3 191 291 1)
(139750 -36169.9 56254.5 555 655 1)
(139752 89670.1 -114760 71 171 1)
(139753 23208.6 -137975 280 380 3)
(139765 -118643 81369.3 139 239 1)
(139768 2087.2 92390.7 506 606 1)
(139790 110903 115661 449 549 1)
(139793 -5904.73 -25360.7 304 404 3)
(139794 22158.5 -99692.6 22 122 1)
(139802 -14052.3 -73585.8 446 546 1)
(139803 2172.66 -112776 221 321 3)
(139815 -70306 -132811 59 159 1)
(139825 66563.9 129774 530 630 3)
(139826 61535.2 -9216.29 586 686 1)
(139842 -96499.1 -45437.8 364 464 1)
(139854 66486 13940.7 409 509 1)
(139859 -29107.3 -83640.5 253 353 3)
(139862 -96455.2 -143072 510 610 1)
(139866 44346 105530 73 173 1)
(139868 -57382.2 22938.5 414 514 1)
(139882 -13821.8 72325.5 441 541 1)
(139883 -54485.7 10835.2 433 533 3)
(139887 48356.7 -15232.1 457 557 1)
(139898 50397 -122902 139 239 3)
(139903 109729 143742 288 388 1)
(139905 70453.4 -49372.6 239 339 1)
(139914 13341.8 85546.3 440 540 3)
(139916 -85599.6 101543 431 531 1)
(139918 36277.3 146672 152 252 1)
(139920 116889 74355.6 500 600 1)
(139921 -70451.7 101416 194 294 3)
(139924 -79427 -130906 244 344 1)
(139928 -33138.7 128673 335 435 3)
(139933 -9992.88 -102723 194 294 1)
(139934 -69512.3 55331 335 435 1)
(139950 -63352.8 107548 353 453 1)
(139954 -65331.1 -33289.4 55 155 1)
(139960 -72110.3 49026.9 236 336 1)
(139988 -33281.1 -39387.3 623 723 1)
