(174003 49381 -105715 201 301 3)
(174005 -40256.9 -144988 239 339 1)
(174021 111787 -7183.92 276 376 1)
(174023 -5910.83 -6410.43 261 361 1)
(174025 96605.5 -138870 117 217 1)
(174026 -18095.4 101503 244 344 3)
(174049 -24100.2 -24380 547 647 1)
(174055 65534.1 -4175.5 625 725 1)
(174063 25177.5 10969.8 190 290 3)
(174066 21083.8 88606.5 530 630 1)
(174080 -94472 122481 151 251 1)
(174084 82618 -9196.39 390 490 3)
(174093 3090.72 1904.81 127 227 1)
(174103 86597 -12171.8 182 282 1)
(174108 -23033.8 -53401.1 372 472 1)
(174114 38313.2 -146118 228 328 3)
(174116 -44250.1 -87685.6 149 249 1)
(174120 -73544.2 80421 591 691 1)
(174121 -29122.7 142825 530 630 1)
(174137 18193.1 -54525.6 561 661 3)
(174144 -107251 -47363.4 198 298 1)
(174145 -26119.8 -141893 102 202 1)
(174151 -55270.3 -54466.9 252 352 1)
(174152 -79401.8 -76651.6 26 126 1)
(174162 -25169 -59536.9 86 186 1)
(174170 -62259.2 -85069.1 202 302 3)
(174172 -57284.9 68313 327 427 3)
(174174 -43256.5 -16032.5 76 176 1)
(174187 -14049.4 -103811 406 506 1)
(174189 10245.8 105598 627 727 1)
(174193 -113076 146078 496 596 1)
(174201 76517.5 -77612.8 287 387 1)
(174203 -7988.67 -9152.44 24 124 1)
(174204 95602.5 -124741 309 409 1)
(174208 74457.1 -106749 179 279 1)
(174211 28265.7 -52444.7 318 418 1)
(174222 100899 44218.6 519 619 1)
(174225 14159.4 12921.2 33 133 1)
(174244 38297.4 -4091.09 3 103 3)
(174246 20186.8 147767 259 359 1)
(174256 -52318.8 72400.7 574 674 1)
(174277 115917 16138.2 119 219 1)
(174278 -120872 112804 549 649 1)
(174283 -79399.3 -148916 58 158 3)
(174287 85636.1 -90752.1 366 466 1)
(174296 -76443.9 -42404.2 493 593 1)
(174309 -50208.6 95445 250 350 3)
(174310 -19121.7 76297.1 221 321 1)
(174313 -11004.4 -34302 89 189 1)
(174315 93388.3 -8161.29 363 463 1)
(174316 -68340.3 31067.6 582 682 1)
(174322 100771 -13245.3 515 615 1)
(174324 22190.8 -60511.5 331 431 1)
(174329 35284.4 -55482.5 293 393 3)
(174341 121619 127470 86 186 1)
(174355 7100.93 -113757 92 192 1)
(174359 115813 68339.6 409 509 1)
(174360 34286.2 -79645 393 493 3)
(174367 -19093.8 40173.7 560 660 1)
(174371 48339.7 -147827 221 321 3)
(174377 116670 102450 14 114 1)
(174388 102630 -125962 295 395 1)
(174392 -5977.8 -82736.8 629 729 3)
(174393 -3026.92 148685 206 306 1)
(174400 60546.6 -109770 165 265 1)
(174409 -80437.9 -38342 338 438 3)
(174420 22164.2 -78578.8 132 232 3)
(174439 5219.88 86307.5 14 114 1)
(174440 -85425.6 49121.8 330 430 1)
(174444 22163.5 -148174 150 250 1)
(174446 -20992.9 -13277.2 40 140 1)
(174450 -11135.9 -41383.1 490 590 3)
(174461 -41468 86839.4 550 650 1)
(174479 7096.79 -4160.07 198 298 1)
(174481 -77379.4 -29279.6 157 257 1)
(174488 102638 85385.8 153 253 3)
(174489 -14013.8 46170 418 518 3)
(174494 -16954.4 75270.3 337 437 3)
(174506 -93611.5 -42454.9 553 653 1)
(174507 -48163 -66522.3 42 142 1)
(174511 -82481.3 -125944 462 562 1)
(174513 -10930.9 126645 431 531 3)
(174514 -58364.7 -71655.6 612 712 3)
(174515 -122730 18975.6 361 461 1)
(174517 -31112.2 69272.6 64 164 1)
(174518 7109.4 -99752.7 329 429 1)
(174521 -110560 -119799 112 212 3)
(174528 -47195 -116687 1 101 1)
(174533 -4992.38 118681 556 656 3)
(174540 -78519.2 32126.9 338 438 1)
(174545 100836 25988.9 394 494 1)
(174548 64599.7 98163.9 179 279 3)
(174552 37250 -98752 421 521 1)
(174562 13138.5 117576 246 346 1)
(174567 -75424.1 847.442 595 695 1)
(174573 49453.9 59263.7 339 439 1)
(174583 -17995.9 -58522 235 335 1)
(174585 -41223.5 -94762.8 466 566 1)
(174590 -44265.6 31058.7 402 502 1)
(174592 -15035.4 -147230 441 541 3)
(174595 69572 -15243.1 452 552 1)
(174602 -90564.8 -106914 616 716 3)
(174612 -18119.8 46171.8 537 637 1)
(174616 -83450.6 42126.2 287 387 1)
(174621 -18127.7 -3225.94 403 503 1)
(174628 31317.2 -108820 409 509 3)
(174633 -55241.7 77322.8 1 99 1)
(174640 -12014.1 -70578.3 379 479 1)
(174643 -103573 -50029.1 221 321 1)
(174646 68489.3 -101773 323 423 1)
(174647 22221.5 -46359.1 52 152 3)
(174654 44295.1 -13200.2 84 184 1)
(174670 35282.7 76268.6 108 208 1)
(174678 -123696 60201.7 358 458 1)
(174686 -41227.1 93463.3 400 500 1)
(174688 -104465 -24096 136 236 3)
(174695 106891 82473.4 475 575 1)
(174704 46458.6 -23400.7 539 639 1)
(174715 13294.4 61122.3 609 709 1)
(174720 -55282.6 -49438.7 284 384 1)
(174723 94600.4 100472 201 301 1)
(174725 42325.8 14962.3 214 314 1)
(174739 -56480.7 -63141.5 33 133 3)
(174740 -42195.5 -12163.7 23 123 1)
(174747 58453.4 5060.99 380 480 1)
(174751 102755 32096.8 541 641 3)
(174759 -65344.8 -33409.8 481 581 1)
(174761 10142.1 -110883 334 434 1)
(174764 100710 -129946 275 375 1)
(174786 47481.5 93528.3 505 605 -1)
(174787 36346.6 101229 318 418 3)
(174794 -27099.2 -35340.6 420 520 1)
(174796 -54552.7 -108756 318 418 1)
(174801 -109632 -146049 351 451 1)
(174805 91756.9 -34354.7 472 572 3)
(174810 76463 56208.3 29 129 3)
(174811 -23083.1 -16270.5 591 691 1)
(174819 52354.1 -57420 108 208 1)
(174829 -121800 13949.6 419 519 1)
(174832 -22010.9 -75575.4 435 535 1)
(174835 64454.5 -141994 286 386 1)
(174836 -9540.62 116815 547 647 1)
(174837 99708.1 87383.3 563 663 1)
(174840 58474.1 -12243.7 543 643 1)
(174847 122047 64134.7 23 123 1)
(174851 -23098.6 -52458.2 345 445 1)
(174853 11019.5 41304.4 485 585 1)
(174861 1081.51 -76679.2 578 678 3)
(174871 33343.1 57285.7 558 658 1)
(174881 -28104.6 12885.1 273 373 1)
(174890 -56236.9 -84739.6 390 490 1)
(174896 -20999.3 -118781 170 270 1)
(174898 15146.7 -67674.3 313 413 1)
(174904 3063.33 -50498.1 179 279 1)
(174905 -25085.9 96453.8 17 117 1)
(174909 -92308.5 40852.2 445 545 1)
(174910 107832 -137049 420 520 1)
(174913 -22082.1 -56508.2 485 585 3)
(174922 -91428.8 -21180.6 8 108 1)
(174923 42213.7 97529.2 410 510 1)
(174928 -80446.2 49180.9 158 258 1)
(174929 -986.011 -30313 288 388 1)
(174932 37274.5 27943.1 226 326 3)
(174933 115811 92485.4 438 538 1)
(174935 80460.7 60213.8 5 105 1)
(174952 -70411.2 -29319.6 338 438 1)
(174953 108885 -45597.9 582 682 3)
(174957 57450.6 -145149 497 597 1)
(174966 17137.6 110541 180 280 3)
(174976 -35975.4 5727.8 420 520 1)
(174981 -56293.9 54211.4 314 414 3)
(174984 85605.8 132827 510 610 1)
(174991 -87451.7 28116.1 380 480 1)
(174999 12145.5 27040.3 292 392 1)
