(162001 -8982.6 43131.2 10 110 1)
(162005 -28087.8 18019.7 134 234 1)
(162006 -3958.73 52203.6 286 386 3)
(162009 -65318.4 -55521.2 321 421 1)
(162014 -20987.1 -118788 40 140 1)
(162015 15153.4 -67583.9 256 356 3)
(162016 -90529.3 123631 224 324 3)
(162051 -48369.4 -51466.1 483 583 1)
(162052 -36376 -45444.8 550 650 1)
(162053 93654.9 18925.1 587 687 3)
(162054 -113463 -7258.01 81 181 1)
(162055 104574 6858.02 300 400 1)
(162059 -85536.8 -4163.29 557 657 1)
(162062 -37126.3 11019.3 211 311 1)
(162065 -52329.6 86462.4 582 682 1)
(162069 93659.8 -59364.1 326 426 3)
(162076 -107566 52122.5 135 235 1)
(162081 73456.9 122539 10 110 1)
(162084 -38202 28047.3 556 656 -1)
(162089 -77391.2 -137950 121 221 -1)
(162094 17166.4 -30332.1 356 456 1)
(162098 12308.8 -28979.2 1 94 1)
(162099 24291.5 -65608.4 629 729 1)
(162110 -2950.52 -46438.2 399 499 1)
(162111 -57291.6 -149276 350 450 1)
(162116 62517.9 60211.2 439 539 1)
(162117 -77417.4 -146870 310 410 3)
(162124 -9983.23 19996.8 326 426 1)
(162139 -3938.21 -6149.82 129 229 3)
(162151 41299.9 -53420 208 308 3)
(162152 124075 -124963 382 482 1)
(162154 -90574.8 102566 587 687 1)
(162160 -46196.9 13956.4 1 93 1)
(162163 -51298.7 3847.05 508 608 1)
(162166 -39234.5 55272 591 691 1)
(162184 78598.8 -71625.6 524 624 1)
(162189 -34257.3 114158 314 414 1)
(162194 -45361.5 -47302.9 29 129 3)
(162196 41317.6 -149030 261 361 1)
(162198 -21076.5 39108.7 116 216 3)
(162200 -67176.1 108486 20 120 1)
(162203 -92497.3 -42336.6 322 422 3)
(162217 2104.5 11937.1 282 382 1)
(162234 -80417.7 -88583.3 57 157 3)
(162241 88575.5 -67478.8 281 381 3)
(162244 -30133.5 142022 433 533 1)
(162257 -87473.6 67248.8 408 508 1)
(162268 -63370.8 -27305.8 454 554 3)
(162278 58443 6921.38 441 541 1)
(162281 -107640 -143067 421 521 1)
(162285 -40213.7 -56442.6 361 461 1)
(162290 -27080.4 -36354.7 190 290 1)
(162295 -118557 -126786 57 157 1)
(162296 -5921.96 -45275.4 76 176 1)
(162304 -74440.6 -76661.7 506 606 3)
(162307 88553.1 -136892 145 245 3)
(162315 114913 80417.4 591 691 1)
(162321 -104625 131802 571 671 1)
(162323 -52308.9 -105079 584 684 1)
(162324 -43117.1 -40179.6 471 571 1)
(162328 91728.1 -57562.2 622 722 1)
(162332 -106652 -114825 508 608 1)
(162334 -73461.8 -127059 587 687 1)
(162340 -1917.13 -21308.5 460 560 1)
(162346 19952 -72624.8 7 107 1)
(162360 16158.2 -94794.1 549 649 1)
(162363 60448.8 101529 171 271 1)
(162364 114787 -117899 381 481 1)
(162375 -33198.3 -9180.72 586 686 1)
(162380 -53263.5 -85585.6 261 361 3)
(162387 93635.2 44189.5 144 244 1)
(162399 25221.6 90442.2 351 451 1)
(162404 41013.4 41199.6 196 296 1)
(162405 33367.9 74398.9 613 713 1)
(162406 70521.4 -131889 52 152 1)
(162412 18335.9 -58311.2 366 466 1)
(162422 -90503.3 -74715.9 576 676 1)
(162424 123991 -24310 548 648 1)
(162427 112752 92370.9 281 381 1)
(162436 21105.5 10928.5 441 541 1)
(162438 25197.8 -7171.69 183 283 1)
(162440 15103 -134716 57 157 -1)
(162445 54335 -133960 248 348 1)
(162447 -101613 -56460 509 609 1)
(162450 -23104.5 21995.5 512 612 1)
(162452 -15043.4 -121928 400 500 3)
(162458 -102555 -94674.9 232 332 3)
(162468 -101594 89462.5 572 672 1)
(162471 4062 -119995 607 707 1)
(162474 -102497 -14229.5 13 113 1)
(162479 25244 -50489.2 496 596 1)
(162485 -41203.1 -8184.64 284 384 1)
(162486 -21086.3 -13188.4 130 230 1)
(162494 -99672.2 -99775.8 393 493 1)
(162497 -76441.4 -37332.8 364 464 1)
(162504 -55300.4 -16244 361 461 1)
(162516 -66347.6 5904.35 278 378 1)
(162518 -13039.3 77401.1 607 707 1)
(162526 -10004.8 -32366.7 617 717 3)
(162532 -102461 48329.9 20 120 1)
(162536 -9007.24 -24283.6 622 722 1)
(162551 -20007 74280.3 1 99 3)
(162560 92676.3 98690.8 504 604 1)
(162566 -113717 114530 508 608 1)
(162580 -25104.9 30049.9 1 100 3)
(162581 -124777 120568 62 162 1)
(162583 33237.2 -70575.4 244 344 1)
(162591 -32186.5 -44432.8 449 549 3)
(162592 6086.86 -53407.7 53 153 3)
(162604 -35135.7 5948.71 375 475 3)
(162605 25203.2 4909.92 1 95 1)
(162607 113009 100474 511 611 1)
(162608 3034.97 -133154 522 622 1)
(162617 -97288.9 -87620.7 245 345 1)
(162622 19161.4 -82696.6 437 537 1)
(162623 -14076.5 -58477.4 352 452 1)
(162629 5098.73 40124 430 530 1)
(162630 -65402.2 77410.2 410 510 1)
(162634 101540 -57406.2 6 106 1)
(162636 -80663.1 -28356.3 511 611 1)
(162639 -26101.7 -47433.2 326 426 1)
(162642 84773 -65685 598 698 1)
(162649 -51249.1 10917.4 197 297 1)
(162653 2976 -125798 60 160 1)
(162654 61524.3 -46354.5 563 663 1)
(162655 122846 72334.3 294 394 1)
(162659 -68364.5 -113810 284 384 1)
(162669 101740 94492.6 296 396 1)
(162671 31258 -40386.3 346 446 1)
(162672 3103.86 -112009 581 681 1)
(162676 22248.3 -4113.21 619 719 1)
(162682 -37159.6 -98675 108 208 3)
(162684 26136.4 -47422.3 294 394 3)
(162690 -59426.1 -47395.4 393 493 1)
(162700 -47310.5 -118873 400 500 1)
(162709 -87311.3 115656 164 264 3)
(162710 -123681 125629 398 498 3)
(162714 43381.3 -44459 585 685 3)
(162715 111877 19704.1 470 570 1)
(162723 -85460.9 -29286.7 302 402 1)
(162745 -51275.9 -84703 618 718 1)
(162752 -26111.3 138787 395 495 1)
(162756 -15032.7 27038.4 145 245 1)
(162762 -72399 65345.1 503 603 1)
(162779 29316.7 -3171.74 185 285 3)
(162786 102648 -130873 151 251 1)
(162790 -80254.4 33046.1 182 282 1)
(162794 -109683 -94639.1 451 551 1)
(162796 -7197.61 131413 269 369 1)
(162805 28204.3 -45360.4 88 188 1)
(162812 -18295.4 120719 522 622 1)
(162815 -44190.5 -54425.4 100 200 1)
(162817 -53270.2 40162.8 302 402 1)
(162818 -54299.4 -82542.9 149 249 1)
(162820 102711 -115859 324 424 3)
(162823 -35279 -66559.8 546 646 1)
(162829 -6965.59 -113960 608 708 1)
(162832 46355.5 -65545 247 347 1)
(162834 -42109.9 28002.9 254 354 1)
(162837 36212.4 -93631.4 542 642 3)
(162843 31233.2 42129.7 103 203 1)
(162844 38383.1 74399 502 602 1)
(162875 -15030.1 -34405.6 536 636 1)
(162880 54271.7 -15144 410 510 1)
(162888 93709.7 -21288.9 532 632 1)
(162894 -24077.9 18834.3 22 122 1)
(162898 106707 24045.3 370 470 3)
(162900 -2730.24 -51473.1 2 102 3)
(162902 -20081 -1111.74 407 507 3)
(162903 -72417.2 73376.2 342 442 3)
(162904 -30149.2 45152.3 374 474 1)
(162907 88563.8 51179.2 134 234 -1)
(162919 60648.8 1971.8 501 601 1)
(162926 20159.7 -68551.2 305 405 1)
(162928 -83534.7 31060.7 612 712 1)
(162935 50493.1 -116831 285 385 3)
(162943 16050.5 -109960 594 694 1)
(162947 -24057.6 -101576 14 114 1)
(162953 80443.7 -127830 60 160 1)
(162963 -12981.2 57193.9 106 206 1)
(162977 -80490 -47459.4 539 639 1)
(162988 118775 -11166.6 276 376 1)
(162999 -44071.7 -74569 116 216 1)
