(171002 74511.3 91462.4 185 285 1)
(171010 45372.9 -61544.8 447 547 1)
(171016 -108241 -67725.1 628 728 1)
(171017 -77190.6 105706 68 168 3)
(171023 -110542 -37283.1 344 444 3)
(171031 107787 117675 528 628 1)
(171044 4229.24 -69771.1 498 598 3)
(171051 25197.9 88427.8 546 646 1)
(171075 86551.9 11857.3 103 203 1)
(171081 77609.1 34101.4 530 630 1)
(171088 -57290.2 -104929 460 560 3)
(171098 78524.8 6907.95 206 306 1)
(171111 -96372.8 22742.8 124 224 3)
(171112 -52253.5 130671 508 608 3)
(171116 48448.3 -106878 523 623 1)
(171120 26360.8 -103561 130 230 1)
(171129 123792 -42378.3 465 565 1)
(171134 -11014.7 -14222.2 320 420 1)
(171136 1220.55 -25255.9 284 384 3)
(171142 56445.2 -75643.9 508 608 1)
(171143 -76444.4 -71627.1 501 601 3)
(171145 -110536 -134819 31 131 1)
(171148 -83406.7 -98667.7 169 269 1)
(171155 -1831.97 -78432.3 248 348 1)
(171163 -98535.9 98481.7 280 380 1)
(171166 110809 -96669.7 560 660 1)
(171176 -15032.3 -103720 163 263 1)
(171179 2061.03 -14209.8 278 378 3)
(171184 12107.8 -39321.2 109 209 1)
(171188 60454.6 113507 58 158 3)
(171200 10156.8 128730 443 543 1)
(171205 88733.6 -88808.9 470 570 1)
(171212 65360.3 -64371.8 45 145 1)
(171225 39296.7 5895.48 186 286 1)
(171226 -69435.8 90487.7 534 634 1)
(171234 -74505.3 8789.59 495 595 1)
(171239 75572.2 63230 131 231 1)
(171243 -46307.1 -57580.2 564 664 1)
(171245 19215.3 141800 616 716 1)
(171253 11139.7 -54384.8 125 225 1)
(171261 29265.2 -93734.4 347 447 1)
(171269 -46214.2 81501.1 78 178 1)
(171281 -47300.8 -135004 465 565 1)
(171286 -122721 -96809.7 456 556 3)
(171288 -114676 -92827.2 497 597 3)
(171296 24257 50221.8 258 358 1)
(171307 71536.3 71304.9 178 278 1)
(171309 -58328.7 106574 343 443 1)
(171310 70570.4 147898 609 709 1)
(171318 -108581 119583 210 310 1)
(171328 -77479 143880 617 717 3)
(171353 -110790 -114088 595 695 3)
(171354 -12054.9 -62565.5 404 504 3)
(171358 124951 83444.7 594 694 3)
(171362 -62280.7 141664 54 154 1)
(171363 -106648 133591 42 142 1)
(171365 75567 -125060 377 477 1)
(171370 69394.8 24954.7 269 369 3)
(171371 -89535.1 26008.3 597 697 3)
(171381 -104560 -100716 209 309 3)
(171387 -121775 24972.6 187 287 1)
(171390 -17045.8 -14235.5 488 588 1)
(171393 62494.8 17934.8 604 704 3)
(171395 -73544.6 64348.2 130 230 1)
(171404 -36161.9 30053.7 288 388 1)
(171421 -94598.8 147846 532 632 1)
(171428 -88520.1 -86675.9 321 421 1)
(171445 -9954.65 -34471.1 460 560 1)
(171447 53459.4 -121892 500 600 1)
(171462 72555.1 96562.6 421 521 1)
(171468 -42224.4 -133055 518 618 1)
(171471 -101625 -19291.2 579 679 1)
(171477 52427.7 -37465.2 502 602 1)
(171510 36228.5 88350.4 160 260 1)
(171514 -74762.1 63369.3 26 126 1)
(171516 11141.1 -115769 144 244 3)
(171518 -71436 -9208.73 462 562 1)
(171521 102620 85332 125 225 1)
(171522 58421.2 116554 398 498 1)
(171529 114673 70254.8 46 146 1)
(171536 -79440.2 -30334.8 278 378 1)
(171538 11147.2 -101825 544 644 1)
(171541 51344 110546 283 383 1)
(171553 -8859.32 -102749 126 226 1)
(171562 -15987.4 -76608.9 270 370 1)
(171563 48400.7 55240 565 665 3)
(171573 -5942.33 -25328 593 693 1)
(171586 113828 9924.6 376 476 3)
(171591 55491.5 112692 619 719 1)
(171607 -106924 -23993 274 374 1)
(171609 -123684 26100 155 255 1)
(171626 -38191.1 -49548.6 603 703 1)
(171630 -100618 -148213 591 691 3)
(171635 72214.9 -100714 571 671 1)
(171640 -110570 28006.6 130 230 1)
(171642 -107621 120602 325 425 1)
(171645 -109666 137468 318 418 1)
(171646 -28098.2 -42427.2 572 672 3)
(171653 56410.1 -10192.1 336 436 1)
(171654 52354.6 -60462.3 118 218 3)
(171656 -70448.7 -41482.7 554 654 1)
(171660 104754 6890.02 331 431 1)
(171663 115707 127616 133 233 1)
(171666 -9995.18 -127924 314 414 1)
(171674 -66765.8 36080.4 67 167 1)
(171679 -75380.9 54205.3 224 324 1)
(171682 96536.6 -113692 8 108 3)
(171683 3163.98 97459.2 349 449 1)
(171688 75456.3 -51378 92 192 1)
(171690 -117760 28050.9 421 521 3)
(171692 -5915.46 -30331.9 424 524 3)
(171694 -122644 -9176.2 146 246 1)
(171698 -114643 59254.4 332 432 3)
(171705 25221 69328.8 489 589 1)
(171709 123791 -18219.7 270 370 3)
(171713 -72317.3 18996 14 114 1)
(171714 -55283.3 68306.7 233 333 1)
(171717 7087.66 54249.8 333 433 1)
(171725 72572.3 -24318.1 407 507 1)
(171732 -60327 -128923 332 432 1)
(171742 113655 -118778 170 270 1)
(171754 85530.6 -48390.9 89 189 1)
(171761 121791 -93610 139 239 1)
(171764 -26102.5 91378.3 293 393 1)
(171765 -107667 -79479.5 227 327 1)
(171775 -41242.9 -64431.5 525 625 1)
(171776 65471.6 -34403.5 416 516 3)
(171780 -17049.2 -29295.1 176 276 1)
(171781 30245.2 -41395.1 202 302 3)
(171782 65363.4 54163.7 13 113 3)
(171786 -116544 -32427.2 437 537 3)
(171789 -71313.4 10932.7 309 409 1)
(171791 116775 14957.4 122 222 3)
(171798 73585.2 -141094 446 546 3)
(171802 -104619 -4118.97 93 193 1)
(171804 82529 -146960 179 279 1)
(171811 53372.7 -3169.17 213 313 1)
(171812 76534.1 115776 589 689 1)
(171816 35291.3 -53494.4 371 471 1)
(171818 14174.2 -64603.8 609 709 1)
(171823 104817 6945.96 406 506 1)
(171831 -23119.5 61303.4 449 549 1)
(171833 -25077.7 -25283.6 313 413 1)
(171848 -74555.1 -114254 614 714 3)
(171853 124747 -100807 192 292 1)
(171857 -121643 40107.2 163 263 1)
(171862 -104561 120642 180 280 1)
(171874 -55398.6 -37239.9 300 400 3)
(171879 -45658.2 44187.9 321 421 1)
(171882 20243.9 -77585.8 552 652 1)
(171885 -21127.3 143599 425 525 1)
(171892 4074.23 -89779.5 610 710 3)
(171904 56423.2 -66488.1 295 395 1)
(171905 41358.1 32268.9 409 509 1)
(171909 42210.1 90361 53 153 1)
(171917 -114552 111449 14 114 1)
(171921 -11916.6 72331.4 72 172 1)
(171934 -9989.47 40104.1 541 641 1)
(171939 57237.6 82361.4 458 558 1)
(171944 68496 17994.4 258 358 1)
(171946 65568.2 -67669.9 608 708 1)
(171950 -71284.5 -148780 126 226 1)
(171951 -26149.6 -71556.9 123 223 1)
(171958 -14987.5 -97827.2 461 561 3)
(171959 82505.9 -69555.7 230 330 1)
(171960 50380.1 1933.37 551 651 3)
(171962 27235.7 -18211.9 526 626 1)
(171967 -64319.9 -124808 44 144 1)
(171968 42314.3 97426 145 245 1)
(171969 13171.9 -97850.4 625 725 1)
(171972 -71476.1 86474 344 444 1)
(171976 -24097.4 56179.5 21 121 1)
(171979 -42194.2 -78597.6 289 389 1)
(171995 -92499.1 -126107 542 642 1)
