(2000 -21079.8 -92620.6 13 113 1)
(2003 -68323.9 -89629 149 249 3)
(2004 77739.3 -11348.3 316 416 1)
(2005 11192.2 -45258.9 343 443 1)
(2011 -99601.1 5836.86 493 593 1)
(2021 64338.4 -105495 41 141 3)
(2030 -113553 -98639.7 4 104 1)
(2039 -40191.9 27022.2 394 494 1)
(2044 -2977.19 -32282.2 152 252 1)
(2052 89617.5 -44415 332 432 3)
(2064 -41187.7 50175.1 263 363 1)
(2071 -26064.2 5890.74 582 682 3)
(2077 -36295.5 -91703.3 105 205 1)
(2078 -60309.8 -115873 516 616 1)
(2079 -87493.5 867.797 323 423 1)
(2081 -96520.6 -106730 104 204 3)
(2099 23188.5 -30340.3 403 503 1)
(2101 56433.7 -78669.5 589 689 1)
(2104 99567.4 -43163.4 93 193 3)
(2105 -44167.2 94494.4 266 366 3)
(2109 -124691 -104750 251 351 1)
(2110 116741 48111 33 133 1)
(2112 55339.7 27169.7 449 549 1)
(2116 -8009.34 -20301.5 118 218 1)
(2117 23696.6 22166.5 365 465 1)
(2141 -8989.43 -7160.91 128 228 1)
(2146 -64310.9 -137916 307 407 1)
(2154 73524.3 111532 253 353 1)
(2165 111692 -54408.3 174 274 1)
(2169 9215.5 -120959 613 713 3)
(2170 -52297.6 -8199.12 211 311 1)
(2171 108698 -86638.3 221 321 1)
(2191 -75361 -137984 331 431 1)
(2196 105826 -117018 543 643 3)
(2203 -96477.4 39167.8 286 386 1)
(2206 36283.3 -98684.1 450 550 1)
(2215 -88491.8 -136987 368 468 1)
(2225 58252.1 15651.9 340 440 1)
(2233 -82635.9 -59804.4 338 438 1)
(2251 -55247.2 -41466.2 560 660 1)
(2252 96619.8 141688 182 282 1)
(2253 -17013.4 75238.7 1 98 1)
(2260 8121.06 -97797.3 458 558 1)
(2266 105727 -62529 212 312 3)
(2272 -71352.3 98561.5 559 659 3)
(2273 -115718 -28206.7 35 135 1)
(2283 124991 30919.9 388 488 1)
(2293 31426.3 33044.6 190 290 1)
(2302 8136.77 143853 294 394 1)
(2308 -17178.8 -76678.5 551 651 1)
(2317 2081.22 -15235.5 401 501 1)
(2318 -115719 -32378.2 511 611 3)
(2322 -108535 -124832 142 242 1)
(2327 24232.9 33082.5 506 606 1)
(2328 23264.1 -148023 389 489 1)
(2341 39350.3 -32198.3 162 262 3)
(2343 -72316.2 135708 306 406 1)
(2345 116960 -78764.7 585 685 1)
(2347 -75425.5 1865.76 285 385 1)
(2354 42388.8 -76629.8 443 543 1)
(2362 3077.86 -63495.5 196 296 1)
(2369 114762 74453.4 261 361 1)
(2373 -65428.7 -13307.1 199 299 1)
(2375 34170.2 116517 10 110 1)
(2377 -10115.4 -47590 5 105 1)
(2382 86767.1 -48255.1 389 489 3)
(2384 58404.9 135621 66 166 1)
(2394 -79471.3 76399.2 545 645 1)
(2396 -5944.29 -1131.43 602 702 1)
(2398 30209.9 -48385.8 29 129 1)
(2399 68.9558 -71621.2 483 583 1)
(2402 63426.7 50145.6 67 167 1)
(2403 21134.5 10837.1 102 202 1)
(2404 46355.8 -103793 361 461 1)
(2409 68.6587 -76661 524 624 1)
(2421 103711 -11217.2 306 406 1)
(2429 -96483.3 18986.3 97 197 1)
(2434 21219.6 37128.8 516 616 1)
(2436 55454.3 -82559.5 397 497 1)
(2444 119756 -23258.2 213 313 1)
(2458 -56190.3 -100296 108 208 1)
(2470 115829 120867 289 389 1)
(2479 94574.6 -144952 287 387 3)
(2484 -114577 66228.8 87 187 1)
(2485 -78496.1 -100665 250 350 3)
(2488 12193.1 104609 475 575 3)
(2494 91609.1 -30301.4 289 389 1)
(2500 -28118.7 -50445.1 300 400 1)
(2513 30107.9 15795.1 612 712 1)
(2519 59450.2 -140038 402 502 1)
(2520 -63296 -22206.1 132 232 1)
(2522 32202.2 69211.9 150 250 1)
(2527 -97531.2 -14159.5 269 369 1)
(2534 52408.2 -99829.4 489 589 1)
(2538 -6975.09 -13185.5 28 128 1)
(2540 -31159.7 -15217.2 281 381 1)
(2542 -101525 41118.2 133 233 1)
(2543 76596.8 -130902 447 547 3)
(2547 -927.754 -7269.63 147 247 1)
(2548 -35231.7 -115853 265 365 3)
(2550 -62201.8 -72714.3 77 177 3)
(2557 36353.7 63275.3 494 594 1)
(2563 76413.2 -100769 288 388 3)
(2567 -38177.2 -8398.91 435 535 1)
(2571 -53269.6 140827 435 535 1)
(2572 -46304.5 -125054 518 618 1)
(2579 71534.3 -32329.7 375 475 1)
(2596 25176.7 -47330.4 1 100 1)
(2597 -51382.5 132796 49 149 3)
(2601 -96572 149904 528 628 1)
(2608 22153.4 89334.7 44 144 1)
(2617 -8964.05 -117.406 342 442 3)
(2624 -62297.5 7926.55 1 101 1)
(2634 -17079.7 -61558.3 410 510 1)
(2638 -88416.8 62464.5 310 410 1)
(2639 8169.58 47210.5 10 110 1)
(2641 -69401.4 -83735.3 524 624 3)
(2645 76650.3 -63625.7 523 623 3)
(2648 69268.6 44120.1 488 588 1)
(2651 65533.3 -68641.9 389 489 3)
(2653 89635.5 -100534 271 371 1)
(2655 40281.4 61192.6 149 249 3)
(2661 19170.2 77334.7 13 113 1)
(2663 -65369.7 -17287 590 690 1)
(2664 82612.3 -129966 484 584 1)
(2672 -19061.7 -11252.4 191 291 3)
(2673 -2962.45 -114862 433 533 1)
(2683 -19027.3 117644 483 583 1)
(2684 -51276.1 34100.9 314 414 1)
(2685 86683.3 -22193 39 139 1)
(2689 -7967.51 -118770 79 179 1)
(2704 101746 -69580.6 453 553 1)
(2715 73588.9 122719 605 705 1)
(2721 8117.61 -13220.2 423 523 3)
(2723 -47221.6 94553.4 473 573 1)
(2725 -41062.4 -8174.63 353 453 1)
(2728 45395.9 -92750.5 625 725 1)
(2729 -98544.6 148850 554 654 1)
(2741 -47218.8 126464 9 109 1)
(2750 11116 -78586.2 291 391 1)
(2755 -83647.4 42172.7 281 381 1)
(2772 -34271.1 -32429.5 580 680 3)
(2779 107191 -67812 189 289 1)
(2789 59380.4 111496 57 157 1)
(2794 91555.4 10868.5 117 217 1)
(2800 2131.22 -126980 349 449 1)
(2801 -9999.64 52193.2 260 360 1)
(2810 -88670.3 58988.5 228 328 3)
(2828 580.013 69178.4 87 187 3)
(2829 -102458 -87570.7 291 391 3)
(2841 70586.7 43116.9 464 564 3)
(2842 -104555 -107837 74 174 3)
(2844 35367.8 -90722.4 619 719 3)
(2849 36290.7 -2268.63 196 296 1)
(2851 93864.2 6934.79 560 660 1)
(2856 -27068.7 67254.4 65 165 1)
(2870 -34181.7 84439.4 607 707 3)
(2872 -77386.5 -11275.6 1 98 1)
(2876 34298.6 -129098 629 729 3)
(2878 14279.9 -125057 339 439 1)
(2879 -73464.9 -22300 478 578 1)
(2885 -19067.2 30075.1 518 618 1)
(2886 -6901.75 101590 138 238 3)
(2888 -2862.43 -20276.8 28 128 1)
(2893 -118836 -56572.1 608 708 1)
(2899 61460 8927.57 375 475 1)
(2900 116857 -87728.2 492 592 3)
(2910 -21121 -127911 345 445 1)
(2914 -13055.1 -12359.3 473 573 1)
(2915 -113766 -9260.31 269 369 1)
(2925 78531.5 -28342.6 259 359 1)
(2945 -105641 -29324.7 482 582 1)
(2948 -31110 -46387.8 242 342 1)
(2949 -124793 -128019 539 639 1)
(2959 117706 50177.2 44 144 1)
(2960 -9986.79 32062.5 587 687 3)
(2961 -23082.9 34049.8 389 489 3)
(2962 21212.7 -2094.96 2 102 1)
(2968 67451.5 14965 162 262 1)
(2973 -28093.9 -73710.5 627 727 1)
(2978 -56561.9 -21237.7 377 477 1)
(2980 106729 -8197.77 327 427 1)
(2981 -99586.4 -60538.5 409 509 1)
(2989 -17077.8 21099.1 209 309 1)
(2995 36296.8 -138988 314 414 1)
