(52010 52766.8 -75385 335 435 1)
(52013 21218.4 38118.3 109 209 3)
(52015 35275.4 -73553.4 133 233 1)
(52027 20208.9 29061 574 674 1)
(52028 86502.8 -3042.2 160 260 1)
(52032 -118704 65304.5 282 382 1)
(52052 100597 -11186.3 39 139 3)
(52055 5094.52 -49447.6 350 450 1)
(52058 -110567 134690 73 173 3)
(52059 122722 -146928 48 148 1)
(52063 -72401.8 -16225 284 384 1)
(52071 96755.8 117717 511 611 1)
(52072 -37225.2 -49471.5 288 388 1)
(52074 18230.3 146742 554 654 3)
(52087 -73421.2 -122736 242 342 1)
(52093 -13101.5 -12201.9 382 482 1)
(52096 65525.9 -131969 386 486 1)
(52097 1091.83 -5233.59 375 475 3)
(52099 -61301.4 85377.2 207 307 1)
(52103 -91568.6 8906.67 613 713 1)
(52106 50401.1 -111917 542 642 1)
(52108 9093.92 -123815 48 148 1)
(52116 54299.3 -51324.7 54 154 1)
(52120 -43167.2 -71477.6 1 94 1)
(52135 49522.7 -25335.4 627 727 1)
(52141 102440 119529 90 190 1)
(52151 75417.1 -6311.46 267 367 3)
(52163 6094.67 23060.7 575 675 1)
(52164 94440.3 -93623.6 1 96 1)
(52177 -68406.3 -137097 554 654 3)
(52184 -102504 -77533.8 21 121 1)
(52190 -7993.76 -122868 262 362 1)
(52193 -34160.8 -34379.6 393 493 1)
(52204 55366.6 -144913 76 176 3)
(52206 -69264.2 -64622 402 502 1)
(52209 6103.88 -68566 345 445 1)
(52213 46340.5 -31204.5 20 120 1)
(52218 81643.9 42215.6 555 655 3)
(52219 -10991.6 124592 191 291 1)
(52225 929.863 -99958.2 367 467 3)
(52227 -89560.3 126732 529 629 1)
(52228 -63357.6 42175.5 578 678 1)
(52230 33277.7 9930.37 382 482 3)
(52238 43359.1 -20239.1 413 513 1)
(52239 95620.3 32178.6 153 253 1)
(52246 -59248.3 -113717 76 176 1)
(52252 53451.9 88168.3 179 279 1)
(52261 -82443.6 91392.7 190 290 3)
(52263 -65224.7 -28283.8 437 537 1)
(52270 33283.4 5895.55 382 482 3)
(52272 97731.3 -85622.8 121 221 1)
(52273 -32135.4 76329.4 183 283 1)
(52279 -85441 -64476.4 129 229 1)
(52288 -36192 5870.33 214 314 1)
(52291 -109602 -24294.5 96 196 3)
(52298 54411.2 -118783 186 286 1)
(52304 -73415.7 57208.3 479 579 1)
(52305 21134.1 -47396.5 337 437 1)
(52311 111619 -10157.3 1 101 1)
(52340 -90586.8 -25386.7 609 709 3)
(52341 -117656 -115801 293 393 1)
(52357 148.794 26049.8 475 575 1)
(52360 29210.5 -126829 121 221 1)
(52368 -8989.29 -47480.4 617 717 1)
(52380 13151 -92672.2 263 363 1)
(52385 -2966.28 -71587.8 343 443 1)
(52387 -63304.9 -70613.4 571 671 1)
(52391 -59317.1 -11251.8 74 174 1)
(52392 42293.6 -63482.2 112 212 1)
(52399 107824 61289.7 572 672 3)
(52402 -67354.7 43129.8 239 339 1)
(52412 -46152.7 -109729 158 258 1)
(52423 -24049.2 30017.7 235 335 3)
(52425 -11037.8 -125972 254 354 3)
(52438 -109567 29160 138 238 1)
(52439 -87464.9 -80601.9 210 310 1)
(52449 65633.9 -87813.3 452 552 1)
(52451 -69069.2 -66216.6 146 246 3)
(52458 111715 -117815 200 300 1)
(52459 76476.4 -134850 63 163 1)
(52464 67510 -30360.8 400 500 1)
(52472 -83452.5 -90657.2 190 290 1)
(52473 -93424.9 30268.5 303 403 3)
(52475 25274.1 74296 341 441 1)
(52505 -89431.3 -127917 96 196 1)
(52518 -54245.9 124578 393 493 3)
(52523 122000 -27363.2 512 612 1)
(52525 -65427.1 -55527.2 462 562 1)
(52541 81527.3 -23221.5 72 172 1)
(52542 6101.02 -115850 330 430 1)
(52545 30241.1 -112875 381 481 1)
(52551 -57327.3 -6186.26 576 676 1)
(52558 -2987.68 135945 571 671 1)
(52560 81573.5 22020.6 377 477 3)
(52566 93725.8 121741 620 720 1)
(52570 33304 -139021 188 288 1)
(52572 -89505.5 -32357.1 240 340 3)
(52578 -23073 -125878 275 375 1)
(52580 52410.9 -49469.8 448 548 1)
(52589 6127.26 -129979 511 611 3)
(52593 -18073.5 -143017 350 450 1)
(52599 52364.2 -2078.3 256 356 1)
(52607 -36126.7 -61505 329 429 1)
(52613 45455.4 12966.7 617 717 1)
(52620 -30156 131725 418 518 1)
(52621 -72409.6 50262.2 268 368 1)
(52624 -18005.7 -141149 514 614 1)
(52626 115866 -24325.7 559 659 1)
(52638 -85474.9 -9198.84 308 408 1)
(52640 -47240.6 -127947 273 373 3)
(52656 -66286.7 -62594.6 586 686 3)
(52661 31235.5 -147947 118 218 1)
(52662 -85379.4 -28365.2 331 431 1)
(52682 -24077.4 -114.132 22 122 1)
(52687 -30114.3 101472 1 101 1)
(52688 -41183.1 125651 509 609 1)
(52696 74521.8 140756 313 413 1)
(52698 -119659 -58493.9 351 451 1)
(52703 -97620.9 -128.393 332 432 1)
(52708 68485.6 -122934 381 481 3)
(52709 -59310.6 87426.1 381 481 1)
(52712 -58348.6 -94826.8 612 712 3)
(52715 -937.679 89489 370 470 1)
(52718 55502.5 -53350.3 465 565 3)
(52723 -23058.3 -115757 48 148 1)
(52724 33242.4 -39326.5 81 181 1)
(52727 -67346.8 -98680.6 165 265 1)
(52736 46294.9 113563 307 407 1)
(52744 -22127.8 -45355.5 528 628 1)
(52747 34288 -18239.1 371 471 3)
(52755 31040.3 98358.9 106 206 3)
(52756 -108656 -91738.5 410 510 1)
(52758 -49203.1 40110.5 34 134 1)
(52762 7091.07 -19215 26 126 1)
(52774 16138.6 -121841 130 230 1)
(52781 9112.99 16945.9 3 103 1)
(52791 103703 -65534.9 297 397 3)
(52796 86425.3 132603 304 404 3)
(52799 -12990.8 -83586.7 48 148 1)
(52804 87571.7 109593 43 143 3)
(52809 116671 62290 63 163 1)
(52823 -34115.9 130695 115 215 1)
(52828 44468.5 87522.9 557 657 1)
(52831 -40185.2 -83701.3 363 463 3)
(52834 -68294 42130.3 25 125 1)
(52837 -15029.7 -59447.3 95 195 -1)
(52856 31447.7 77362.4 188 288 1)
(52864 -46201 -90653.1 187 287 1)
(52874 -47233.8 -147035 313 413 1)
(52883 13124.4 -106817 378 478 3)
(52886 -58287.7 36057.7 97 197 1)
(52889 -113620 -88664.1 225 325 1)
(52896 56344.4 -62441.3 1 96 1)
(52897 25149.8 -65801.4 474 574 1)
(52898 -18055.2 125734 563 663 1)
(52900 -25020.3 -101839 446 546 1)
(52901 121802 -127908 303 403 1)
(52902 -49181.7 -5199.99 130 230 3)
(52905 118745 -13200.2 165 265 1)
(52914 -20062.9 -61517.4 343 443 1)
(52919 7086.12 139808 545 645 3)
(52931 115858 -7224.22 463 563 1)
(52934 6152.23 45235.9 540 640 3)
(52937 -81369.9 11862.2 281 381 1)
(52948 -63325.1 122793 628 728 1)
(52950 85529.9 -96693 78 178 3)
(52953 -86428.6 -40415.4 155 255 1)
(52956 -47282.4 65470.6 330 430 1)
(52958 -105778 -125277 68 168 1)
(52962 12135.5 -45390.4 230 330 3)
(52974 90685.2 3928.25 560 660 1)
(52981 -67634 103501 138 238 3)
(52983 3168.21 -57408.3 178 278 1)
(52989 54398.3 -82528.3 487 587 3)
(52993 20155.6 130680 544 644 3)
(52997 -42198.9 59227.2 55 155 1)
(52999 -52311.7 -41439.4 614 714 1)
