(179004 55753.8 -36354.6 204 304 1)
(179015 -108718 -134090 557 657 3)
(179018 -97077.8 135713 151 251 1)
(179032 99724.7 15959.7 281 381 1)
(179033 98593.6 129598 57 157 1)
(179038 64343.7 -76542 41 141 1)
(179046 -25090.2 123586 124 224 1)
(179048 83611.3 -135869 177 277 1)
(179059 7071.23 -27012.3 583 683 3)
(179061 -7972.24 -51487.4 466 566 1)
(179064 -2661.55 -144124 548 648 1)
(179065 114719 -42233.9 296 396 1)
(179067 -82475.4 55295.9 401 501 1)
(179068 -40155.6 -132.904 127 227 1)
(179071 -38116.1 -38303 171 271 1)
(179077 -37233.1 23098.2 420 520 3)
(179081 -116710 -103838 329 429 1)
(179088 24162.8 136832 382 482 1)
(179090 -96452.8 -69566.6 238 338 1)
(179093 -71389.9 -47447.4 355 455 3)
(179095 -116365 20033.7 44 144 1)
(179099 14091.7 -67514 82 182 1)
(179107 -114550 30031.6 19 119 1)
(179110 -50308.7 62277.4 555 655 1)
(179115 65305.2 -48394.6 35 135 1)
(179128 -80420.5 31100.9 183 283 1)
(179130 29377 15940.2 623 723 1)
(179144 -33157 -19303 532 632 1)
(179149 -49282.4 67376.5 494 594 1)
(179155 -19070.9 -48406.9 185 285 1)
(179158 -64321.9 16969.6 45 145 1)
(179168 -57174.6 -125896 599 699 3)
(179185 -15031.5 -76599.6 294 394 1)
(179187 101662 111620 287 387 1)
(179192 28130.8 114454 622 722 1)
(179194 13363.9 117131 31 131 1)
(179196 -66353.9 -44410.4 326 426 1)
(179198 55518.2 49215.5 482 582 1)
(179224 -37347.8 -126892 357 457 1)
(179234 -61340.2 -24264.1 229 329 1)
(179252 64418.1 -37335.2 161 261 3)
(179260 39294.1 27050.3 63 163 3)
(179268 73626.7 -77634.9 481 581 1)
(179270 20192.3 -134098 617 717 3)
(179275 -19061 -45379 486 586 1)
(179279 123713 141636 54 154 1)
(179290 -74495 125488 224 324 1)
(179296 72452.8 -82555.9 13 113 1)
(179307 -54144.5 -108638 55 155 1)
(179308 -75124.9 -14258.3 262 362 3)
(179312 -75436 42084.9 123 223 1)
(179317 20190.2 -53453.8 270 370 1)
(179318 105718 -52365.3 210 310 1)
(179321 -114473 21925.1 108 208 3)
(179327 -110242 -3173.5 555 655 3)
(179328 62425.5 -34774.2 326 426 1)
(179338 10367.3 -30282.4 250 350 1)
(179339 68820.8 21837.3 565 665 3)
(179353 -2917.45 49124.9 256 356 1)
(179369 33281.9 15972.6 364 464 1)
(179371 -124622 -110722 55 155 3)
(179375 -82890 -81641.9 366 466 1)
(179380 -16050.3 57356.4 564 664 1)
(179382 104667 66168.4 75 175 1)
(179387 -44255.1 -76620.7 478 578 1)
(179390 101604 -2200.7 372 472 1)
(179400 94533.8 -123770 14 114 1)
(179401 -63401.1 132584 229 329 1)
(179409 -43206.8 -133985 358 458 1)
(179412 -89597 -84726.8 622 722 3)
(179415 103648 -3101.47 196 296 1)
(179417 25250.7 -35369.9 514 614 3)
(179419 -121607 -97715.2 131 231 3)
(179420 -18053.2 -42313.2 131 231 1)
(179424 -17029.4 13949.2 102 202 1)
(179429 -79453 19996.7 426 526 1)
(179439 45284.4 -58459.7 121 221 1)
(179442 63527.8 -131097 564 664 1)
(179450 117756 112542 220 320 1)
(179455 -79495.2 -108909 206 306 1)
(179465 6164.34 -55387.4 220 320 1)
(179466 98642.4 -33301.5 173 273 1)
(179470 -12018.1 -11221 325 425 1)
(179482 -41154.7 -133884 68 168 1)
(179484 82855.4 143767 589 689 1)
(179486 99667.2 -10270.4 393 493 1)
(179487 105700 -9145.08 317 417 1)
(179493 30211 -112713 48 148 1)
(179495 110653 16970.9 28 128 3)
(179496 -85393.2 102492 31 131 1)
(179510 7273.55 18999 264 364 3)
(179515 22151.7 115485 204 304 1)
(179518 -21103.9 -77441.2 240 340 3)
(179522 55388.3 68252.7 97 197 1)
(179523 111846 7948.95 439 539 3)
(179529 -17036 51155.6 219 319 1)
(179531 37095.6 20042.7 87 187 3)
(179533 73698.1 72301.9 551 651 3)
(179536 -45182.5 119587 113 213 1)
(179540 -52240.4 -112762 1 96 3)
(179544 38315.3 -4157.15 417 517 1)
(179546 25227.3 -84656.7 350 450 3)
(179559 -81478.8 100415 291 391 1)
(179561 -1943.21 34078 166 266 3)
(179568 -86518 82420.1 528 628 3)
(179578 7110.72 -49465.3 213 313 1)
(179586 112849 140812 606 706 1)
(179589 -26104.4 -138100 552 652 1)
(179599 40323 -116892 393 493 1)
(179607 78590.3 -100606 372 472 1)
(179617 74430.2 57172.1 240 340 1)
(179619 -29154.7 76382.3 437 537 3)
(179620 86484.6 7964.93 20 120 1)
(179628 -36250.9 -20057.1 79 179 1)
(179630 91676.9 132487 134 234 1)
(179638 68540.3 -6203.24 559 659 3)
(179645 32263.9 -133922 211 311 3)
(179648 48348 71282.4 219 319 1)
(179655 8190.21 -39230.4 42 142 1)
(179656 -85783.1 632.769 570 670 3)
(179673 -39246.5 -106756 316 416 1)
(179674 2024.02 -93784.6 532 632 1)
(179687 22171.2 -126785 10 110 1)
(179698 6153.78 -38302.7 44 144 1)
(179719 24200.1 -25303.9 125 225 1)
(179736 -58320.4 -48474.5 497 597 1)
(179738 -48150.9 -17143.2 263 363 3)
(179739 -55260.8 6947.92 78 178 1)
(179740 -65338 -8176.7 214 314 1)
(179745 -115685 -24290.3 423 523 1)
(179749 91660.1 -112823 152 252 1)
(179750 27165.8 -48479 235 335 1)
(179752 -9949.22 -69542.4 302 402 1)
(179764 27179.3 30051.8 33 133 1)
(179766 -55213.1 96336.9 85 185 1)
(179771 -13041.2 -24327.1 272 372 3)
(179786 108671 -89591.3 56 156 1)
(179791 71401.7 -81564.5 32 132 1)
(179797 89679.7 43216.2 519 619 3)
(179798 112803 -48461.2 428 528 1)
(179799 -50293.1 -136083 601 701 3)
(179801 84671.2 -69604.9 376 476 1)
(179802 11180 -29350.4 551 651 1)
(179805 60452.8 -35434 328 428 1)
(179808 22060.9 60273.3 462 562 3)
(179810 -97566.7 55262.1 504 604 1)
(179812 -3413.13 -124962 583 683 3)
(179816 -8989.79 -90713.4 345 445 1)
(179826 -86482.1 -28301.5 330 430 1)
(179828 -116696 57233.4 431 531 1)
(179832 34303.2 137796 494 594 1)
(179835 46281 78277.9 112 212 1)
(179837 14141.3 138650 27 127 1)
(179838 -58288.7 50155.7 480 580 1)
(179845 -97589.3 -95712.5 23 123 1)
(179852 76485.9 60259.2 129 229 3)
(179857 -61386.1 -43488.1 428 528 1)
(179858 -25087.6 -65520.7 243 343 1)
(179874 102802 5889.32 247 347 3)
(179882 64514.1 128508 452 552 1)
(179885 65400 -35161.8 337 437 1)
(179888 -9995.34 -60454.9 92 192 1)
(179889 -32167.4 -96732.9 362 462 1)
(179896 48452.7 -124895 589 689 1)
(179900 -38246 -89805.6 522 622 3)
(179909 7075.75 -27257 4 104 1)
(179910 8196.11 -30333.1 627 727 1)
(179914 106608 112517 55 155 3)
(179915 -51309.8 -20236.8 409 509 1)
(179919 -38022.8 -92608.4 22 122 3)
(179921 -66050.5 -6334.32 122 222 1)
(179926 56340 -35311.9 51 151 1)
(179927 41332.3 106687 470 570 3)
(179946 54332.1 21007 49 149 1)
(179960 7060.57 871.203 409 509 1)
(179962 122906 -64514.5 522 622 1)
(179963 -30113.4 -51481.7 420 520 1)
(179965 65444.7 -71526.5 239 339 1)
(179967 -85420.5 131786 362 462 1)
(179968 -18028.1 -26289.6 276 376 1)
(179976 57585.6 52126 251 351 1)
(179994 -34160.3 96468.8 374 474 3)
(179995 -45194.5 110580 339 439 1)
(179999 -4012.03 37079.6 190 290 1)
