(172000 -74295.5 10839 205 305 1)
(172006 -109599 -84635 242 342 3)
(172016 -58287.4 -147087 130 230 1)
(172033 -84732 52189.9 63 163 1)
(172034 -118616 -2218.15 529 629 1)
(172036 49159.8 50065.4 435 535 1)
(172040 98763.3 -117928 465 565 3)
(172045 -122625 -7324.54 382 482 3)
(172048 -8936.79 28019.1 390 490 1)
(172055 75462.3 39080.3 134 234 1)
(172071 -14993.2 106278 240 340 1)
(172080 37091.9 -37265.4 125 225 3)
(172085 -27138.1 111484 228 328 1)
(172094 -46252.2 -45387.8 409 509 1)
(172097 -33092.7 -121785 118 218 1)
(172106 109658 -85588.5 128 228 1)
(172116 112628 -67455.9 1 96 1)
(172117 39347.3 10992.8 512 612 3)
(172118 -56265.1 102466 66 166 1)
(172119 30227.5 -40409 204 304 1)
(172126 104709 -53460.9 422 522 1)
(172132 -77431.5 60201.2 267 367 1)
(172139 39354.5 -86587.9 450 550 1)
(172144 121767 78382.9 288 388 1)
(172148 -8139.33 -46227.2 286 386 1)
(172151 -54244.4 -63482 193 293 1)
(172167 -38233.8 -30343.7 445 545 1)
(172168 -27125.9 -37482 275 375 3)
(172191 -1596.22 -68430.1 275 375 1)
(172198 -70395.5 -123981 419 519 1)
(172199 59641.7 139308 562 662 1)
(172206 -13004 -77440.9 59 159 1)
(172213 -4915.42 -6122.2 246 346 3)
(172218 -14036.5 -58532.1 482 582 1)
(172220 -20064.7 71363.8 338 438 1)
(172221 70558.9 34986.3 348 448 1)
(172228 -60418.3 74374.7 474 574 3)
(172233 -114718 -15260 547 647 1)
(172248 1085.48 34097.9 497 597 1)
(172256 -21817.4 72383.1 327 427 1)
(172264 112856 -124006 570 670 -1)
(172269 -70395.3 -87687.6 357 457 1)
(172272 111608 103585 584 684 1)
(172273 110757 -7171.14 18 118 3)
(172295 21503.4 -146802 348 448 1)
(172300 62624.4 -44543.6 504 604 1)
(172305 -45243.6 6889.73 564 664 3)
(172310 -20037.5 -31260.5 4 104 3)
(172311 -41184.5 -15155.9 458 558 1)
(172321 -96535.9 -118850 267 367 1)
(172323 86663.5 -82661.5 409 509 1)
(172324 -59325.2 -35379 491 591 1)
(172332 76585.5 -114985 481 581 1)
(172334 -113715 49181.1 580 680 3)
(172335 24206.4 27029.6 95 195 1)
(172341 -28105.9 -88626.7 35 135 1)
(172345 -45251.6 -118960 517 617 3)
(172346 9128.05 99482.7 265 365 1)
(172350 -19079.4 -124746 64 164 3)
(172351 19200.8 -144067 414 514 1)
(172353 124772 38106.6 175 275 1)
(172358 83741.1 -141187 488 588 3)
(172364 9123.51 -102737 179 279 1)
(172370 74630 76305.1 464 564 1)
(172376 -110559 -125.961 59 159 1)
(172377 23375.2 860.367 507 607 1)
(172387 66493.8 -86666.9 345 445 1)
(172397 -43136 18965.5 375 475 3)
(172401 21218.4 142736 276 376 3)
(172412 108784 129701 278 378 1)
(172416 77884.1 33140.4 197 297 1)
(172425 52335.5 -2104.25 50 150 1)
(172431 2216.19 -96705 145 245 1)
(172435 8135.54 -71722.5 609 709 1)
(172436 -39225.7 -48320 331 431 1)
(172440 96575.6 111440 68 168 1)
(172475 -37290.4 66330.4 276 376 1)
(172479 -18069.3 48108.1 174 274 3)
(172488 17165.5 -73590.1 293 393 1)
(172489 31074.4 -29219.7 407 507 1)
(172493 -85515.5 -48469.8 440 540 1)
(172501 -75466.5 921.14 327 427 1)
(172505 76639 -23328.1 533 633 1)
(172510 118501 -82609.8 17 117 1)
(172513 61411.3 79338.1 174 274 1)
(172521 9130.09 14000.5 120 220 1)
(172524 -115725 -107898 575 675 1)
(172537 82631.9 98436.9 144 244 3)
(172564 -47282.8 -1236.01 290 390 1)
(172571 32284.6 -30487.2 231 331 1)
(172580 -36173.2 -32300.9 225 325 1)
(172587 -97485.2 -45388.3 11 111 1)
(172595 14562.3 116534 53 153 1)
(172603 -31262.7 -115787 578 678 1)
(172604 -30163.1 -40288.4 276 376 1)
(172605 -84586 -85549.6 45 145 1)
(172622 11121.2 115544 25 125 1)
(172629 -39154.1 93452 573 673 1)
(172632 -118644 -81634.8 364 464 1)
(172636 -8985.38 -145886 195 295 1)
(172643 -54167.9 -115846 467 567 3)
(172645 105697 -93674 196 296 1)
(172646 75379.2 -104706 28 128 3)
(172647 26242 -93581.6 95 195 1)
(172649 52417.4 36148.2 385 485 1)
(172665 20209.8 -86710.6 454 554 1)
(172690 -38212.5 -14178.1 481 581 1)
(172696 32289.1 -48463.1 459 559 1)
(172701 -37190.5 -41299.4 105 205 1)
(172716 -37151.5 -42333.1 72 172 1)
(172729 87654.7 -11204.4 570 670 3)
(172733 -31196.1 -27247.1 489 589 1)
(172745 -99530.6 20974.1 193 293 1)
(172746 67427.6 -7174.26 114 214 1)
(172747 -108647 144815 91 191 3)
(172752 -12030.5 -116728 1 96 1)
(172754 16187.2 -111871 459 559 1)
(172760 -25073.4 -82587.2 150 250 1)
(172761 -13015.8 -69561.5 276 376 1)
(172774 -58236.7 44105.1 152 252 3)
(172780 64348.3 -51376.8 121 221 1)
(172783 85447.8 34098.7 1 99 1)
(172785 12800 72396.7 321 421 1)
(172808 114807 13922.1 252 352 1)
(172819 44348.5 14978.6 528 628 3)
(172827 92593.9 -59458.3 245 345 3)
(172839 18101.2 -79646 371 471 1)
(172841 94633 -28190.8 213 313 1)
(172843 -108548 141636 13 113 1)
(172844 -111710 -32337.7 329 429 1)
(172858 80500.1 50185.6 90 190 1)
(172865 119877 -1144.93 523 623 1)
(172867 78538.5 6921.11 11 111 1)
(172874 -10987.2 -89609 100 200 1)
(172877 65404.8 -34313 57 157 1)
(172879 54371.6 72323.9 330 430 3)
(172883 -106529 -82480.8 29 129 1)
(172884 50391.6 -46340.1 522 622 1)
(172889 -70393.8 48157.1 419 519 1)
(172893 19031.6 -119804 624 724 1)
(172895 -104516 132326 156 256 1)
(172903 59441.4 -21202.2 275 375 3)
(172904 -60443.1 51837.1 307 407 1)
(172905 -105223 -90703.7 76 176 1)
(172906 -76372.3 -72489.2 4 104 1)
(172910 83668.8 -37420.4 618 718 1)
(172911 -113498 1692.62 162 262 1)
(172916 -39188.9 -54478.7 380 480 1)
(172919 -82509.5 -28334.1 608 708 1)
(172934 -81397.8 -23245.1 113 213 1)
(172935 -98483.1 -110672 58 158 3)
(172941 -2944.4 -144076 594 694 1)
(172942 30298.3 -19275.6 504 604 3)
(172951 -23080.1 -41345.9 137 237 1)
(172965 -5973.8 -79654.4 373 473 3)
(172969 64433.4 -123900 357 457 1)
(172971 -9026.42 -62476.5 39 139 1)
(172973 57391 26052.8 306 406 1)
(172993 -50224.9 22996.7 175 275 3)
(172998 -33263.9 81410.8 212 312 1)
