(71002 49384.5 -93808 580 680 1)
(71003 -57241.2 74311.8 72 172 1)
(71007 -99702.5 11893 510 610 1)
(71016 51340.1 -145956 36 136 1)
(71019 -15044.8 -121.278 271 371 1)
(71023 -78447.3 46201.5 506 606 1)
(71027 -102580 2921.95 79 179 3)
(71028 35168.4 129057 76 176 1)
(71031 120887 16976.1 509 609 1)
(71036 3089.84 -51612.1 548 648 1)
(71040 -63394.5 68253.3 88 188 1)
(71057 -32012.5 127728 170 270 1)
(71062 -30112.9 -69501.9 143 243 1)
(71066 -96635.7 -66521.2 512 612 1)
(71067 83520.3 -64439.3 117 217 1)
(71068 -10000.7 51183 70 170 1)
(71070 24263.7 -130072 485 585 3)
(71080 -50203.7 12913.2 148 248 1)
(71085 -103619 148865 562 662 1)
(71087 -118706 1868.51 404 504 3)
(71091 -4872.97 -75603.4 206 306 1)
(71105 115671 -34251.7 6 106 1)
(71114 11099.5 -4116.42 350 450 1)
(71120 66486.4 -138007 362 462 1)
(71121 -83243.1 -43296 23 123 3)
(71122 -22027.5 -75494.9 17 117 3)
(71123 59502.1 -131051 574 674 1)
(71127 96542.1 -13183.7 40 140 1)
(71128 29259.9 -99857.3 567 667 1)
(71130 -103655 -72676.4 540 640 1)
(71141 76546.8 -36383.7 431 531 1)
(71148 113677 2907.5 74 174 1)
(71152 86608.1 18876.4 287 387 3)
(71155 -39138.6 86366 1 97 3)
(71156 74465.4 -124171 145 245 3)
(71163 65694.4 79331.6 552 652 1)
(71164 53432.8 -49274.9 189 289 1)
(71182 45295.5 -75512.1 14 114 3)
(71189 -68417 -86765.6 609 709 1)
(71194 109796 13957.4 437 537 1)
(71196 -5110.03 -63364.8 258 358 3)
(71208 -116763 78411.3 584 684 3)
(71212 -1954.07 -3144.28 425 525 1)
(71213 -59254.6 -98851.5 623 723 3)
(71227 55323.3 -81504.4 15 115 1)
(71247 85895.7 76469.4 396 496 3)
(71254 -91382.1 84345.3 370 470 1)
(71255 -89530.3 -51545.7 459 559 1)
(71256 -16031 -42328 12 112 1)
(71261 9108.27 -42370.8 559 659 1)
(71264 30199.9 -101700 123 223 3)
(71277 -101527 -5147.38 49 149 3)
(71292 34289.8 -85605.6 107 207 1)
(71295 -44252.4 -82559.6 498 598 1)
(71302 -37206.9 -43487 622 722 1)
(71304 -44209.7 -43355.1 120 220 1)
(71305 -33245.1 14787.5 556 656 1)
(71311 46233.8 55316.3 21 121 1)
(71312 111713 -74601.4 238 338 1)
(71314 -122782 106586 439 539 3)
(71318 29270.2 -91759.4 429 529 1)
(71321 37258.9 -1118.27 165 265 1)
(71326 -13499.6 -1868.27 577 677 1)
(71328 -11032 -13216.5 260 360 1)
(71330 -90520.5 120669 465 565 1)
(71332 22221.5 -49457.9 415 515 1)
(71338 93281.6 43081.8 205 305 1)
(71341 71636.9 121695 596 696 1)
(71350 52364.3 -131908 205 305 1)
(71357 -34103.5 58208.2 5 105 3)
(71360 80613.7 -114913 381 481 1)
(71361 -49212.2 18989.5 48 148 1)
(71365 50232.5 25008.4 20 120 1)
(71367 -109551 -130849 88 188 1)
(71369 26241.2 -65526.5 209 309 1)
(71372 -50282.6 12966.8 594 694 3)
(71376 -35170 -66587.4 479 579 1)
(71378 -32116.6 -63598 473 573 3)
(71380 -30918.7 90470.9 250 350 1)
(71387 21232.8 955.853 416 516 3)
(71399 -36174.5 -18262.2 523 623 1)
(71414 -4916.5 -132084 495 595 1)
(71427 107061 -3976.75 280 380 1)
(71428 -106619 -109857 213 313 1)
(71432 56463.7 -51506.7 558 658 1)
(71436 48.9988 -124977 412 512 1)
(71441 -91595.4 -21276.7 482 582 1)
(71448 -10036.4 -103799 480 580 1)
(71451 -43233.2 51186.8 429 529 1)
(71454 17181.2 -81673.5 445 545 1)
(71458 -120625 -110807 230 330 1)
(71491 -120623 71284.5 101 201 1)
(71492 83636.3 -58699.4 527 627 3)
(71500 36331.1 -116880 449 549 1)
(71501 71456 -135926 256 356 1)
(71505 -58261.4 137643 1 93 1)
(71506 32263.6 59287.9 378 478 3)
(71514 103732 -47440.3 393 493 1)
(71518 -1917.1 118553 22 122 1)
(71531 108743 70264.4 365 465 3)
(71533 82611.7 27047.5 460 560 3)
(71535 37345.4 135814 569 669 1)
(71543 10085.2 90396 29 129 1)
(71545 98732.3 36118.6 577 677 1)
(71550 -18054 146666 46 146 1)
(71558 -29350.6 135807 610 710 1)
(71559 29244.3 3822.56 202 302 1)
(71567 74666.6 54087.8 359 459 1)
(71573 -112806 -114001 593 693 1)
(71581 -28140.2 -41481.2 559 659 1)
(71586 14124.3 52195 141 241 1)
(71594 -66461.1 33186.3 378 478 1)
(71597 -53234.5 -90607.9 53 153 1)
(71602 -62327.4 -118920 329 429 1)
(71603 -39188.5 -75693.3 483 583 3)
(71608 -100558 29049.4 275 375 3)
(71609 -114626 -75683.4 327 427 1)
(71612 -108661 -54467.5 518 618 1)
(71615 -41206.1 -25347.8 176 276 1)
(71616 -30148.3 -1154.92 567 667 1)
(71617 85540 -92680.5 202 302 1)
(71621 76778.6 97886.7 440 540 1)
(71624 9082.77 -118877 133 233 1)
(71631 111813 10926.8 498 598 1)
(71640 54563.8 117766 259 359 1)
(71649 -54212.2 134695 69 169 3)
(71659 88713.2 -49506.7 556 656 1)
(71660 -63361 -112926 427 527 1)
(71663 -43141.2 135655 453 553 1)
(71667 -22080.5 -8215.49 588 688 3)
(71668 86590.9 69292.3 289 389 1)
(71678 -27119.1 116661 561 661 3)
(71683 77599.5 -110894 519 619 1)
(71686 -93572.1 65294.6 451 551 1)
(71687 -36128.9 -5162.94 148 248 1)
(71697 -55237 20987.7 155 255 3)
(71698 1109.23 -8151.6 84 184 1)
(71701 82621.6 -34349.4 495 595 1)
(71719 55394.1 -14207 301 401 3)
(71722 84533.3 -69514.9 146 246 3)
(71727 54394.8 -97808.1 457 557 1)
(71731 2913.24 -109844 477 577 1)
(71742 -13017.1 -75572.6 173 273 1)
(71759 -86403.3 -62434.7 151 251 1)
(71762 -102606 -94753.4 286 386 1)
(71780 -119688 45186.6 395 495 1)
(71782 -50209.8 -76570 47 147 1)
(71789 48466.2 54226.8 581 681 1)
(71801 38299.8 -143016 315 415 3)
(71804 -103625 86401.6 325 425 1)
(71808 -7068.66 -72575.1 261 361 1)
(71812 -92542.5 -11211.8 556 656 3)
(71813 -103650 -104800 153 253 1)
(71815 115787 87349.4 51 151 3)
(71821 -49253.3 -98738.8 436 536 1)
(71823 -111545 137622 26 126 1)
(71828 91653.3 10955.3 325 425 1)
(71832 36141.8 130651 32 132 1)
(71836 27408.6 147544 104 204 1)
(71854 55434.6 95688.1 480 580 1)
(71867 99615.9 -131246 524 624 1)
(71877 21146.2 23024.5 120 220 1)
(71892 -54358.4 -67613.6 430 530 1)
(71894 -116680 -101759 385 485 1)
(71895 15350.8 6564.3 49 149 1)
(71900 111658 -44352.9 52 152 1)
(71912 74632.1 70336 598 698 1)
(71929 -83412.1 881.219 192 292 1)
(71932 -48244.1 -45511.1 388 488 1)
(71940 -62299.4 122561 56 156 1)
(71957 -19113.7 -79593.1 268 368 1)
(71965 79549.2 -47441.6 270 370 3)
(71975 -46194.2 25021.6 43 143 1)
(71977 12187.4 -14305.1 474 574 1)
(71978 -24212.8 -41366.2 521 621 1)
(71982 23024.9 -51931.9 541 641 3)
(71988 -55262.8 -56464.6 260 360 1)
(71990 -72360.4 -73530.6 84 184 1)
(71995 -42160.7 -74561.7 265 365 3)
