(10000 -69312.5 -131842 240 340 1)
(10001 -69335.9 -14165.9 1 94 3)
(10002 -103625 108581 466 566 3)
(10010 -51205.7 55217.5 100 200 1)
(10024 47405.7 -33380.5 588 688 3)
(10027 -15059.8 -27366.4 592 692 1)
(10038 15196.2 50250.5 379 479 1)
(10042 7108.12 -5172.27 509 609 1)
(10064 2072.17 91514.4 613 713 1)
(10068 42299.2 861.209 101 201 1)
(10070 -6969.68 48178.4 539 639 1)
(10092 -94536.6 -3128.48 370 470 1)
(10096 11148.2 -65560.7 326 426 1)
(10109 -30248.7 45003.3 65 165 1)
(10111 -72445.8 129680 93 193 1)
(10122 39252.4 132618 30 130 1)
(10124 -22170.6 -83728.6 252 352 1)
(10145 -67316.8 112513 117 217 1)
(10148 -110686 -33346.9 470 570 1)
(10150 36328.3 -11276.4 464 564 1)
(10162 -49128.2 -34265.3 346 446 1)
(10169 65539 -37471.9 140 240 3)
(10175 -47223.3 121572 370 470 1)
(10181 99669.8 -81624.3 283 383 1)
(10184 100703 4928.21 341 441 1)
(10185 40405.2 6000.18 206 306 1)
(10193 -84491.3 -9190.09 191 291 1)
(10197 -29082.6 -146019 290 390 3)
(10205 -80642.5 120749 617 717 3)
(10213 -55064.3 -95718.2 323 423 1)
(10215 -25084.6 -111716 36 136 1)
(10218 -13016.1 4963.57 377 477 3)
(10219 -46009.3 -90786.3 590 690 3)
(10231 55407.3 -112871 420 520 3)
(10252 23180.9 56241.8 351 451 1)
(10260 -29277 -39330.7 623 723 3)
(10261 21287.8 110694 521 621 1)
(10274 15170.1 -68616.8 305 405 1)
(10279 15157.8 16035.6 618 718 3)
(10280 111028 104834 377 477 1)
(10281 -47332.1 -122540 410 510 3)
(10282 -12021.3 -106750 181 281 1)
(10284 -99605.1 -67597.7 550 650 3)
(10287 86593.8 -7210.89 434 534 1)
(10288 -63289.6 27068.7 193 293 1)
(10297 -27260.6 6630.6 598 698 3)
(10303 26994.8 -66136.1 227 327 1)
(10306 -89435.3 -29270.9 169 269 1)
(10308 78571.5 -79620.1 427 527 1)
(10314 -112471 83342.5 85 185 1)
(10332 20254.2 -69550.5 360 460 1)
(10336 46276.5 136790 339 439 1)
(10337 44326.5 -66491.6 160 260 3)
(10347 89547.8 -35377.9 2 102 1)
(10350 -5939.56 2983.26 73 173 3)
(10352 92701 100559 535 635 1)
(10359 118864 -70643.2 554 654 3)
(10361 -6972.48 -140052 441 541 1)
(10366 97703.9 -65562.9 425 525 1)
(10367 1995.55 -128166 595 695 1)
(10369 -9010.89 -126774 25 125 1)
(10375 -35167.4 -111693 175 275 1)
(10385 7078.85 79309.8 76 176 1)
(10391 -32125.7 143668 161 261 1)
(10394 31171.9 75402.1 543 643 1)
(10400 118873 100581 598 698 3)
(10404 36218.9 -76493.2 351 451 1)
(10405 100755 141866 560 660 3)
(10416 -9933.97 -83590.4 85 185 1)
(10417 31321.8 -56503.1 485 585 1)
(10430 -121641 100618 152 252 3)
(10434 7107.79 16980.7 157 257 3)
(10436 44407.9 38056.2 71 171 3)
(10446 -16052.1 -10224.7 472 572 1)
(10447 -70282 15100 228 328 1)
(10450 -44308.3 -52327.9 279 379 1)
(10453 124917 -90185.4 178 278 1)
(10482 54460.7 -24241.6 149 249 3)
(10494 78.0891 135725 338 438 1)
(10495 -49255.5 14970.5 552 652 3)
(10497 -105773 -91870 566 666 1)
(10508 -93524.4 107447 408 508 1)
(10510 4101.41 -77695 605 705 3)
(10513 -87544.6 -111743 98 198 1)
(10515 -49219.4 -78549.9 106 206 3)
(10521 -114536 -35302 68 168 1)
(10526 -100630 88510.5 284 384 1)
(10532 47495.7 -45222 568 668 1)
(10535 34231.7 -137983 252 352 3)
(10550 -13978.1 -138010 338 438 3)
(10562 103768 73375.4 306 406 3)
(10564 52399 43168.5 541 641 3)
(10568 42349.6 26023.5 542 642 1)
(10573 -57339.5 30122.5 589 689 3)
(10594 96718.3 -144033 382 482 1)
(10597 95779 -57489.7 416 516 3)
(10601 30944 52368.8 83 183 1)
(10602 56451.8 -116923 68 168 3)
(10603 -117835 -6159.93 132 232 1)
(10605 103797 7893.53 522 622 3)
(10609 123909 -68367.5 434 534 1)
(10610 -108544 -45354.2 89 189 1)
(10618 35353.6 -37414.6 619 719 1)
(10631 -120706 58232.3 332 432 1)
(10646 -1022.19 30022.8 306 406 1)
(10654 6099.8 146946 400 500 1)
(10665 82490.8 -103850 476 576 1)
(10666 91644.7 116591 186 286 1)
(10682 -56199.6 131693 123 223 3)
(10683 80593.8 -136045 446 546 1)
(10686 45400.3 73354.4 529 629 1)
(10689 -32125.2 -42371.8 167 267 1)
(10711 43324.2 -45456.6 596 696 1)
(10712 10038.7 -9309.32 402 502 1)
(10715 -939.137 -69580.3 585 685 1)
(10716 76691 22090.7 462 562 1)
(10722 4045.24 78333.3 18 118 3)
(10727 -55249.2 -39330.9 81 181 1)
(10733 -16263.1 52930 201 301 3)
(10740 -119628 -66468 192 292 1)
(10743 -115718 -60560.5 548 648 1)
(10745 48431.2 -118975 556 656 1)
(10750 -41188.1 -5143.95 119 219 1)
(10755 -19060 21000.1 281 381 1)
(10758 72552.6 64323.3 276 376 1)
(10762 -83467.4 53171.5 271 371 3)
(10770 -15033.2 -1122.48 517 617 3)
(10776 -110570 129605 113 213 1)
(10778 82569.2 144704 114 214 3)
(10784 90557.6 -51415.6 106 206 1)
(10789 55416.7 47308.3 537 637 3)
(10790 15237 -135919 96 196 1)
(10800 -111568 -130815 36 136 1)
(10802 -123648 16942.1 17 117 1)
(10806 65473.8 73302.4 176 276 1)
(10812 -49347.2 101787 478 578 1)
(10813 -79439.6 -34311.5 268 368 1)
(10814 -58245.3 -50394.2 4 104 1)
(10817 21225.6 33089.4 542 642 1)
(10824 68279.1 -58347.9 15 115 1)
(10847 93523 58167.3 1 94 1)
(10863 -64221.1 106667 445 545 1)
(10864 61459.3 34083.4 400 500 3)
(10869 -17054.1 -14195.9 374 474 1)
(10870 -18061.2 -10167.3 33 133 1)
(10873 46329.4 -114810 370 470 1)
(10878 -26050.8 -11990.5 11 111 3)
(10881 44346.1 91468.6 408 508 1)
(10884 24223.4 4939.98 113 213 1)
(10886 102728 85423.8 386 486 1)
(10887 -54278.8 -128038 338 438 3)
(10890 -6835.66 -133979 54 154 1)
(10897 -124801 -6197.5 424 524 1)
(10906 113767 98558 397 497 1)
(10917 -59285.4 -91614.9 202 302 1)
(10918 -20096 -64499 626 726 1)
(10919 25286.1 -43478.6 629 729 3)
(10920 47377 -25313.1 530 630 1)
(10922 20279.9 -68517.5 534 634 3)
(10925 -18010.2 8879.76 2 102 1)
(10932 117702 -101659 103 203 1)
(10936 -67350.6 -88660.2 346 446 1)
(10945 -107570 104524 238 338 3)
(10946 45396.4 -22099.7 90 190 3)
(10949 4073.53 -128819 105 205 1)
(10962 -42222.9 -48460.7 477 577 1)
(10970 -94614.4 -88773.5 429 529 1)
(10971 -111584 -42412.8 186 286 1)
(10977 26165.2 -11164.7 263 363 -1)
(10981 -102775 -43572.6 372 472 1)
(10985 -111639 -123977 491 591 1)
(10993 81495.2 -34304.7 28 128 3)
(10999 61177.7 41025 14 114 1)
