(146008 -98564.6 112668 587 687 1)
(146012 -22007.4 121653 149 249 1)
(146013 -78395.3 -13197.8 151 251 1)
(146017 -112628 -53450.8 246 346 1)
(146028 -2960.55 97418.2 71 171 1)
(146032 -94573.4 91458.2 61 161 1)
(146035 -17083 -108740 79 179 1)
(146036 4120.59 -151.959 536 636 3)
(146042 11142 129779 426 526 1)
(146047 -20059.4 -42406.2 377 477 1)
(146056 -12967.7 -74720 484 584 3)
(146060 22213.4 -25301.6 402 502 3)
(146061 -13042 43142.1 22 122 1)
(146067 39341.7 -54513.4 461 561 0)
(146079 28317.5 29178.5 430 530 1)
(146082 -1919.37 -53285.9 52 152 3)
(146085 -89263.6 82351.7 99 199 1)
(146094 75430.7 -25234.1 238 338 1)
(146101 2053.41 -141970 300 400 1)
(146102 26306.9 -23235.6 606 706 1)
(146111 -61184.6 16013.3 157 257 3)
(146117 -47148 74361.2 275 375 1)
(146125 94711.3 -139036 455 555 1)
(146148 37447.9 128671 164 264 1)
(146162 57374.7 -148980 158 258 1)
(146163 -107695 -54660.9 159 259 1)
(146167 2077.7 139662 98 198 1)
(146174 53359.7 106486 164 264 1)
(146176 87535 -98660.2 75 175 1)
(146197 -107657 49241.4 458 558 3)
(146198 -50250.9 -132991 339 439 1)
(146217 -45259.1 -96845.9 571 671 1)
(146221 -47318.7 -31164.8 258 358 1)
(146223 -36530.1 -24372.8 34 134 1)
(146231 -8956.1 -68479.6 352 452 3)
(146234 49350.3 -65461.4 138 238 1)
(146236 56364.5 -135837 58 158 1)
(146243 -123904 -10235.1 345 445 1)
(146254 23156.9 -137784 108 208 1)
(146261 -102619 -110950 398 498 3)
(146268 103658 -92654 165 265 1)
(146278 -121669 -107762 206 306 1)
(146279 108821 52225.7 552 652 1)
(146282 46360.3 -45402.3 458 558 1)
(146292 58673.5 -27339.5 603 703 1)
(146296 -37142.5 59230.8 371 471 1)
(146316 -18084.8 -149177 557 657 1)
(146319 -67388.2 30074.9 501 601 1)
(146325 89587 -41464.2 620 720 3)
(146330 -116707 64294.2 445 545 1)
(146343 6113.88 30043.4 293 393 1)
(146348 15134 -148971 125 225 1)
(146351 -70340.6 -45386.5 121 221 1)
(146355 67592.9 30026.6 540 640 3)
(146357 -111661 34110.3 353 453 3)
(146380 -8803.13 56928.5 361 461 1)
(146381 9099.99 -22261.3 187 287 1)
(146385 -86530.4 -85749.1 554 654 1)
(146396 -24072.2 -101618 245 345 1)
(146400 -59285.7 81365.2 347 447 1)
(146402 -22072.4 -63518.5 284 384 3)
(146404 -61282.4 27040.6 100 200 1)
(146411 -10094.9 60301.4 462 562 1)
(146414 -15941 -41298.9 56 156 3)
(146418 83638.3 70417 332 432 1)
(146421 62471.4 -14175 259 359 1)
(146423 -20054.5 -76701.3 329 429 1)
(146425 -10076.5 8723.42 14 114 1)
(146437 19141.2 25056.4 350 450 3)
(146461 -89534.3 -72642.3 375 475 1)
(146467 109577 -58435.5 1 96 1)
(146470 76617.1 -85629.7 549 649 1)
(146478 35356.3 -31094.7 61 161 1)
(146486 62459.1 -58454.5 224 324 3)
(146513 13181.4 -144042 135 235 3)
(146515 2086.22 -29302.7 371 471 1)
(146521 117912 90483.8 258 358 1)
(146525 84541.1 127654 450 550 1)
(146526 -50266.8 48180.1 355 455 1)
(146530 106721 -106819 395 495 1)
(146535 -32136.6 -91702.5 272 372 1)
(146544 -31179.5 -67631.1 616 716 3)
(146549 56206.9 -134791 120 220 3)
(146550 -84834.1 -2705.49 565 665 1)
(146559 -990.905 -119720 143 243 1)
(146563 -48157.3 20991 159 259 1)
(146568 -119675 37182.1 137 237 1)
(146569 -32159.9 -46443.2 396 496 1)
(146570 -15025.2 -56470.9 100 200 1)
(146571 -77389.9 28040.9 210 310 1)
(146572 70437.1 -59423.1 3 103 3)
(146573 -3947.31 -133827 17 117 1)
(146574 14157.1 40132 520 620 1)
(146579 74593.1 -54533.6 477 577 1)
(146585 14181.9 -92757.3 486 586 1)
(146589 -31109.9 6927.93 47 147 1)
(146590 -17066.1 -135088 553 653 1)
(146596 -52243.7 -81607.4 222 322 1)
(146607 19229.3 -132936 229 329 1)
(146608 -98460.3 -108724 26 126 3)
(146618 -30113.6 -24066.9 428 528 1)
(146623 -124763 66328.3 386 486 1)
(146637 -9989.83 -34335.4 491 591 1)
(146646 52388.9 -102760 295 395 1)
(146653 -5970.38 -75580.2 241 341 1)
(146658 -54338.4 -102816 481 581 1)
(146673 34378.7 130579 152 252 3)
(146691 36725 895.036 261 361 1)
(146695 34259.4 -82552.1 45 145 1)
(146700 26244.3 82442.9 492 592 1)
(146707 -103692 21195.9 585 685 3)
(146710 -70270.1 -22422.7 91 191 1)
(146712 -11015.9 50267.9 581 681 1)
(146714 -49210 -112805 310 410 1)
(146719 25210.4 11938.8 186 286 1)
(146722 115687 -28242 55 155 1)
(146735 60395.1 -77487.7 127 227 1)
(146737 -4970.86 -32364.1 587 687 1)
(146749 -118772 -127096 578 678 1)
(146752 -74350.2 -93641.4 68 168 1)
(146757 70504.9 -98782.9 380 480 1)
(146760 -18063.9 -14278.8 589 689 3)
(146764 123905 55223.4 473 573 3)
(146768 24190.9 44163.8 389 489 1)
(146769 28215 71392.6 293 393 1)
(146778 14721.9 -148280 371 471 1)
(146788 55364.7 16963.1 104 204 1)
(146794 -18072.7 4868.33 75 175 1)
(146796 -80438.8 120613 114 214 1)
(146812 -30136.3 -131955 278 378 1)
(146813 11148.3 147587 110 210 1)
(146816 -20074.9 -42360.2 232 332 3)
(146828 72609.3 -58521.9 333 433 3)
(146833 -108585 -102688 228 328 1)
(146840 24317.9 -88594.7 518 618 1)
(146850 -27082.3 146800 288 388 1)
(146855 101636 -42364 216 316 1)
(146875 80670.6 -96715.4 316 416 1)
(146876 20178.5 -146041 442 542 1)
(146885 -253.437 -122562 15 115 1)
(146888 -10986.5 -13205.1 206 306 1)
(146892 17141.2 -29237.1 463 563 1)
(146894 -26765.3 -86536.7 309 409 1)
(146898 49363.5 -105706 93 193 3)
(146907 -87441.8 -38336.8 147 247 3)
(146913 59434.8 -62520.4 330 430 3)
(146920 24187.9 -1056.1 53 153 1)
(146929 56413.6 -47486.8 522 622 1)
(146936 -102236 -20001.3 67 167 1)
(146940 67516.8 -74627.6 460 560 1)
(146947 44326.1 -131874 168 268 1)
(146950 -61295.3 130642 178 278 1)
(146956 18182 -17126 421 521 3)
(146957 95613.8 -112749 100 200 3)
(146961 100790 -81709.7 564 664 1)
(146965 89503.8 12100.4 26 126 3)
(146970 10127.7 -111953 592 692 1)
(146977 -26054.6 62313.3 330 430 1)
(146982 -10098.5 75417 310 410 1)
(146990 -124819 -130872 282 382 1)
(146997 117722 -54320.7 82 182 3)
(146999 58429.1 72328.3 347 447 3)
