(143004 38287 -122539 296 396 3)
(143009 67520.4 46096.2 164 264 1)
(143013 -9991.03 105489 180 280 3)
(143031 -69349.6 -40322.9 332 432 3)
(143034 -45284.8 -139188 555 655 3)
(143042 111844 49203.7 539 639 1)
(143048 -54261.6 51178 195 295 1)
(143050 -3974.62 -65552.8 351 451 1)
(143053 109815 -29430 495 595 3)
(143062 -118682 148879 410 510 3)
(143065 -42157.9 -49397.6 179 279 1)
(143068 -75309.5 -50420.7 26 126 1)
(143070 -27120.8 -11423.1 13 113 1)
(143077 -48136.6 -40331.9 68 168 1)
(143088 60575.1 -100736 203 303 3)
(143091 -121709 -43401.5 625 725 1)
(143097 -82450.3 -126955 480 580 1)
(143099 -48243.7 -64519.2 281 381 1)
(143105 -113538 -92640.6 493 593 1)
(143106 -104574 40131.7 265 365 1)
(143112 111200 -101613 440 540 1)
(143122 -56243 87358.3 27 127 1)
(143128 81562.8 34091.3 348 448 1)
(143129 -10002.9 -59540.1 50 150 1)
(143138 4041.1 -41156.7 405 505 1)
(143139 -39180.4 -113847 339 439 1)
(143142 89820.1 -143595 331 431 1)
(143158 -12020 -75731.8 515 615 1)
(143161 -112598 -7168.07 93 193 1)
(143174 65489.6 -16223.7 587 687 1)
(143177 28259.6 3885.37 457 557 1)
(143181 20151.1 -88753 613 713 3)
(143192 -48230.6 27043.2 257 357 1)
(143194 -59215.8 69133.8 160 260 1)
(143199 4094.72 -145157 590 690 1)
(143203 -56308.4 -50384 380 480 3)
(143209 61510 74380 622 722 1)
(143210 55649 120778 590 690 1)
(143215 -20037.3 129570 21 121 1)
(143227 -10605.9 -114822 529 629 1)
(143230 -114572 -49452.6 72 172 3)
(143238 -3859.49 731.731 219 319 1)
(143244 -113565 139617 72 172 3)
(143255 -70366.6 14965.2 214 314 1)
(143256 65673.5 132673 600 700 1)
(143265 43374.3 -24316.3 575 675 1)
(143268 -94393.7 -147761 133 233 1)
(143270 17197.1 57237.1 325 425 3)
(143278 123908 13923.2 94 194 3)
(143279 -9834.09 91398 237 337 1)
(143280 -10114.2 25048.3 307 407 3)
(143283 15115.4 -40461.6 418 518 1)
(143286 -23260.7 53223 219 319 3)
(143288 33198.4 96602.1 379 479 1)
(143293 -23078.1 -125000 517 617 3)
(143295 -70415.3 8928.24 432 532 3)
(143299 -92544.2 -11248.2 309 409 1)
(143304 -95568.8 -25364.4 498 598 1)
(143314 20187.4 119566 54 154 1)
(143315 31244 -101868 464 564 1)
(143316 -121715 28035.5 315 415 1)
(143338 -90376.9 72315 89 189 1)
(143345 7110.55 -31317.9 257 357 1)
(143346 -36187.9 -136166 339 439 1)
(143350 -108598 -20105.4 18 118 1)
(143352 31226.5 2905.09 70 170 1)
(143355 2078.64 137720 292 392 1)
(143358 -11118 -74773 218 318 3)
(143360 -111362 -138141 180 280 1)
(143370 -113655 -88685.9 315 415 1)
(143371 8131.65 -105790 348 448 3)
(143377 -97500.9 11899.8 473 573 1)
(143388 3038.42 53147.6 340 440 1)
(143390 14186.6 57240.6 39 139 3)
(143391 42348.6 -76651.4 466 566 1)
(143393 19233.1 -149120 347 447 1)
(143396 -22075.6 18984.9 178 278 1)
(143398 17154.1 -26264.3 60 160 3)
(143407 -122807 -23373.9 580 680 1)
(143420 -60388.8 -88687 457 557 3)
(143422 122776 -44417.2 260 360 1)
(143429 53445.4 83443.5 606 706 1)
(143441 -122628 50158.7 181 281 1)
(143450 105801 -42418.4 526 626 1)
(143463 -95499.6 -99663.6 584 684 1)
(143464 -54312.6 -26302.9 452 552 1)
(143467 -111610 40121.1 240 340 1)
(143475 1996.05 -54405.4 183 283 1)
(143483 -49271.7 -93541.9 116 216 1)
(143499 -8001.46 38129.3 408 508 1)
(143513 -11004.4 -35333.3 47 147 1)
(143514 -105704 146810 549 649 1)
(143521 46373.8 -122939 455 555 3)
(143525 12144.5 -56492.5 541 641 3)
(143536 118707 -86601.2 72 172 1)
(143540 -4986.92 -58448.5 454 554 1)
(143543 -78367.3 -41354.1 78 178 3)
(143554 -21061.1 -18239 143 243 1)
(143558 -119685 78358.6 487 587 1)
(143569 -118557 -148048 260 360 3)
(143581 79491.1 140615 67 167 1)
(143583 -36199.5 21985.2 172 272 1)
(143593 -93690.9 3844.01 604 704 1)
(143596 37280.4 -24310.8 399 499 3)
(143605 81594 106550 409 509 1)
(143607 -50154.8 66507.3 53 153 1)
(143609 -124763 -70591.1 603 703 3)
(143627 -62276.7 -79572.7 69 169 1)
(143631 43324.5 28057.9 276 376 1)
(143632 26210.7 -64469.8 48 148 1)
(143634 -26131.9 -104.483 17 117 3)
(143636 -29126.1 -111901 286 386 3)
(143638 -34130.3 -124895 267 367 1)
(143641 -110676 -35360.9 477 577 1)
(143643 53395.5 58260.8 326 426 1)
(143654 49410.5 -20195.9 570 670 1)
(143662 -16091.3 46179.2 377 477 1)
(143676 47661.6 102856 282 382 1)
(143678 9080.96 -129940 355 455 3)
(143683 -120729 -87712.5 445 545 1)
(143684 44046 30931.9 441 541 1)
(143685 53337.5 -114787 177 277 1)
(143717 115619 -12323.5 259 359 1)
(143720 29248.4 -137974 284 384 1)
(143724 18186.9 136761 444 544 1)
(143725 -38219.4 146807 106 206 1)
(143731 55383.5 -8251.99 482 582 1)
(143732 -58331.4 -1120.65 128 228 1)
(143736 -92484.6 -124833 95 195 1)
(143741 -32342.3 -47816.8 475 575 3)
(143746 -86438.6 93458.3 281 381 1)
(143771 38293.2 -127825 179 279 3)
(143776 -29121.7 113598 380 480 1)
(143778 3105.53 -144983 262 362 3)
(143780 53457.9 -70679.1 304 404 3)
(143784 -117748 -85772.8 518 618 3)
(143785 101941 53575.3 471 571 3)
(143789 14141.2 -39365.6 256 356 1)
(143793 -34114.8 76311.8 168 268 1)
(143800 -89524.2 -60522.5 374 474 1)
(143807 -124614 -58084.8 252 352 3)
(143823 -97551.2 -143171 584 684 3)
(143827 15045.3 -72502.1 126 226 3)
(143828 -8993.97 -2157.53 50 150 1)
(143831 -95586.8 -71621.1 278 378 1)
(143833 -38422 -48285.7 557 657 1)
(143840 -38041.6 -58421.7 110 210 3)
(143848 -9000.91 27035.5 53 153 1)
(143850 117914 -52502.6 618 718 3)
(143855 -48289.9 -44698.2 313 413 3)
(143856 35279.9 -131827 171 271 1)
(143863 52363.6 -74546.7 188 288 3)
(143865 9077 -72492.4 319 419 1)
(143875 88590.8 -43343.1 70 170 1)
(143876 1128.93 -3196.06 369 469 1)
(143884 -29119.7 -6203.81 583 683 1)
(143887 -58292.2 -64420.2 174 274 1)
(143888 -21839.5 26874.5 556 656 1)
(143891 19097.4 88362.2 192 292 1)
(143903 -43154.2 -120928 209 309 3)
(143910 -9844.55 -66462.8 380 480 3)
(143924 -4964.8 95494.7 473 573 1)
(143926 -9940.79 117731 392 492 1)
(143931 -88443.7 40102 151 251 1)
(143952 123747 -62488 258 358 1)
(143966 22155.1 138616 54 154 1)
(143974 -24053.4 -127993 549 649 1)
(143979 -91497.8 -102792 393 493 3)
(143985 -18823.6 -140725 96 196 1)
(143987 -21064 -85604.3 47 147 1)
(143991 -4946.93 -102711 57 157 3)
