(67012 -19063.1 -80701.8 558 658 1)
(67024 -52319.7 -1142.78 621 721 1)
(67029 -18075.6 55207.1 139 239 1)
(67032 -56267.7 -89626.9 147 247 1)
(67033 -69463.4 2806.95 400 500 1)
(67035 89.1782 103491 165 265 1)
(67038 47420.8 -116975 610 710 1)
(67039 27234.2 99430.6 69 169 1)
(67040 -86440.6 -49413 93 193 1)
(67048 -82844.5 103557 192 292 3)
(67053 88571.4 111532 57 157 1)
(67069 44.6323 -102714 499 599 1)
(67077 -25057.7 -117713 23 123 3)
(67079 63405.4 -132793 1 101 1)
(67080 -107720 40010 40 140 1)
(67081 10160 -17266.6 577 677 1)
(67088 -15165 -132033 213 313 3)
(67092 -42264.4 28043.9 449 549 1)
(67099 86588.5 63242.1 276 376 1)
(67106 27204.9 -119881 140 240 3)
(67108 63400.8 67341.4 219 319 3)
(67116 77464.5 -45358.1 26 126 1)
(67117 26223.2 96471.4 290 390 1)
(67118 -93576.1 -82691.6 528 628 3)
(67125 -36015.9 13953.7 21 121 1)
(67128 41316.8 -127874 298 398 1)
(67132 -6043.14 -32444.6 622 722 1)
(67136 -952.669 -23240.3 121 221 1)
(67137 -100595 -245.801 523 623 3)
(67145 52468.1 149650 24 124 1)
(67148 66546.8 122739 461 561 3)
(67154 -40191.8 -120924 346 446 1)
(67161 -104579 -10237.2 495 595 3)
(67168 65536.6 22048.5 127 227 1)
(67190 -79410.2 -3143.13 201 301 1)
(67198 96633.8 23004.7 11 111 1)
(67199 58435.9 -144087 403 503 1)
(67200 -9001.66 16975.1 280 380 1)
(67201 -61323.6 -98720.7 265 365 1)
(67210 -49315 56203.4 80 180 1)
(67217 96515.4 46165.7 185 285 1)
(67223 -44424.3 42162.7 27 127 3)
(67230 9119.59 -60553.5 242 342 3)
(67232 -30187.4 67299.6 471 571 1)
(67238 -80443.6 -125831 131 231 1)
(67243 50567.6 -71533.1 540 640 1)
(67246 -13016.1 -94724.6 321 421 1)
(67252 -44236.1 92710.9 627 727 1)
(67253 26202.3 -9203.31 408 508 1)
(67257 -73372.1 -63499.5 227 327 1)
(67259 -122753 -64569.3 475 575 1)
(67263 -98221.8 67040.7 46 146 1)
(67266 96757.8 111571 403 503 1)
(67272 20210.6 70327.3 627 727 1)
(67277 66483.4 -48415.5 92 192 3)
(67286 -24089 54203 552 652 1)
(67288 44398.1 -77703.1 615 715 3)
(67294 39312.3 -18239.5 323 423 3)
(67297 117878 14933.1 554 654 1)
(67305 -116587 2897.28 62 162 3)
(67312 53437.2 45149.6 597 697 1)
(67317 86603.9 18981.5 310 410 1)
(67318 78535 -116857 265 365 1)
(67332 78616 14848.5 233 333 1)
(67333 -36174.3 -21186.6 377 477 1)
(67346 19188.3 -116749 34 134 1)
(67347 -41131.9 -139951 196 296 1)
(67362 31186.6 -36366.3 172 272 1)
(67365 -35201.9 133918 463 563 1)
(67371 38206.6 -110717 33 133 1)
(67382 43330.8 888.951 364 464 1)
(67391 -2876.05 64330.2 360 460 1)
(67393 -123652 -75545 135 235 1)
(67399 -21050.3 -33453.3 524 624 1)
(67409 -31180 -52479.6 58 158 1)
(67411 -105566 5910.43 217 317 1)
(67413 -80355.2 -93041.9 173 273 1)
(67415 118789 -10285 176 276 1)
(67423 -48147.3 58175.7 152 252 1)
(67425 -95540.8 65306.5 272 372 1)
(67437 -91424.6 -148942 176 276 1)
(67443 -41066.9 -15346.5 566 666 1)
(67446 -10.9647 -64451.7 416 516 1)
(67450 79.8188 -78658.6 604 704 1)
(67455 19229.2 -112924 525 625 1)
(67458 -83433.8 80420.4 224 324 1)
(67469 95663.4 868.263 212 312 1)
(67473 -5988.89 -5144.71 41 141 1)
(67476 -74391.5 -125910 143 243 1)
(67477 -14101.1 79478.8 431 531 1)
(67480 -64459 3743.86 505 605 1)
(67481 19218.1 -58541.3 485 585 1)
(67487 -122713 12963.6 116 216 1)
(67497 -91528.8 -149035 259 359 3)
(67498 -105576 -32295.5 56 156 1)
(67501 -24141.8 -142359 419 519 3)
(67503 -90522.8 137762 429 529 1)
(67510 -29205.4 138704 430 530 1)
(67513 123900 -130022 511 611 1)
(67515 94620.3 46128.3 475 575 -1)
(67517 22197.6 89318.1 17 117 1)
(67523 26315.2 21271.3 412 512 3)
(67524 115878 -110789 185 285 1)
(67529 -71408.1 49234.9 330 430 1)
(67532 -20073.2 54151.3 45 145 1)
(67536 112712 -112815 233 333 3)
(67541 45420 139696 114 214 1)
(67543 52.6355 -90808.8 532 632 1)
(67550 -66400.8 77298.4 71 171 1)
(67587 57396.2 13945.1 365 465 1)
(67591 3099.36 -134038 460 560 1)
(67594 103735 -33401.2 366 466 1)
(67595 -92512.6 114634 458 558 1)
(67596 -76447.9 52178.1 335 435 1)
(67597 -74309.3 -136953 149 249 3)
(67607 -4956.82 29093.8 555 655 1)
(67624 15183.9 23011.9 178 278 3)
(67626 41367.6 76431.5 610 710 1)
(67633 50437.1 -134974 608 708 1)
(67646 1039.59 25039 417 517 1)
(67651 -113663 45155 376 476 3)
(67656 25196.7 98518.6 410 510 3)
(67660 -51318.6 141853 627 727 1)
(67668 -93489.3 -54488.4 321 421 1)
(67670 41318.7 77360.1 367 467 1)
(67684 62341.4 -145880 278 378 1)
(67687 -1954.4 125533 101 201 1)
(67693 -77425.4 68255.1 210 310 1)
(67694 10130 -17261.4 437 537 1)
(67696 -97594.7 -45472.8 421 521 1)
(67697 -58334.9 8723.6 16 116 3)
(67707 -33169 -105887 567 667 1)
(67709 -101576 -4133.63 223 323 1)
(67713 11197.3 75272.7 110 210 3)
(67716 -111693 -125034 614 714 1)
(67723 -75374 -53392 170 270 1)
(67736 113765 -103773 320 420 -1)
(67739 22136.2 22002.7 525 625 3)
(67743 52338 -23314.3 137 237 1)
(67748 -51200.4 75234.4 28 128 1)
(67755 -5000.58 -34405.3 565 665 1)
(67758 -51236.1 22002.8 149 249 1)
(67766 31288.8 -97644.9 551 651 1)
(67774 120769 -34297.9 526 626 1)
(67776 -3794.69 87431 320 420 1)
(67792 -44126.8 55234.7 606 706 3)
(67796 57446.1 -36394.2 510 610 1)
(67797 -48222.5 -117735 406 506 1)
(67798 108666 44133.2 119 219 1)
(67804 66611.9 129789 549 649 1)
(67805 13079.1 128842 624 724 1)
(67806 -120641 109481 140 240 1)
(67818 87668.5 33014.1 355 455 1)
(67820 71464.8 -79571.6 254 354 1)
(67833 91667.7 -80659.5 421 521 3)
(67836 -63306.2 122589 102 202 1)
(67837 -1945.88 83332.5 68 168 1)
(67841 31230.4 3909.36 212 312 1)
(67845 -87515 43153 439 539 1)
(67855 44331.7 -54460.4 254 354 1)
(67856 -25272.5 -46683.9 336 436 1)
(67858 56365.8 124641 434 534 1)
(67859 -120658 -77591.7 254 354 1)
(67862 15176.7 -102864 584 684 3)
(67869 -41228.6 83430.9 366 466 1)
(67870 90571.3 -36320 114 214 1)
(67873 66464.2 -89627 132 232 3)
(67880 -14018.7 27052.7 567 667 1)
(67886 -8067.13 -145933 4 104 1)
(67892 28179.8 -78583.9 348 448 1)
(67900 86655.7 -62581 370 470 1)
(67904 -116558 98316.8 25 125 1)
(67924 25203.6 -67506.9 149 249 3)
(67948 29289.9 -109980 579 679 1)
(67964 -10009.6 -84656.8 323 423 3)
(67967 -62329.4 31064.6 349 449 1)
(67974 46432 148023 550 650 1)
(67978 -92643.4 -94809.9 521 621 3)
(67985 -105580 -45419.1 266 366 1)
(67988 -68349.8 115545 321 421 1)
(67990 73403.4 -120981 452 552 1)
