(93003 5114.21 -58547 470 570 1)
(93016 -58210.5 -106683 1 93 3)
(93017 71507.6 -134042 565 665 1)
(93022 108626 135608 1 94 1)
(93025 -48366.7 84410.7 561 661 1)
(93027 -86457.2 122576 92 192 1)
(93032 -52304.2 95505.9 537 637 3)
(93033 107665 128726 93 193 1)
(93036 54358.6 -73540.3 129 229 3)
(93045 46275.3 -8183.94 82 182 1)
(93049 118777 -83667.4 123 223 1)
(93051 -5998.53 -2149.06 150 250 1)
(93057 35280.5 98476.7 265 365 1)
(93059 40328.5 141769 50 150 1)
(93064 67394.7 63258.4 160 260 1)
(93069 17206.6 85426.4 334 434 3)
(93070 56388.8 -14249.8 460 560 3)
(93073 -77466.4 -124929 405 505 3)
(93074 39350 -47413.9 421 521 1)
(93076 -17095.2 -50415.7 157 257 1)
(93086 107914 -53390.2 552 652 3)
(93087 59400.7 -59472.2 172 272 1)
(93088 108652 80539.2 317 417 1)
(93090 43305.7 -121855 246 346 1)
(93091 -38207.2 -40338.4 306 406 1)
(93095 -82468.1 -6181.36 406 506 1)
(93097 56477.9 -10165.5 601 701 1)
(93112 111698 37084.4 166 266 1)
(93114 -17742.3 -115139 548 648 1)
(93119 -67359.8 117704 603 703 1)
(93128 114850 107554 439 539 1)
(93130 87570.7 -36322.2 35 135 1)
(93134 -58274.4 -13269.8 282 382 1)
(93136 25187.2 139655 146 246 3)
(93139 -12012.1 -58445.5 102 202 1)
(93140 117817 143722 380 480 1)
(93145 -40207.8 -76671.5 452 552 1)
(93148 -30108.1 -65489.7 81 181 -1)
(93155 2983.49 -51358 88 188 3)
(93166 -4273.67 -32193.6 247 347 3)
(93175 63362.7 25006 14 114 1)
(93182 17081 22028.2 391 491 1)
(93187 74536 31061.4 393 493 3)
(93196 -62298.1 69357.9 171 271 1)
(93216 -96514.9 -19242.4 206 306 1)
(93217 113951 127744 611 711 1)
(93219 -88452.9 -59431.3 80 180 1)
(93227 -29102.6 -63491.5 209 309 1)
(93229 -60278.9 -74490.3 25 125 1)
(93234 57527.7 16974.3 562 662 1)
(93251 84833.1 61223.9 438 538 3)
(93257 -39202.1 -98822.6 536 636 1)
(93260 -28103.6 144667 34 134 1)
(93272 -19170.1 -8823.05 422 522 1)
(93277 -36131.5 -59448.8 70 170 1)
(93279 -108127 -139882 307 407 1)
(93290 85568.1 -41381.6 294 394 1)
(93298 41338.7 42126.5 55 155 1)
(93306 17165.7 23993.4 392 492 1)
(93311 -15962.1 -110974 599 699 1)
(93313 96719.5 -121901 405 505 1)
(93325 -55287 -113772 159 259 1)
(93327 16183.4 -95782.5 541 641 1)
(93333 -8994.27 -35351.1 265 365 1)
(93351 113973 141867 423 523 1)
(93353 -6969.82 -66495.7 257 357 1)
(93362 55473 59257.3 539 639 1)
(93365 48387.5 -143043 528 628 1)
(93367 73601.9 116792 590 690 1)
(93372 -52229.5 -51480.1 216 316 1)
(93382 66267.1 -25308.8 298 398 1)
(93393 115649 -86422.5 289 389 1)
(93394 -27071.2 -16269 329 429 1)
(93401 -82335 -137068 331 431 1)
(93406 -1946.87 73508.1 419 519 1)
(93409 -119588 -21251.2 93 193 1)
(93411 69668.4 18934.5 617 717 3)
(93412 -116709 -85722.4 485 585 1)
(93422 -119599 -38301.2 79 179 1)
(93424 38313.7 -145027 117 217 1)
(93427 112527 -66446.5 7 107 1)
(93429 20188.3 -75562.9 200 300 1)
(93452 20399.1 -104874 413 513 3)
(93454 -58304.3 -49403.8 506 606 3)
(93457 -24081 -143022 295 395 3)
(93459 -56354.2 -48539.6 595 695 1)
(93465 7095.12 -103752 246 346 1)
(93474 -9949.88 103630 357 457 1)
(93493 58425.8 139672 147 247 1)
(93510 27135.6 68325.4 397 497 1)
(93521 -94518.9 -120875 299 399 3)
(93522 -38935.1 103839 581 681 1)
(93528 38361.8 -20267.8 488 588 1)
(93536 34303.3 -130019 487 587 1)
(93543 48370.8 135654 117 217 3)
(93552 3091.17 -53535.4 604 704 3)
(93555 -48315.1 -134928 332 432 1)
(93558 28150.2 149683 89 189 3)
(93562 61.5652 -83862.1 473 573 1)
(93563 -15047.8 -132115 551 651 3)
(93565 -57133.9 -141157 162 262 1)
(93584 5083.1 -27342.8 592 692 1)
(93590 -11971.5 -28275.9 558 658 3)
(93593 -1727.16 -124073 494 594 1)
(93594 10168.8 107514 572 672 1)
(93605 -123734 51208.1 534 634 1)
(93609 -76384.2 74288.7 1 95 1)
(93620 -111522 -82478.9 1 94 1)
(93622 54433.7 54156 35 135 1)
(93633 23232.9 14980.6 506 606 1)
(93644 3117.97 -110850 331 431 1)
(93669 -81180 -101643 35 135 3)
(93670 -947.814 -131823 78 178 1)
(93675 -42163.6 50231.8 62 162 1)
(93679 -88534.4 -47414 413 513 1)
(93686 5093.61 41156.7 362 462 1)
(93687 -42274.9 -84630.3 561 661 1)
(93688 -18073.6 -52570.3 270 370 3)
(93693 3987.56 141688 1 99 1)
(93695 -92379.2 -59417.5 24 124 1)
(93697 14164.7 -8187.02 101 201 3)
(93699 72348.2 -65189.8 157 257 1)
(93700 -43188.9 -108901 520 620 1)
(93720 -7111.58 -11267.7 373 473 1)
(93730 72524.9 -144021 338 438 1)
(93731 -50313.9 17988.3 370 470 1)
(93733 -56302.9 -46416.3 451 551 3)
(93745 104688 -116756 319 419 3)
(93755 -48249.1 14907.3 105 205 1)
(93758 46292.7 20991 32 132 3)
(93763 -10947.8 -34240.8 89 189 1)
(93770 25247.2 -14238 123 223 1)
(93798 40240.6 -77527.3 18 118 1)
(93800 78597.8 22004.9 302 402 1)
(93804 87650.2 96399.3 437 537 3)
(93806 -114544 102448 296 396 1)
(93819 -30116.6 -38357 187 287 3)
(93821 -21054.6 -59496.3 288 388 1)
(93825 24151.4 -102935 465 565 1)
(93826 -2910.61 57249 424 524 1)
(93833 -54352.2 -96768.3 431 531 1)
(93841 -45239 -86707.5 452 552 1)
(93844 -113631 -63655.6 421 521 1)
(93852 38251.7 3912.85 1 95 1)
(93853 -38205.3 -80520.7 27 127 1)
(93859 -101539 -139998 341 441 1)
(93863 66442.9 -2145.31 193 293 1)
(93870 -5994.7 -2119.57 224 324 1)
(93876 57463 54203.4 620 720 3)
(93883 16969.7 20920.3 605 705 1)
(93894 44358.2 -82234.2 441 541 1)
(93896 42373.5 90430.3 340 440 1)
(93903 30268.8 -107615 125 225 3)
(93905 -14000.1 -147987 298 398 3)
(93909 24219.1 -21255.4 346 446 1)
(93919 99609.3 -142896 60 160 1)
(93924 94874.9 -88603.2 622 722 1)
(93926 -34121.1 -139943 296 396 1)
(93947 -45238.6 -63569.6 488 588 1)
(93954 -81541.8 122802 389 489 1)
(93955 78608.4 68338.7 505 605 1)
(93963 -1906.38 -114898 507 607 1)
(93965 -35131.3 79316.3 183 283 1)
(93977 -76449.6 -148207 519 619 1)
(93985 48379.9 -148084 399 499 1)
(93993 -107672 -135009 412 512 1)
(93998 -5707.49 -77657.3 339 439 1)
