(31001 118690 -71400.9 506 606 3)
(31002 -81558.9 -74854.3 102 202 1)
(31007 -112670 74357.7 569 669 1)
(31009 24207.4 -2106.89 25 125 1)
(31019 31327.8 -141068 307 407 3)
(31021 1088.62 23021.4 44 144 3)
(31025 123728 -2134.02 66 166 3)
(31026 -52298 33183.5 25 125 3)
(31027 77677.3 -88724.7 505 605 1)
(31045 107652 55171.2 53 153 3)
(31048 -43222.9 -38389.7 445 545 1)
(31051 -11862 71271.8 158 258 1)
(31053 -87629.9 -71307 613 713 3)
(31055 76675.5 124844 516 616 1)
(31059 -77349.1 -134847 181 281 1)
(31068 -33114.4 40115.6 299 399 1)
(31072 -10001.3 -25295.6 62 162 1)
(31073 48666.1 19010.1 183 283 1)
(31084 38234.6 128686 255 355 1)
(31091 -23062.6 -111724 19 119 1)
(31098 -45246.2 -28339.6 190 290 1)
(31101 -113700 -113902 468 568 3)
(31107 -40158.9 -63530.4 211 311 1)
(31113 6155.46 -23265.1 7 107 1)
(31122 3095.42 17966.3 596 696 1)
(31124 -27095.8 143742 87 187 1)
(31126 -26063.9 -133976 277 377 1)
(31127 -57322.5 -96704.9 526 626 1)
(31129 8185.92 149064 623 723 3)
(31132 6941.39 -84767.9 123 223 1)
(31146 59269.4 -31435.5 3 103 1)
(31149 46330.1 85360.6 146 246 1)
(31160 -92538 49247 610 710 1)
(31162 -77490.2 110670 629 729 1)
(31170 36453.1 70234.3 87 187 1)
(31173 -55366.1 -49392.4 353 453 1)
(31178 -114720 104481 188 288 1)
(31179 -6947.8 -65620.7 393 493 1)
(31201 -76446 -55488.7 487 587 1)
(31205 85.1437 23969.5 570 670 1)
(31207 -24085.9 67277.1 7 107 1)
(31216 59493.2 -14252 480 580 1)
(31220 43354.1 -108867 548 648 1)
(31224 108507 109655 416 516 1)
(31232 4091.96 -138062 470 570 1)
(31239 -18046.2 -148081 362 462 1)
(31246 -16029.8 -52412.9 141 241 1)
(31247 -34336.5 -138048 464 564 1)
(31248 -9988.37 73300.1 173 273 1)
(31251 72618.6 86449.1 524 624 1)
(31259 -74204.1 50084.2 400 500 1)
(31265 39357.9 86427.3 599 699 1)
(31268 121715 -48379.9 60 160 1)
(31279 102877 85442.7 581 681 1)
(31283 -43225.1 79359.6 457 557 1)
(31286 2096.37 -14221.2 380 480 3)
(31287 54475 -64633.9 68 168 1)
(31299 -124710 -119933 290 390 1)
(31305 -49286.3 40145 525 625 1)
(31308 65.35 79359.9 311 411 1)
(31314 114054 -21483.7 521 621 1)
(31321 -60306.7 28089.7 305 405 1)
(31322 19235.7 -116995 602 702 3)
(31331 -57659.6 -54406.1 39 139 1)
(31344 70458.9 -98707.4 253 353 1)
(31349 -5972.81 64296 41 141 1)
(31350 -2098.98 -124897 351 451 1)
(31353 -23086 -9195.81 383 483 1)
(31360 49371.5 -69573.2 350 450 1)
(31362 -26101.4 -64566.8 445 545 1)
(31363 18450.7 28122.7 439 539 1)
(31364 -112725 137815 587 687 1)
(31365 124719 -75565.2 66 166 1)
(31367 -90494.1 61251.9 336 436 1)
(31368 -86619.7 -14252.3 613 713 1)
(31370 5130.66 -77555.5 173 273 3)
(31375 -65367.9 59253.9 376 476 1)
(31393 32310.7 47165.8 538 638 1)
(31394 -104594 -67440.7 86 186 1)
(31397 100706 -9195.66 344 444 1)
(31405 -63453.3 40968.9 619 719 1)
(31406 47396.3 -118861 282 382 1)
(31424 63565.5 -42432.8 215 315 3)
(31426 61456.5 -16230.5 267 367 1)
(31433 -4124.94 136683 318 418 3)
(31438 71630 52061.6 360 460 1)
(31439 -59402.7 -78629.9 425 525 1)
(31440 -73394.8 -47417.6 403 503 1)
(31442 -100647 -95744.8 426 526 1)
(31443 -31129.1 85390.8 183 283 1)
(31446 -88609.7 -122710 92 192 3)
(31448 58460.5 107679 474 574 1)
(31453 57377.3 -135858 78 178 1)
(31455 -26072 46146.9 19 119 1)
(31456 -114612 -13206.6 302 402 1)
(31457 -123602 -88636.1 29 129 1)
(31470 10124.6 -130884 120 220 1)
(31478 39313.1 -81669 362 462 1)
(31481 5924.4 -46313.5 224 324 1)
(31485 -102651 50193.3 551 651 -1)
(31491 1023.19 -80587.5 177 277 3)
(31507 113630 -142891 43 143 1)
(31520 -29091.8 -67594.4 453 553 1)
(31521 -74443.5 -96873 570 670 3)
(31527 -16051.6 -89809.9 578 678 1)
(31539 -29089.2 116631 479 579 3)
(31544 -30096.2 -73515.3 38 138 1)
(31545 -39150.3 -53440.2 34 134 3)
(31556 66631 128739 452 552 3)
(31561 -118879 2036.38 137 237 1)
(31569 114741 -25191.2 8 108 1)
(31578 96704.6 137789 467 567 1)
(31590 87410.4 13991.7 1 93 1)
(31591 -91504 -100791 465 565 1)
(31599 85517.5 -137857 39 139 1)
(31603 89613.3 -101716 284 384 3)
(31605 77680.3 -101807 620 720 3)
(31606 45266.9 12974.7 513 613 1)
(31607 -10026.9 84556.3 455 555 1)
(31609 -18051.3 -61567 587 687 1)
(31610 28161.2 -140761 160 260 1)
(31616 -55074.1 100600 55 155 1)
(31626 -73387.1 -97716.4 242 342 3)
(31627 49408.6 -89730.4 487 587 3)
(31629 57433.1 11928.3 372 472 1)
(31636 -28185.9 2049.68 160 260 1)
(31641 -28075.7 -145090 480 580 1)
(31644 45373 -52586.2 613 713 3)
(31650 -75434.1 -72601.3 364 464 3)
(31653 -46053.7 107448 94 194 1)
(31657 -72354.4 -39357 68 168 1)
(31661 11209.5 -144137 571 671 1)
(31670 -114677 -63542.9 415 515 1)
(31683 -35140.6 42119.9 172 272 1)
(31692 -41262.3 24830.6 162 262 1)
(31696 -41200.2 83402.6 353 453 1)
(31697 34326.6 -72485.5 83 183 3)
(31700 -106663 -119985 579 679 1)
(31702 -63296.7 -90596.4 1 93 1)
(31708 14186.8 6899.82 474 574 1)
(31711 86717.6 143874 359 459 1)
(31718 -18210.6 -52536 64 164 1)
(31724 -56242.6 131884 582 682 3)
(31725 -56264.9 131634 262 362 1)
(31738 13160 81310.8 203 303 1)
(31752 48430 22035.7 547 647 3)
(31762 -113679 67273.3 477 577 3)
(31769 -93449.9 22016.5 41 141 1)
(31778 -42220.9 -35363.6 456 556 1)
(31786 -8999.36 -44362.6 59 159 1)
(31790 47188.7 117620 132 232 1)
(31791 -98745.4 -31460.5 586 686 1)
(31807 -32152.4 -18276.5 573 673 1)
(31809 -89436 32159.2 39 139 1)
(31817 7109.66 -85668 331 431 3)
(31819 27215.4 -145025 311 411 1)
(31820 82441.7 -95832.1 281 381 3)
(31837 -55280.1 -132003 467 567 1)
(31841 108593 -9188.96 186 286 1)
(31844 75592 35088.8 573 673 1)
(31847 58445.1 -14231 424 524 1)
(31848 65426.1 37170.4 430 530 3)
(31853 86658.9 -86737.9 524 624 1)
(31855 71557.7 131698 291 391 1)
(31874 -915.342 -76567.5 205 305 3)
(31879 -20103.1 97543.3 462 562 1)
(31882 44315.5 28091.6 345 445 1)
(31883 -26127.8 -82564 196 296 1)
(31885 15135.7 110484 27 127 1)
(31890 -94577 -66606.7 550 650 1)
(31900 -102683 148976 609 709 1)
(31908 -48472.6 -130955 518 618 1)
(31910 -57305 75383.1 414 514 1)
(31921 -28079.9 -102769 341 441 1)
(31927 -3932.94 -125721 137 237 3)
(31929 -27188.8 -108059 499 599 1)
(31930 -29044.8 72304.3 208 308 1)
(31942 -14064.7 47187.3 371 471 1)
(31946 -21056.5 -93659.5 207 307 1)
(31954 105680 -39436.7 404 504 1)
(31955 -11998 20040.5 188 288 1)
(31964 89563.8 -35343.9 369 469 1)
(31965 -46202.5 -90650.9 183 283 1)
(31969 3066.06 -16228.7 292 392 1)
(31976 51588.6 -114856 254 354 1)
(31982 -56281.8 -15186.5 237 337 1)
(31988 -57338.6 -84738.5 494 594 3)
