(48001 -33234.5 -140076 537 637 1)
(48006 -56160.4 111988 402 502 1)
(48008 5156.54 -10184.3 51 151 1)
(48010 -38210.9 33136.7 230 330 1)
(48013 2111.43 98407.7 245 345 1)
(48029 -30229.4 -73486.9 96 196 1)
(48030 -42199.2 132787 556 656 3)
(48033 105813 121538 282 382 3)
(48056 -18091.5 -26459.2 314 414 1)
(48058 58526.7 95466.3 259 359 1)
(48067 29308.1 38079.9 324 424 3)
(48073 -54160.3 77342.4 14 114 1)
(48080 50428.3 -93809.3 581 681 3)
(48083 -50242.4 28144 554 654 1)
(48099 -119612 98474.4 45 145 3)
(48102 -52289.9 -118965 478 578 1)
(48109 -22103.2 27069.9 627 727 3)
(48111 -10000.2 -31360.7 347 447 1)
(48114 51498.6 -148013 251 351 1)
(48115 46372.4 -47437.9 153 253 3)
(48133 3893.81 35462.7 118 218 3)
(48139 -90467 -7297.53 455 555 1)
(48144 67549.6 89530.3 586 686 1)
(48150 23177 -72613.4 444 544 1)
(48153 -65310.9 -75543.7 126 226 3)
(48154 39281.5 -144897 81 181 1)
(48156 -14065 -131842 24 124 1)
(48157 30239.2 -79748.3 278 378 1)
(48159 13196.8 28972 89 189 1)
(48162 -35203.2 -15358.7 520 620 3)
(48164 39325.2 10921.8 300 400 3)
(48176 -38223.5 -102892 628 728 1)
(48177 -108718 -42522.6 384 484 1)
(48178 21164.4 135572 186 286 1)
(48186 60567.1 -13217.2 503 603 1)
(48189 46320.9 55236.9 421 521 1)
(48199 40225.8 43240.5 20 120 1)
(48210 93619.8 -8186.27 236 336 1)
(48211 -20017 6745.63 192 292 1)
(48215 -9988.76 21030.9 590 690 1)
(48221 -59347.5 144894 585 685 3)
(48224 11142 -112798 267 367 1)
(48240 50268 -126919 465 565 1)
(48242 20199.5 -123885 202 302 3)
(48265 -12008.8 31035.8 433 533 1)
(48272 -110621 28086.7 527 627 1)
(48273 -925.315 -132136 588 688 1)
(48279 36265.4 -27270.7 101 201 1)
(48280 99825.5 -111050 537 637 3)
(48281 111857 -30258.7 47 147 1)
(48288 -15993 54126.5 620 720 1)
(48292 71408.3 -117733 19 119 1)
(48297 20355.5 14237.9 371 471 1)
(48300 32309.8 -38420.5 497 597 1)
(48307 -62316.8 -113442 501 601 3)
(48311 -71386.9 -5165.48 331 431 1)
(48313 -56309.5 -57528.9 543 643 1)
(48334 -21105.8 95527 516 616 1)
(48338 -84390.9 -15110.8 31 131 1)
(48339 91537.3 -104619 26 126 1)
(48340 -111728 6946.06 556 656 1)
(48349 45320.8 -99726.3 178 278 3)
(48358 -27184.5 -111735 35 135 1)
(48369 -50160.5 -10187.7 31 131 1)
(48374 18165 -48364.3 14 114 1)
(48380 -97604 -66612.8 555 655 1)
(48381 -45164.9 -114716 1 100 1)
(48387 -23110.8 27060.5 422 522 1)
(48388 -122836 24108.8 309 409 1)
(48390 -106579 -78639.5 265 365 1)
(48391 42251.8 36185.9 588 688 1)
(48398 21188.5 49148.7 116 216 1)
(48402 11154.5 -121954 490 590 1)
(48403 1968.55 -106745 65 165 1)
(48406 -98629.6 -32339 482 582 1)
(48408 -47197.9 -82682.5 425 525 1)
(48417 -70499.2 34386.9 604 704 3)
(48420 18220.6 -111834 270 370 1)
(48423 -122642 81344.1 137 237 1)
(48430 3042.15 -12263.6 208 308 1)
(48435 -62860 -88660.5 398 498 3)
(48439 -44258 -101759 394 494 1)
(48442 31237.4 70314.2 218 318 1)
(48455 4084.23 -1131.99 227 327 1)
(48481 -40192.9 -59446.4 42 142 1)
(48486 -117456 55894.1 210 310 3)
(48493 -74476.6 -89723.1 483 583 1)
(48495 19173.9 139825 615 715 1)
(48514 -50216.3 145695 105 205 1)
(48515 115807 -46444 344 444 1)
(48519 90668.4 45069.6 489 589 3)
(48525 89629.2 122682 453 553 3)
(48528 -25091.1 -67467.3 52 152 3)
(48530 58325.3 9939.21 88 188 3)
(48531 -15788.6 -1029.79 579 679 1)
(48538 33311.3 52210 606 706 1)
(48543 38325.3 -48461.5 176 276 3)
(48547 -2967.87 19031 430 530 3)
(48550 -35361.6 -24071.4 114 214 3)
(48551 -35161.4 -26283.5 327 427 1)
(48554 69599.6 -42350 389 489 1)
(48555 11963.5 54167.2 493 593 1)
(48565 64502.4 -87728.5 359 459 1)
(48567 -68425 -59530.9 312 412 1)
(48572 109830 51167.9 386 486 3)
(48573 -65308.8 52188.7 216 316 3)
(48584 79529.1 -107744 324 424 1)
(48587 -57285.6 -91720.6 142 242 1)
(48589 7072.76 114622 407 507 1)
(48605 31127.9 -15128.4 328 428 1)
(48608 -27092.8 -54431.7 161 261 1)
(48614 -118954 1565.8 267 367 1)
(48616 4087.33 57236.3 44 144 3)
(48618 -10003.6 -80566.8 88 188 1)
(48635 -29012.4 -6183.34 106 206 1)
(48636 -49232 77410.3 406 506 1)
(48639 26334.8 -54557 498 598 1)
(48643 -7009.8 -96682.6 22 122 3)
(48648 39286.7 82421.2 214 314 1)
(48652 4230.51 -82227.6 489 589 1)
(48659 81551.3 131674 271 371 3)
(48661 -21058.1 -115854 339 439 3)
(48663 35838.4 -64316.5 270 370 1)
(48666 -114591 -97673.8 117 217 1)
(48671 -25137.5 -111935 605 705 3)
(48676 -113658 -46434.2 317 417 1)
(48678 -32142 -99674.9 191 291 3)
(48690 -85453.7 -46284.9 144 244 1)
(48712 -81459 -41300.1 46 146 3)
(48715 78449.6 -120256 476 576 1)
(48724 67830.1 80406 443 543 1)
(48737 -9077.53 124842 574 674 3)
(48739 54407.6 73362.4 362 462 1)
(48741 -37090.1 58179.1 85 185 1)
(48743 37172.8 -135883 173 273 1)
(48751 -114735 -128988 443 543 1)
(48757 -65365.8 -55622.2 583 683 1)
(48760 8140.75 -122899 507 607 1)
(48764 -27122.2 -114969 623 723 -1)
(48768 -32127.2 8944.86 273 373 1)
(48771 -21174.8 -4178.62 524 624 3)
(48773 50216 -29412.8 57 157 3)
(48777 102653 -149012 203 303 1)
(48789 -89631.5 -56405.1 215 315 1)
(48795 101706 -130954 334 434 1)
(48800 -101632 -126059 414 514 3)
(48806 -36162.2 -79619.3 302 402 1)
(48838 -96486.4 -77570.8 150 250 1)
(48843 -123639 8934.77 304 404 3)
(48853 28469.2 -97800.8 555 655 1)
(48866 2079.82 109650 516 616 3)
(48867 99763.9 66318.8 602 702 1)
(48876 71586.3 -4180.4 629 729 3)
(48891 -59288.9 -3121.99 172 272 1)
(48892 -16012.2 -123936 536 636 1)
(48893 -25127.1 -111796 282 382 1)
(48898 -46241.1 40133.2 526 626 1)
(48909 -82431 -67506.3 209 309 3)
(48919 -80411.2 -88696.4 335 435 3)
(48921 103693 -65525.9 419 519 3)
(48924 91464.9 -83653.1 274 374 1)
(48931 -88168.5 -22251.6 54 154 1)
(48948 -8968.22 36087.6 209 309 -1)
(48959 -62088.6 -71746.2 600 700 1)
(48968 44374.3 -63771.6 578 678 1)
(48972 -84511.9 -38383.6 524 624 1)
(48973 21192.3 -20247.6 322 422 1)
(48975 -103552 -94542.9 56 156 1)
(48988 42220 -121750 214 314 1)
(48990 37275.1 -37312 95 195 1)
(48993 -91462.3 -86610.2 194 294 1)
