(164002 -103669 -116880 518 618 1)
(164014 -86474.5 -70591.3 295 395 1)
(164015 -88459.4 -24123.6 529 629 1)
(164032 29250.6 82350.8 160 260 1)
(164039 -18853.8 -2376.65 625 725 1)
(164050 20222.2 -105743 7 107 1)
(164052 4072.65 -39330 100 200 1)
(164053 -62360.8 -95787 457 557 1)
(164055 23211.5 -27325.7 426 526 1)
(164061 13062 -147141 530 630 3)
(164063 33275.3 -48369.1 73 173 1)
(164073 8130.72 -27277.2 135 235 1)
(164074 32355.2 -70598.9 480 580 1)
(164076 78505.1 -70589.5 359 459 1)
(164084 -50386.2 116775 599 699 1)
(164088 -69390 1871.51 371 471 1)
(164089 -1942.78 107694 588 688 1)
(164092 -17004.2 73225 86 186 1)
(164099 51385.2 -64535.9 328 428 1)
(164102 -77416.8 105560 326 426 1)
(164103 52517.8 -91832.6 404 504 1)
(164105 60343.1 -141148 244 344 3)
(164109 72514.9 53208.5 305 405 1)
(164124 3165.51 -102729 120 220 1)
(164130 -77484.9 -66562.2 507 607 1)
(164139 -10022.9 -1159.11 47 147 1)
(164140 14066 -149964 246 346 3)
(164148 64530.2 -59536 284 384 0)
(164149 -5966.22 -79644.8 326 426 1)
(164150 -113530 114506 323 423 1)
(164169 -46354.3 -92790.1 299 399 1)
(164171 -43572.9 97633.2 264 364 3)
(164174 111846 -32374.4 541 641 1)
(164179 93811.7 -49452.8 531 631 1)
(164188 37348.2 90481.6 559 659 1)
(164189 82635.8 133822 595 695 3)
(164192 64519.8 115659 551 651 1)
(164198 -51236.1 -32296.8 104 204 1)
(164200 -96645.6 68365.1 511 611 1)
(164203 16182.9 18987 484 584 1)
(164205 -23116.1 26021.2 436 536 1)
(164210 -39338 -56714.5 528 628 1)
(164211 1101.19 139698 101 201 3)
(164225 -22128.9 -99724.8 527 627 3)
(164226 81568.5 43173.6 368 468 3)
(164227 -17059.7 -84897.7 618 718 1)
(164248 -904.273 1845.87 586 686 3)
(164250 24125.3 -127844 331 431 1)
(164253 2078.67 81360.3 275 375 1)
(164255 4093.61 -35346.1 179 279 1)
(164257 77654.9 144774 26 126 1)
(164261 -2971.89 -85714 502 602 1)
(164267 -40184.9 52172.3 51 151 1)
(164271 -97534 -57388.6 157 257 1)
(164272 -90540 -17230.3 326 426 3)
(164277 45332.2 -90668.9 253 353 1)
(164281 -28090.3 -138845 1 93 1)
(164294 36318.8 -98755.4 332 432 1)
(164296 -45279.2 -71568.4 132 232 1)
(164297 42486.7 -47125.6 186 286 3)
(164299 74445.4 24016 141 241 1)
(164302 54352.9 -45286.8 332 432 1)
(164308 -93602.5 39057.6 434 534 1)
(164311 38281.9 16988.6 133 233 1)
(164312 41440.3 85457.1 470 570 3)
(164318 108776 -22281.6 423 523 1)
(164322 -6962.63 -84670 559 659 1)
(164339 59426.3 143802 432 532 1)
(164341 24194.8 33051.9 44 144 1)
(164353 -20051.4 -123870 243 343 1)
(164355 -123680 -34308.9 227 327 3)
(164356 58486.1 -130066 512 612 1)
(164366 -1930.38 -41412.5 332 432 1)
(164368 55473.6 112629 472 572 3)
(164370 -84527.8 -104910 573 673 1)
(164372 -65082.3 140603 21 121 1)
(164387 -114879 -63531.6 549 649 1)
(164390 18215 -6135.72 39 139 3)
(164394 -40221.7 88468.7 506 606 1)
(164395 59289.4 -54637.3 334 434 1)
(164403 27215.9 39109.6 314 414 3)
(164421 90531.8 142631 9 109 1)
(164424 73513.4 -9240.24 274 374 1)
(164433 -58356.3 85352.3 424 524 1)
(164443 119697 -85592.2 56 156 1)
(164448 -68387.9 -25438.8 436 536 3)
(164449 27185.4 42142.2 1 97 1)
(164451 -82463.3 -61429.6 102 202 1)
(164460 -82237.3 -13314.8 243 343 3)
(164462 -73372.6 -114823 265 365 1)
(164465 -112461 130921 288 388 3)
(164467 -34156.4 -83603.2 155 255 1)
(164479 59493 -37414.7 615 715 3)
(164484 66538 13947.1 603 703 1)
(164491 -82420 -129875 173 273 1)
(164492 48356.1 42052.1 529 629 3)
(164493 76549.7 -39365.4 35 135 1)
(164498 -56257.9 -16243 102 202 1)
(164500 100749 77354.5 274 374 3)
(164506 -3961.34 123625 273 373 1)
(164511 64437 -19231.3 247 347 1)
(164519 84628.1 125607 392 492 1)
(164522 112846 42.6273 235 335 1)
(164529 41357.9 112624 483 583 1)
(164537 -18057.7 -136017 182 282 1)
(164545 -40214.8 -123768 1 101 1)
(164565 11128.8 -3157.63 299 399 3)
(164570 84390.5 18018.5 118 218 1)
(164571 -33143.7 89436.1 240 340 1)
(164578 48459 -53518.3 573 673 1)
(164586 -108652 30044.9 445 545 3)
(164591 106610 -102747 75 175 1)
(164622 34247 -50394.7 92 192 1)
(164624 12240.4 -5914.45 331 431 1)
(164626 30272.9 -76675.8 494 594 1)
(164634 37284.2 -93682.6 248 348 1)
(164641 121900 78403.1 551 651 3)
(164650 41357.2 -108894 547 647 1)
(164658 -39148.6 -12296.6 529 629 1)
(164664 61463.6 35093 418 518 1)
(164677 -116627 -115037 492 592 1)
(164684 -118710 37069.7 471 571 1)
(164702 -39199 -87746.3 524 624 1)
(164703 -38179.4 -18280.1 434 534 1)
(164705 82462.1 74139.4 291 391 3)
(164708 106726 -40294.4 343 443 3)
(164713 110824 -38387.8 553 653 1)
(164728 -79881.6 -65595.8 145 245 1)
(164731 16102.3 -73600.2 429 529 1)
(164732 3084.8 -88653.5 306 406 1)
(164733 -30825.3 -42376.7 255 355 1)
(164742 117726 -90644.4 83 183 1)
(164744 31278.3 1867.69 518 618 3)
(164746 -10109.2 -107650 269 369 1)
(164749 53359.1 62240.1 116 216 1)
(164755 -35181.6 -37326.3 228 328 1)
(164757 -928.049 47227 382 482 3)
(164759 -59242.2 49123.7 34 134 1)
(164767 -65397 70248.9 550 650 1)
(164780 -26110.8 105607 605 705 1)
(164783 -99672.1 -93951.9 428 528 1)
(164791 23199.6 82368.5 413 513 1)
(164793 -99534.3 -126773 63 163 1)
(164798 83789.7 -9228.24 585 685 1)
(164800 -21027.4 -33232.8 178 278 1)
(164805 14138 82346.8 351 451 1)
(164807 -63310 -100682 125 225 1)
(164810 30492.1 57930.9 539 639 1)
(164811 88625.7 101584 275 375 1)
(164818 -30117.2 -22245.9 105 205 1)
(164820 -109559 27045.5 376 476 1)
(164824 123991 -39405.6 604 704 1)
(164826 37097.6 125643 250 350 1)
(164831 -93480.6 -21255.9 10 110 1)
(164832 71475.7 4864.58 243 343 1)
(164838 -21028.2 -112733 363 463 1)
(164841 45295.7 -65458.6 25 125 1)
(164850 6118.25 -14242.9 495 595 3)
(164862 73526.2 -54475 320 420 1)
(164863 16161.7 -11182.1 157 257 1)
(164880 22222.1 109550 325 425 3)
(164889 100753 -79651.4 427 527 1)
(164900 -46241.4 6878.93 410 510 1)
(164901 -13959.1 11055.1 305 405 1)
(164925 -18177.7 -41372.4 371 471 1)
(164929 48407.7 -47463.9 192 292 3)
(164930 97745.2 23040.4 607 707 3)
(164932 -32113.1 -101651 11 111 1)
(164934 -62365.3 -19262 503 603 1)
(164939 78500 -100683 118 218 1)
(164957 86706.2 -99840.3 476 576 3)
(164959 50436.5 -35318.8 279 379 1)
(164972 -68428.8 -22228.7 204 304 1)
(164977 -76383.1 -90668.7 234 334 1)
(164978 27271.7 -34353.6 61 161 3)
(164981 9198.3 138927 330 430 1)
(164986 32360.3 -90740.3 516 616 1)
(164989 -102536 -109797 251 351 3)
(164996 57395.7 -29258.2 63 163 1)
