(123006 -10075.9 56222.9 45 145 3)
(123015 30273.9 1868.68 452 552 1)
(123017 36156.7 -18330.2 175 275 1)
(123026 106814 -46474.9 558 658 3)
(123031 16400.4 -107666 394 494 1)
(123035 -64347.7 7820.57 315 415 1)
(123037 23219.8 33079.5 421 521 1)
(123039 -81469.2 -82853.9 565 665 1)
(123045 -43224.5 -82691.8 468 568 3)
(123053 23023.1 -69759 356 456 1)
(123055 -105666 -145081 235 335 1)
(123056 12110.6 -17216.8 201 301 3)
(123065 114637 138650 62 162 1)
(123069 32254.7 -103756 277 377 1)
(123071 46385 -104883 539 639 1)
(123072 -67379.6 -20162 53 153 1)
(123073 35313.6 56249 588 688 1)
(123074 104659 47126.4 187 287 1)
(123086 -84377.8 32115.9 584 684 1)
(123091 50380.6 -124914 394 494 1)
(123098 33396.7 63311.8 451 551 1)
(123102 123943 79530.4 599 699 1)
(123105 104670 -98715.6 251 351 1)
(123106 -45238.1 -29355 548 648 1)
(123109 71510.8 133754 479 579 1)
(123110 -40307.8 -13274.2 351 451 1)
(123121 -74361.3 -78635.9 178 278 3)
(123128 65578.2 54284.6 232 332 1)
(123132 -60453.6 54221.2 358 458 1)
(123137 7122.74 -19314.4 453 553 1)
(123139 24226.7 -140022 418 518 1)
(123157 -103618 108611 370 470 1)
(123162 -86500.9 39121.1 454 554 1)
(123164 -119690 -126982 395 495 1)
(123167 -112716 -14270.9 576 676 1)
(123173 7130.72 134755 370 470 1)
(123180 -92540.3 -21261.7 380 480 1)
(123203 -113624 -92705.4 266 366 1)
(123204 101703 50195.8 341 441 1)
(123207 -111591 -37373.2 520 620 1)
(123209 70479.1 -59273.7 401 501 1)
(123230 -52295.2 138731 230 330 1)
(123233 -52292 1941.69 582 682 1)
(123235 -44020.5 -8266.32 1 100 1)
(123237 -28096.8 -87715.6 543 643 1)
(123247 62439.6 -66522.5 231 331 1)
(123250 67384.4 107499 33 133 1)
(123259 22187.3 -8143.41 208 308 1)
(123263 -51239.7 97446.2 193 293 3)
(123272 60438.9 147804 351 451 1)
(123273 14175.3 -24399.5 396 496 3)
(123280 63442.2 -53234.6 5 105 1)
(123297 101627 127578 44 144 1)
(123301 -120625 77325.7 17 117 1)
(123314 32279 -120948 474 574 1)
(123340 -103545 37095.6 189 289 1)
(123347 97712.4 -145109 480 580 1)
(123348 87475.2 -63497.1 212 312 1)
(123354 -23094.3 16958.4 264 364 1)
(123359 -47304.5 120697 492 592 1)
(123370 68520.5 -66574.2 431 531 1)
(123373 93708.7 59300.6 389 489 1)
(123374 109647 134595 60 160 1)
(123380 -67327.1 30053.6 71 171 1)
(123391 -122725 57248.5 464 564 3)
(123402 -30149.6 109610 457 557 3)
(123407 63718.6 -108946 526 626 3)
(123409 -51274.2 -1139.02 427 527 3)
(123410 -86459.3 4660.15 494 594 1)
(123426 -35209.3 128763 626 726 1)
(123428 -42218.8 -78611.2 286 386 1)
(123437 -64402.2 146907 475 575 1)
(123439 65.5581 -1130.01 85 185 1)
(123447 100610 98525.5 218 318 1)
(123461 21279.9 -66534.2 216 316 1)
(123465 -11181.1 -92612.4 285 385 1)
(123474 -25067.5 -66456.2 158 258 1)
(123479 -61341.9 -106843 473 573 1)
(123486 -82475.8 -104792 606 706 3)
(123488 -64373.3 106572 312 412 3)
(123489 -97794.7 -48491.2 607 707 1)
(123495 -120637 -110748 413 513 1)
(123500 -56313.7 92494 491 591 3)
(123504 -72313.3 -41343.4 182 282 1)
(123506 -63404.9 -67629.2 408 508 1)
(123511 -37152.6 2594.48 241 341 1)
(123519 199.162 -54503.3 249 349 3)
(123529 -37220.6 -100606 157 257 1)
(123530 45331 -135929 47 147 3)
(123531 104425 -75295 19 119 3)
(123537 -100477 -101659 12 112 1)
(123544 112965 23043.3 301 401 1)
(123547 -114714 -119044 578 678 1)
(123556 49388.1 126617 340 440 1)
(123559 -51243.9 5921.43 236 336 1)
(123566 -36182.7 93495.6 516 616 1)
(123572 -37169.7 -75630.9 418 518 1)
(123574 -122695 37201.4 345 445 1)
(123579 96648.6 -48361.2 81 181 1)
(123582 -117620 44236.4 187 287 3)
(123583 23271 -61597.6 279 379 1)
(123591 -83374.6 5953.18 80 180 3)
(123597 -85461.9 142746 275 375 1)
(123609 60301.9 -109745 269 369 3)
(123612 -90364 21185 113 213 1)
(123616 -75397.2 -35225.5 1 95 1)
(123620 -91536.4 -64553.1 397 497 3)
(123625 -14034.9 149877 487 587 1)
(123629 -31148.3 -102785 277 377 1)
(123633 -19086.4 -22258.2 423 523 1)
(123644 84524.6 -120753 1 99 1)
(123646 96573.9 -58294.8 1 101 1)
(123651 72664.8 120485 77 177 1)
(123658 23203.8 -84629.9 233 333 3)
(123673 -5993.99 88378.4 216 316 1)
(123682 82528.3 62253 92 192 3)
(123688 -56285.6 -59535 127 227 1)
(123693 -65692 -109824 392 492 1)
(123697 -101492 -79591.2 430 530 1)
(123704 -89416.9 137655 14 114 1)
(123705 49439.9 105709 523 623 1)
(123708 -68322.8 -95622 44 144 1)
(123709 94630.1 -30270.2 54 154 1)
(123712 -89375.5 -112843 274 374 1)
(123720 -48271.8 -118997 610 710 1)
(123731 26239.6 -91725.8 229 329 1)
(123736 80591 -27309.2 483 583 1)
(123737 -9963.77 -31394.1 130 230 3)
(123743 77591.6 -118934 470 570 1)
(123753 87577.2 -130963 262 362 1)
(123755 -12269.3 -15998.1 169 269 1)
(123760 -76626.3 96649.5 585 685 3)
(123771 -27381.1 -147011 159 259 1)
(123774 4053.62 49268.6 354 454 1)
(123778 17180 124706 435 535 1)
(123779 -45182.2 -88658.9 22 122 1)
(123796 -1945.53 -52497.1 528 628 1)
(123804 42314.9 21000.5 147 247 3)
(123811 -22024.3 -61484 42 142 1)
(123817 34294.9 87397.3 212 312 1)
(123820 86675.3 28070.6 592 692 1)
(123827 100871 4870.33 607 707 1)
(123828 39261.5 -51378 1 96 1)
(123842 -115574 -120771 68 168 1)
(123844 -106645 -23298 527 627 3)
(123861 85629.8 -6182.86 437 537 3)
(123866 -86819.9 126443 154 254 1)
(123867 79296.7 -105481 84 184 3)
(123869 74643 115669 568 668 3)
(123873 104643 -43311.3 196 296 3)
(123874 -66313.2 -67259.9 5 105 3)
(123875 11136.5 -39379.8 405 505 1)
(123879 -26308.3 65607 367 467 3)
(123881 45357.8 54189.8 396 496 1)
(123885 99724.5 -118918 421 521 1)
(123905 72505.1 2851.02 228 328 3)
(123913 -46305.7 96438.9 372 472 3)
(123918 5080.1 -109676 6 106 3)
(123920 117833 41124.8 173 273 1)
(123923 32280.3 -62544.1 483 583 1)
(123926 -48248.2 -88669.1 321 421 1)
(123928 43386.9 -11270.4 541 641 1)
(123942 -71406.8 134823 467 567 3)
(123947 39359.4 62297.4 540 640 1)
(123955 -30114.6 -70469.9 1 96 1)
(123965 82531.1 77285.2 187 287 1)
(123966 120893 108614 410 510 1)
(123978 17161.9 -41358 169 269 3)
