(116000 51347.2 -53488.6 284 384 1)
(116008 -19060.8 -11201.8 110 210 1)
(116015 -19023.4 -137836 367 467 1)
(116018 37896.2 -8121.1 504 604 1)
(116032 53428.7 146881 455 555 1)
(116036 -63292.5 -101646 30 130 1)
(116046 50342.2 -133935 284 384 1)
(116051 -119629 -100691 151 251 3)
(116059 23185.9 -33399.6 399 499 1)
(116061 59300.6 110850 400 500 1)
(116066 12091.7 40142.4 614 714 3)
(116082 94754.8 113608 389 489 1)
(116090 -88449.3 23016.1 167 267 1)
(116098 -87609.9 -136252 564 664 1)
(116100 103736 93392.4 36 136 1)
(116102 119931 16924.8 344 444 1)
(116114 -35185.5 141659 285 385 1)
(116118 -88551.3 25032.6 582 682 1)
(116120 -16081.4 16100.7 402 502 1)
(116122 96575.1 -37296.7 234 334 1)
(116129 86496.6 -64458.9 43 143 1)
(116130 -78387 16966 2 102 3)
(116141 38291.5 -70544.3 228 328 3)
(116143 33243 -63484 138 238 1)
(116154 -101655 19027.4 604 704 1)
(116161 73504.5 -71559.1 409 509 1)
(116163 -122658 5824.02 149 249 1)
(116164 94554.8 77146 163 263 1)
(116168 27044.9 -14030.9 119 219 3)
(116169 -55293 18008.2 67 167 1)
(116177 -12030.9 56189.6 168 268 1)
(116179 -39137.7 -113787 569 669 1)
(116180 -67357.6 -79626.8 317 417 1)
(116192 14155 5970.01 393 493 3)
(116196 -115694 85271.2 268 368 3)
(116202 -12945.4 -117081 383 483 1)
(116209 -74347.6 -49364.7 16 116 1)
(116213 39290.5 1885.77 193 293 3)
(116216 101543 33997.6 62 162 3)
(116220 -54345.6 -148935 312 412 1)
(116222 -64426.7 -128809 107 207 1)
(116223 8115.87 -27305 333 433 3)
(116224 7088.27 144665 61 161 3)
(116230 -29141.4 -69383.1 219 319 1)
(116232 -86419 -79646.8 333 433 1)
(116249 36340.1 -115945 559 659 1)
(116271 14301.8 -139994 507 607 3)
(116276 67454.5 79313.2 124 224 1)
(116280 -54.1082 116739 475 575 1)
(116285 66309.7 26042 56 156 3)
(116286 -81690.2 32944.6 579 679 3)
(116295 -8975.44 77349.5 307 407 1)
(116305 2107.35 -58441.9 68 168 1)
(116308 -115556 -101680 85 185 1)
(116312 -11151.3 -12233.5 13 113 1)
(116321 -11850.8 -85974.3 221 321 1)
(116341 -46426.6 -134699 249 349 1)
(116348 74593.9 -85345.5 106 206 1)
(116352 100561 52233.3 16 116 1)
(116355 53374.1 -12173.9 8 108 1)
(116356 -122704 94509.2 266 366 3)
(116357 12177.2 116684 415 515 1)
(116360 9112.95 -76516.1 26 126 1)
(116378 -65274.4 -60487.3 154 254 1)
(116385 33335.1 -55371.4 604 704 1)
(116392 -16052.5 21004.9 107 207 1)
(116401 -86552.2 -119936 523 623 1)
(116405 -28107.8 -98660.7 354 454 1)
(116412 28217.6 -11195.8 63 163 1)
(116414 99614.9 -62465.3 97 197 1)
(116424 13232.1 -50204 591 691 3)
(116443 -121641 40147.3 487 587 1)
(116448 55433.8 31174.5 496 596 1)
(116451 57491.7 87494 625 725 1)
(116453 -69499.4 22022.5 622 722 1)
(116454 118666 49035 161 261 3)
(116457 7211.09 -73635.4 409 509 1)
(116463 -20058.7 -132082 607 707 1)
(116464 -23020.3 21100.7 595 695 3)
(116467 -36668.7 -10390.1 337 437 3)
(116479 -1895.72 -101844 620 720 1)
(116484 2895.39 91368.4 290 390 1)
(116497 -92663 -74690.3 543 643 1)
(116517 85580.5 -79612.3 268 368 1)
(116518 4060.94 -70487 33 133 1)
(116519 112636 -46323 45 145 1)
(116525 -17031 -108750 147 247 3)
(116533 28253.2 42142.4 609 709 1)
(116536 -119610 -141901 83 183 1)
(116542 48393.1 51203.1 289 389 1)
(116570 -69377.6 -145057 375 475 1)
(116582 -69326.7 -54513.1 423 523 1)
(116591 -100501 99445.9 94 194 1)
(116596 83674.9 -58489.6 337 437 1)
(116599 35275.2 -75541.5 137 237 3)
(116606 93730.2 -67626.1 593 693 3)
(116610 -11013.5 -37381.7 441 541 -1)
(116612 -57294.4 -31207.8 58 158 1)
(116616 80770 50066.5 441 541 1)
(116625 3075.1 -79595.5 185 285 1)
(116631 -25065.8 35124.4 79 179 1)
(116636 -24082 -71491.8 57 157 3)
(116639 -6972.2 61335.8 596 696 1)
(116646 -77424.2 -124908 296 396 1)
(116650 -114626 -41366.5 239 339 1)
(116660 21168.9 44131.5 9 109 3)
(116661 -93452.4 -20340.7 551 651 1)
(116664 -54266.8 -121753 121 221 1)
(116666 -66337.6 60239 246 346 1)
(116669 -31192.4 39053.6 523 623 3)
(116672 57326.4 -68392.8 83 183 1)
(116678 -32168.6 24006.5 531 631 1)
(116686 -95475 13953.3 309 409 1)
(116705 -11071.1 48191.4 68 168 1)
(116706 -74414.3 118630 404 504 1)
(116708 -88423.8 -61443.2 21 121 1)
(116715 45392.8 -8147.5 432 532 1)
(116717 109707 3917.58 57 157 1)
(116723 -111556 -58536.7 356 456 1)
(116726 -72470.7 -26287 359 459 1)
(116731 -57296.7 -81581.1 319 419 1)
(116732 60329.4 39179.7 20 120 1)
(116734 -116579 -31278.1 21 121 1)
(116742 45312.7 40107.1 118 218 1)
(116744 64632.7 -36518.1 99 199 1)
(116746 -49219.3 77403.4 117 217 1)
(116750 -5152.44 56201.7 2 102 1)
(116752 -98620.2 -82725.7 581 681 1)
(116760 -81463 -102795 418 518 1)
(116762 86579.7 76337.1 244 344 1)
(116764 2086.63 120628 373 473 1)
(116765 57373.6 -75543.9 175 275 1)
(116768 -32159.8 149896 555 655 1)
(116775 -61297.7 126628 19 119 1)
(116785 -12013.1 -147942 114 214 1)
(116786 -38001.6 60353.1 129 229 1)
(116792 -88433.7 -146956 97 197 1)
(116795 -70373 107612 489 589 1)
(116802 112670 -133828 40 140 1)
(116804 -11012.7 -24258.2 104 204 1)
(116807 -3859.67 -90879 536 636 1)
(116818 14148.5 45963.7 352 452 3)
(116819 115746 -5138.03 79 179 1)
(116820 -75145.4 49900.9 29 129 1)
(116821 123725 136641 51 151 1)
(116830 -117470 -6168.95 46 146 1)
(116833 -46125 7846.46 3 103 1)
(116838 -34178.2 -28399.2 137 237 1)
(116840 -40407 -56233.1 183 283 1)
(116845 70668.2 71585.1 459 559 1)
(116885 -35148 -79618.4 226 326 1)
(116889 80549.7 -111789 123 223 1)
(116890 -69314.2 -80539.8 13 113 1)
(116894 79588.8 28018.3 357 457 1)
(116895 -123759 -111673 161 261 3)
(116900 56394.6 103503 288 388 1)
(116906 -101543 -33269.8 106 206 1)
(116907 67763.3 60425.3 562 662 1)
(116923 -7990.49 -109716 52 152 1)
(116930 79478.8 -104928 456 556 1)
(116933 -25120.8 -69537 34 134 3)
(116936 -36220.2 -101845 594 694 3)
(116941 -100569 -72579.8 311 411 3)
(116944 2083.78 66301.4 280 380 1)
(116966 -49243 -7175.73 291 391 3)
(116967 -7849.3 35033 335 435 1)
(116969 2064.16 -107681 1 100 1)
(116970 -31178.6 107595 557 657 1)
(116973 -121835 122705 65 165 1)
(116977 -106538 31132.2 364 464 1)
(116980 35238.8 -24189.1 281 381 1)
(116981 90628.3 124714 458 558 1)
(116984 -60197.2 -22298.8 430 530 1)
