(23002 11099.4 -86770.7 250 350 1)
(23003 -3954.51 132747 247 347 1)
(23004 12106 68317.6 510 610 1)
(23006 -108530 -100917 524 624 1)
(23012 106681 -149042 264 364 3)
(23020 -9991.56 45150.7 170 270 1)
(23022 -106675 -12235.1 606 706 1)
(23026 -42240 61292.5 365 465 1)
(23033 4053.67 -54424.8 223 323 3)
(23034 61.0595 106499 259 359 1)
(23035 74501.4 -30310.6 210 310 1)
(23037 -82477 -148104 437 537 1)
(23048 1078.73 -102793 360 460 1)
(23050 -39154.2 -54396.6 1 95 1)
(23051 -119672 122616 304 404 1)
(23054 -22091.1 -98750.2 316 416 1)
(23058 -30143.4 -60559.2 593 693 3)
(23070 -10028.3 46124.6 572 672 3)
(23072 73457.2 26082.5 506 606 1)
(23076 -34130.8 31116.5 360 460 3)
(23102 55410.6 -113932 519 619 1)
(23117 49479 -134099 544 644 1)
(23125 10240.4 20987.9 595 695 1)
(23126 9118.74 26032.7 139 239 1)
(23128 11087.1 -4110.25 185 285 1)
(23132 93561 15986.8 1 94 1)
(23134 -107661 38231.4 546 646 1)
(23137 -4977.12 -80703.7 581 681 3)
(23141 -7987.91 39143.3 445 545 1)
(23170 -105568 -11148.8 215 315 1)
(23175 -114749 16913.8 438 538 1)
(23177 77585.5 113722 434 534 1)
(23183 69432 119650 486 586 1)
(23186 -109586 -64494.8 182 282 1)
(23188 82604.5 -71821.9 491 591 3)
(23192 -97435.1 33858.2 169 269 3)
(23193 -31166.5 -1159.28 574 674 3)
(23197 24221.8 93257.9 186 286 1)
(23199 907.706 119713 294 394 1)
(23209 -71237 134789 517 617 1)
(23213 26226.8 -7197.37 369 469 1)
(23220 59394.8 -145968 193 293 1)
(23232 -65417 -108857 468 568 1)
(23249 49269.4 5837.31 28 128 3)
(23250 -20046 -65492.7 189 289 1)
(23266 -29991.9 -83737 210 310 1)
(23274 -67339.6 78318.4 90 190 1)
(23278 107789 -35378 441 541 1)
(23281 90602 -39400.8 434 534 1)
(23288 -21768.7 113655 103 203 1)
(23289 -113596 5960.42 183 283 3)
(23303 96664 -37334.3 462 562 3)
(23312 -108555 38110.3 256 356 3)
(23313 -31046.7 -49426.9 4 104 3)
(23318 22168.3 36120 587 687 3)
(23323 -24977.8 -34267.4 226 326 3)
(23325 -50256 -113738 90 190 3)
(23328 32260.2 1872.76 353 453 1)
(23347 -29145.4 -35397.4 490 590 1)
(23367 -60274 -45354 135 235 3)
(23369 6062.01 77305.1 104 204 1)
(23370 -73548.6 2826.83 619 719 1)
(23374 -80496.5 -57569.8 343 443 3)
(23377 34333.7 129785 578 678 3)
(23391 -121737 35082.3 447 547 1)
(23393 79563.8 -20246.8 109 209 1)
(23397 50401 137780 255 355 1)
(23405 38375.1 -60654.3 460 560 3)
(23409 -57235.2 126592 527 627 1)
(23414 6107.53 23014.7 355 455 1)
(23415 -21054.1 -37420.1 449 549 1)
(23431 8124.17 -60588.3 619 719 3)
(23439 -54394.1 21220.2 288 388 1)
(23451 52492.8 89501.2 612 712 1)
(23460 -72125 -35388.4 385 485 1)
(23461 -20261.5 -30334.7 547 647 1)
(23463 55450.4 -52513.9 556 656 1)
(23464 -92424.6 -31297.7 244 344 1)
(23471 -1924.65 -147053 332 432 1)
(23476 -25077.4 -16193.2 26 126 1)
(23477 -88514.2 33046.3 405 505 1)
(23478 -113587 -124855 204 304 1)
(23481 -56190.6 -107719 1 95 1)
(23487 -56224.5 -32224.7 35 135 1)
(23498 -18061.7 -114933 506 606 3)
(23500 40275.9 87376.1 44 144 1)
(23501 -34943.5 39141.3 20 120 3)
(23503 -50215 -38303.5 15 115 1)
(23510 -18025.4 99510 501 601 3)
(23512 -86433.8 -103693 79 179 1)
(23515 -32184.2 28071.6 200 300 1)
(23517 78618.2 148794 295 395 3)
(23524 -24121.1 -51484.8 111 211 1)
(23526 -23942.5 -32252 73 173 3)
(23527 116779 95503.2 405 505 1)
(23532 98919.8 -17138.9 415 515 1)
(23539 -56342.8 148922 209 309 1)
(23542 -6958.28 -132928 217 317 1)
(23558 4111.53 15961.1 191 291 1)
(23560 23206.8 -57443.5 190 290 1)
(23563 -42212 32078.9 455 555 3)
(23566 47389.5 85362.2 353 453 1)
(23567 19275.3 -108708 65 165 3)
(23568 -104581 -64578.2 501 601 1)
(23569 105736 -9124.18 207 307 3)
(23577 -45241.1 -146106 501 601 1)
(23588 -113743 101656 626 726 1)
(23592 -960.711 -65548.9 476 576 1)
(23600 -42193.9 18984.6 210 310 1)
(23606 21187.5 87360.4 148 248 1)
(23608 28242.7 17024.3 525 625 3)
(23613 35361.3 -113974 619 719 1)
(23614 116719 117545 133 233 3)
(23618 26317.2 1789.13 410 510 1)
(23619 -16067.1 -1128.95 202 302 1)
(23620 -11105.2 -33449.2 269 369 1)
(23623 -51253.3 13924.1 454 554 1)
(23633 113610 -142824 19 119 1)
(23638 29239.4 -35414.8 438 538 1)
(23641 -15006.7 -71734.8 407 507 1)
(23642 -70192.2 62299.1 193 293 1)
(23643 -59269.3 -81603.9 199 299 1)
(23651 -27088.9 -146931 86 186 -1)
(23656 92681.7 -30166.1 33 133 1)
(23658 5104.75 -12256.7 250 350 1)
(23661 8058.65 -3943.65 597 697 3)
(23662 46322.1 -123818 96 196 3)
(23666 25149.5 57254.1 165 265 3)
(23677 -45225.8 -55479.3 323 423 1)
(23692 65466.2 58267.5 495 595 1)
(23707 -22049.2 38975.9 41 141 1)
(23710 100760 71341.3 375 475 1)
(23713 72518.3 36092.6 105 205 3)
(23719 -15052.5 59229.8 295 395 1)
(23723 -101558 136696 206 306 3)
(23758 -110759 -42411.4 574 674 3)
(23764 -37149.6 -138091 483 583 1)
(23765 -7978.49 -34224.9 255 355 1)
(23778 19125.1 -71632.9 479 579 1)
(23781 -10097.8 -83467.6 89 189 1)
(23791 -122601 119524 15 115 1)
(23794 70521.6 -81668.8 335 435 1)
(23796 -21075.2 -25219.9 525 625 1)
(23800 51368.7 -95795.7 532 632 3)
(23801 55472.8 -75528 421 521 1)
(23803 24988.8 16934.7 169 269 1)
(23807 121849 125692 470 570 1)
(23814 49283.4 -54486 107 207 1)
(23817 6119.19 -17258.6 558 658 1)
(23818 -97522.4 70264.7 127 227 1)
(23820 81531.3 -90564.2 208 308 1)
(23824 -6948.61 -49454.8 328 428 1)
(23829 -112534 75485.7 597 697 1)
(23831 110773 46184 391 491 1)
(23837 89529.4 75298.7 28 128 1)
(23839 47374.9 -49463.2 435 535 1)
(23843 -23067.6 -114716 49 149 3)
(23854 69495.1 -147078 464 564 1)
(23863 21193.8 -90781.2 616 716 1)
(23864 47406.9 -51513.8 422 522 1)
(23868 -100606 -61547 472 572 1)
(23884 81550.2 20988.1 31 131 1)
(23891 -68500.7 118685 394 494 1)
(23894 33153.1 -120817 180 280 1)
(23907 8106.64 129666 287 387 3)
(23909 -47228.6 -5143.35 431 531 1)
(23922 18145.9 -102623 65 165 1)
(23944 -9996.16 -78519.9 167 267 1)
(23945 59491.4 -136070 491 591 1)
(23951 105685 97379.6 235 335 1)
(23953 103715 29057.8 454 554 1)
(23971 -27207.1 -86633 256 356 3)
(23977 -44244.1 -88692.1 308 408 1)
(23983 -28131.3 5932.26 200 300 3)
(23986 -92512.7 71289.2 305 405 3)
(23987 -25133 85443.3 513 613 1)
(23988 54500.2 -30370.4 410 510 1)
