(187000 116817 37105.2 372 472 1)
(187008 11167 -98669.5 184 284 1)
(187020 66552.8 -114878 595 695 1)
(187021 91601.8 -58498.4 162 262 1)
(187025 -78485.8 49191.6 245 345 1)
(187035 120298 16642.1 608 708 1)
(187049 -90551 16975.2 583 683 1)
(187050 65439 61256.8 193 293 3)
(187052 -112607 127637 218 318 1)
(187054 -3790.48 54464.6 140 240 3)
(187064 121965 60133.9 487 587 1)
(187078 45394.8 94469.6 447 547 3)
(187093 31223.9 -46378.3 47 147 1)
(187096 -36132.5 -27222.9 31 131 1)
(187108 -14014.1 -12175.8 206 306 3)
(187110 63447.5 78340.8 413 513 1)
(187113 -6976.91 -18256 476 576 1)
(187116 -55251.7 -110762 191 291 1)
(187121 77557 -58430.6 1 100 3)
(187122 -35124.2 126628 225 325 1)
(187124 15070.1 14894.2 556 656 1)
(187126 -82415.5 30053.7 150 250 3)
(187127 -1975.47 74266.8 87 187 1)
(187130 -1985.56 -23265.2 80 180 3)
(187131 -23079.8 -13012.8 36 136 1)
(187137 -22057.2 -125903 189 289 1)
(187145 1103.42 51246.9 112 212 1)
(187153 22221.9 -8197.16 492 592 1)
(187165 27290.6 -137021 245 345 1)
(187166 14126.1 -64454.5 15 115 1)
(187167 115755 -112709 60 160 1)
(187173 26246.3 -42375.9 441 541 1)
(187185 99846.4 -29231.6 445 545 1)
(187196 -72419.7 -119862 368 468 1)
(187197 -67361.6 76346.2 338 438 1)
(187201 83595 66288.3 345 445 1)
(187207 16190.6 -133004 423 523 1)
(187215 -97549 44119.5 279 379 1)
(187216 35939.1 -65643.7 156 256 1)
(187221 -39197.8 116642 473 573 1)
(187229 -116689 -11230.1 427 527 3)
(187239 -78438.4 -33350.3 424 524 1)
(187243 -59332.1 116659 408 508 1)
(187246 101722 -38450.9 341 441 1)
(187249 -48261.5 -34382.7 540 640 1)
(187255 46399.3 -24139.5 502 602 3)
(187263 23181.2 18948.4 296 396 1)
(187267 -113673 -97810.7 497 597 1)
(187270 14134.7 124615 290 390 3)
(187274 55430.3 56146.6 495 595 3)
(187288 992.576 -52543.8 113 213 3)
(187297 81648.2 -99855.9 594 694 1)
(187302 -42243.3 -53517.4 619 719 1)
(187304 22184.1 -51510.7 518 618 3)
(187331 84506.1 47214.2 332 432 3)
(187332 -98685 91677.3 599 699 1)
(187335 -75556.4 -34187.6 527 627 1)
(187338 -10011.7 -80606.7 285 385 1)
(187344 22167.2 -101815 412 512 1)
(187349 -33168.9 -6182.85 506 606 1)
(187352 28258.1 -28330.3 428 528 1)
(187358 -113601 -128980 406 506 1)
(187361 -8973.21 -115880 329 429 1)
(187370 -19115.6 -108951 421 521 3)
(187374 95755 48244.1 533 633 3)
(187378 -72246.7 -121869 312 412 1)
(187383 74623.6 847.975 405 505 1)
(187384 -46251.5 46145.2 350 450 1)
(187397 15489 -32815.4 419 519 1)
(187401 -49252 149827 378 478 1)
(187403 -29095.7 10872.7 555 655 1)
(187406 58470.3 4873.79 594 694 1)
(187412 -121600 -23169.1 172 272 3)
(187418 109727 -8146.47 358 458 1)
(187429 66526.5 136824 590 690 1)
(187434 33227.8 -136874 54 154 1)
(187438 22168.1 132575 40 140 3)
(187444 33377.5 39083.9 349 449 1)
(187446 -32169.8 -111814 404 504 1)
(187453 -80394 124611 269 369 1)
(187457 4128.02 -23248.2 204 304 1)
(187464 -74395.6 -11229.3 539 639 1)
(187470 4183.68 42463.7 289 389 1)
(187479 -95539.8 141703 223 323 1)
(187481 -76607.8 53281.6 573 673 1)
(187482 121787 17369.9 554 654 1)
(187484 -85568.9 104521 531 631 1)
(187487 -71363.7 -139912 108 208 1)
(187492 -83508.6 88401.2 475 575 1)
(187495 -69323.3 -34318.5 176 276 1)
(187497 32277.7 -61560.6 334 434 3)
(187498 -25161.2 12966 455 555 1)
(187499 25197.8 32056.2 197 297 1)
(187510 -116650 -68535.8 276 376 1)
(187516 23191 -126026 555 655 1)
(187522 47512.6 -32358 623 723 1)
(187523 -4009.95 130732 246 346 1)
(187527 -18994 32053.1 103 203 1)
(187530 58477.7 30074.2 367 467 1)
(187531 -18059.4 93437.5 256 356 3)
(187533 -33148.9 -35375.9 370 470 3)
(187540 -23097.7 -99795.5 374 474 1)
(187542 104725 -26277.4 358 458 1)
(187551 41385.4 -44310.9 1 97 1)
(187559 30245.7 98490.9 322 422 1)
(187564 -120692 -45372.4 237 337 1)
(187565 -89664.4 121598 601 701 1)
(187568 120743 -133902 208 308 3)
(187574 -123826 10922.4 499 599 1)
(187579 -70384.6 -12213.7 379 479 1)
(187581 38320.2 -9193.08 434 534 1)
(187586 107784 -143075 406 506 1)
(187591 44284.5 -149938 23 123 1)
(187593 -109490 -50541.8 119 219 1)
(187597 -84452.5 96511.3 235 335 3)
(187601 9115.07 9995.31 118 218 1)
(187610 108551 -14464.9 277 377 1)
(187611 15153.3 -86636.6 307 407 1)
(187614 96740.7 -23268.5 486 586 1)
(187617 93587.7 73232.6 15 115 1)
(187632 104740 -116847 285 385 1)
(187633 -55249 14961.9 196 296 1)
(187636 31171 -38415.6 1 95 3)
(187647 -33093.9 37096.9 81 181 1)
(187661 -32057.9 17868.8 303 403 1)
(187669 -36170.5 -50527.5 620 720 1)
(187671 -67386.5 -89691.6 440 540 1)
(187680 -64301.6 -90699.7 229 329 3)
(187682 -4952.97 67353.9 599 699 1)
(187683 -78475.5 -111788 445 545 1)
(187688 -32140.7 76298 52 152 1)
(187697 -18050.8 -81539.7 1 98 3)
(187698 12085.2 -119691 62 162 1)
(187717 -89453.4 -120849 358 458 3)
(187718 -86442.6 -45351.8 115 215 1)
(187731 86626.8 -29327 390 490 3)
(187735 124784 -107744 225 325 3)
(187771 -41213.9 121576 46 146 1)
(187772 68427 69440.5 25 125 1)
(187777 -16058.5 46166 331 431 1)
(187780 -101511 -18231.2 296 396 1)
(187781 -55303.2 -31350.9 440 540 1)
(187788 -118652 26065.2 246 346 1)
(187790 -7968.79 -52478.3 425 525 3)
(187794 1037.31 -126769 20 120 3)
(187810 58367 -14077.5 69 169 1)
(187814 23230.5 -43446.9 549 649 1)
(187815 -77402 -2099.79 263 363 3)
(187823 115544 52847.8 504 604 3)
(187827 85591.5 -8334.09 404 504 1)
(187834 103083 54590.5 523 623 1)
(187837 5095.53 -17297.5 595 695 1)
(187853 56353.4 16969 78 178 1)
(187860 -15142.5 -103754 366 466 1)
(187864 19132.9 -51586.8 621 721 1)
(187865 -56290.7 9933.56 235 335 1)
(187868 -74343.4 87350.5 10 110 3)
(187870 -34136.6 -75508.7 1 95 1)
(187875 -85541.9 84528.6 549 649 1)
(187878 -88420.6 20992.9 6 106 1)
(187883 39293.2 72334.6 1 93 1)
(187884 -87480.3 146299 210 310 3)
(187891 -121737 20001.9 410 510 3)
(187902 -38182.2 -141110 372 472 1)
(187915 62391.7 -102794 292 392 1)
(187921 -25104.8 -100821 496 596 1)
(187938 6133.43 -28354.8 350 450 1)
(187953 -38167.8 -92756.6 582 682 3)
(187961 74530.4 -131901 239 339 1)
(187963 -76337.9 86377.7 274 374 1)
(187967 -57340.6 -36376.5 610 710 1)
(187968 -60189.2 -40347.3 287 387 1)
(187972 -38015.3 27016.8 199 299 1)
(187976 -26155 -43472.3 584 684 1)
(187982 -85406.7 -58322.7 69 169 1)
(187985 -91442 12945.7 4 104 1)
(187991 102450 -117790 87 187 1)
(187999 -115701 -101801 447 547 1)
