(34009 120814 -78659 309 409 1)
(34023 95550.5 146759 116 216 3)
(34026 -10689.2 -62713.5 381 481 1)
(34028 -63271.6 141681 2 102 1)
(34036 40358.4 -15252 567 667 1)
(34037 8115.81 10946.6 393 493 1)
(34044 -3938.64 -28312.5 490 590 1)
(34048 -105624 -55615.4 444 544 1)
(34050 95826.8 44304.3 246 346 3)
(34051 44.1364 -83679 444 544 1)
(34061 122878 111674 473 573 3)
(34066 -67389.7 92477 448 548 1)
(34069 -71560.9 -87660.1 258 358 1)
(34082 -25194.9 114516 159 259 1)
(34083 -46166.4 60355.7 141 241 1)
(34084 36408.6 -75665.4 540 640 3)
(34089 101805 -116950 618 718 1)
(34102 -95482.3 23965.1 75 175 1)
(34108 -10018.9 83304.7 263 363 1)
(34110 72444 77298.4 26 126 3)
(34114 -38994.8 26936.6 365 465 1)
(34117 17207.1 -21317.1 213 313 3)
(34118 -1932.32 -90633.5 99 199 1)
(34119 5102.95 100569 380 480 1)
(34135 16067.3 -85702.7 366 466 1)
(34137 -25089.9 7921.3 127 227 1)
(34141 25239.1 -49471 476 576 3)
(34142 103.408 -99770.7 510 610 3)
(34147 -16861.4 751.438 122 222 1)
(34156 -32223.2 9936.71 409 509 1)
(34158 -71382.4 96412.4 70 170 1)
(34160 9112.07 13968 395 495 1)
(34166 37303.7 110500 250 350 1)
(34170 70365.7 -59404.1 19 119 1)
(34173 44303.5 -142927 82 182 1)
(34187 -74452.8 -76636.7 621 721 1)
(34194 -92586.1 22073 183 283 1)
(34197 -116686 78353.9 402 502 1)
(34211 -111737 -13244.1 604 704 1)
(34225 -27119.4 54184.6 240 340 3)
(34228 43398.9 -54552.6 616 716 1)
(34229 19187.2 -12210.3 354 454 1)
(34236 77596.4 25023.2 492 592 1)
(34249 15168.2 10932.1 249 349 1)
(34250 -95544.2 -86706.6 611 711 1)
(34267 -10050.7 78345.4 337 437 1)
(34268 -39287.4 13907.6 190 290 1)
(34276 -60394.6 74236.6 410 510 1)
(34277 -8944.58 -41442.7 442 542 1)
(34281 92517.2 -34376.1 208 308 1)
(34283 -81434.4 -79545.9 379 479 1)
(34293 -16894.5 -88529.9 1 96 1)
(34296 -67406 -10195.4 603 703 1)
(34302 -5882.9 -69496.6 626 726 1)
(34306 -53244.8 -106721 133 233 1)
(34312 18229.5 -54421.4 248 348 1)
(34316 -40161.4 24207.4 376 476 1)
(34323 17232.9 -112840 159 259 1)
(34332 44344.1 1883.43 266 366 1)
(34334 -114508 -42448.6 301 401 1)
(34335 -17047.2 -119006 584 684 1)
(34342 104717 -103905 293 393 1)
(34346 -37009.6 -34405 362 462 1)
(34348 -32190.4 -139143 537 637 3)
(34354 -6.54107 -27255.8 229 329 1)
(34357 -5214.11 -3347.13 383 483 1)
(34360 105617 3886.14 22 122 1)
(34366 33269 954.036 38 138 1)
(34369 -62416.6 -26328.3 419 519 1)
(34375 21217.9 -27332.5 562 662 1)
(34380 -43237.2 -158.951 591 691 1)
(34394 -73659.3 -47498.4 288 388 3)
(34396 68405.2 94428.2 83 183 1)
(34404 40337.1 -18235.9 281 381 3)
(34405 42400.3 66220.3 498 598 1)
(34410 25225.7 16978.8 332 432 3)
(34425 -61232.9 -120899 482 582 1)
(34427 10150.9 -146099 625 725 1)
(34435 -85533.8 130724 464 564 1)
(34436 30432 -119769 533 633 1)
(34437 91452.6 100371 28 128 1)
(34443 -40357.1 -127996 438 538 1)
(34445 47396.6 99455.2 599 699 1)
(34447 32280.9 -141012 309 409 1)
(34452 31259.5 -91679.1 298 398 3)
(34459 49383 -22368.7 543 643 1)
(34462 -113692 134726 406 506 1)
(34475 -61378.4 -11230 556 656 1)
(34492 -39196 -93708.8 427 527 3)
(34504 64531.1 -124004 587 687 1)
(34506 -58290.2 -77642.9 409 509 3)
(34507 -57504 43105.9 420 520 1)
(34508 113861 -12231.8 570 670 1)
(34510 13602.2 -64159 102 202 1)
(34511 -15994.8 55063.9 197 297 1)
(34515 35263 85324.6 28 128 1)
(34517 85630.7 -64559.9 426 526 1)
(34519 -45241 -45461.6 570 670 3)
(34520 -122720 82385.6 350 450 1)
(34527 -36206.7 -68570 424 524 1)
(34530 -2957.22 53227.9 606 706 1)
(34539 70470.1 5915.81 210 310 1)
(34540 2119.41 -53421.6 136 236 1)
(34541 -23088.2 134702 296 396 1)
(34547 -21094.8 -96770.3 281 381 1)
(34550 42290.2 -104680 78 178 3)
(34552 53357 -5169.79 77 177 1)
(34559 -32146.8 -101804 475 575 1)
(34571 -58390.5 -27418.6 544 644 1)
(34576 37206.4 -101863 619 719 1)
(34584 6100.84 93476.8 408 508 3)
(34587 -38142.9 5961.61 23 123 1)
(34589 65438.7 -102720 145 245 1)
(34593 -64328.3 -78545.9 143 243 1)
(34594 73466.9 -145952 119 219 1)
(34598 -37221.6 -46350.4 16 116 1)
(34601 39296.7 57224.3 166 266 1)
(34603 -3946.79 116502 513 613 1)
(34606 -47477.1 -66488.5 302 402 3)
(34620 47368 -124929 373 473 1)
(34621 -67338.8 93452.4 312 412 3)
(34634 -124691 16979.7 234 334 1)
(34635 113882 -79693.8 557 657 1)
(34655 -5973.57 -141900 75 175 3)
(34656 -7993.24 59238.5 309 409 1)
(34664 -88526 3859 583 683 1)
(34666 108638 -13161.3 26 126 1)
(34670 75530.7 -95665 173 273 1)
(34682 -5951.83 20977.8 445 545 1)
(34686 -13019.5 -69623.2 363 463 1)
(34687 -18049.9 -98822.7 547 647 1)
(34701 -71336.9 139791 206 306 1)
(34705 111683 -49388.6 121 221 1)
(34708 -14937.7 30184.6 64 164 1)
(34710 -25218.9 -66647.4 524 624 3)
(34712 -79382.4 63224.8 97 197 1)
(34725 19992.4 -103545 44 144 1)
(34740 -29101 85402.5 313 413 1)
(34745 -14086.6 -97655.8 45 145 1)
(34754 -13033 25336.5 481 581 1)
(34760 -4066.11 -41532.8 547 647 1)
(34769 36333.3 110501 84 184 1)
(34771 58446.7 -73592.4 279 379 1)
(34776 105797 -142163 518 618 1)
(34780 18092 -111650 1 101 1)
(34784 24205.9 94457.5 313 413 1)
(34785 -74408.4 -54449.5 217 317 1)
(34792 -103524 -49332.8 119 219 1)
(34798 119709 50132.3 47 147 3)
(34821 -1042.94 -93799 413 513 1)
(34823 11183.2 -128067 591 691 1)
(34827 -120790 18967.9 583 683 1)
(34828 -107522 -97601.8 36 136 1)
(34830 -47209.1 -26272.9 174 274 1)
(34840 -48256.2 64275 367 467 1)
(34844 -12079.9 -35623 473 573 1)
(34851 67526 -78692.6 449 549 1)
(34853 17115.1 -105723 566 666 1)
(34872 8130.63 94496.9 392 492 3)
(34882 -51216.1 -126843 110 210 3)
(34887 -64382.2 -84732.1 532 632 1)
(34890 7117.7 105506 112 212 1)
(34894 117860 131603 493 593 1)
(34898 13181.1 56312.6 20 120 3)
(34901 -47202.2 -118755 51 151 3)
(34902 68364.1 100557 34 134 1)
(34903 101694 46016.7 108 208 1)
(34924 -14842.8 147638 147 247 1)
(34926 53436.6 -96858.7 563 663 3)
(34932 -121711 12973.4 478 578 1)
(34940 -23019.7 49155.5 565 665 1)
(34946 -115637 -59489.7 1 93 1)
(34959 36474.4 88185.4 16 116 1)
(34962 -30143.6 66593.5 193 293 1)
(34964 -82355.3 -107655 1 95 1)
(34990 -71365.5 78281.6 98 198 1)
(34993 -123857 18014.3 552 652 1)
