(154005 100659 2893.99 114 214 1)
(154007 60295.5 -115715 260 360 1)
(154018 -72455.3 -139536 293 393 3)
(154022 5078.74 47140.3 17 117 3)
(154024 37248.5 31031.8 170 270 1)
(154028 -44302.4 94320.4 106 206 1)
(154035 83603.6 30025.6 198 298 1)
(154042 49367.6 124751 583 683 1)
(154043 -112649 -118839 313 413 1)
(154048 100727 -138990 281 381 1)
(154050 -53306.3 -18283.7 588 688 3)
(154072 -22122.4 18933.3 502 602 1)
(154075 -75675.5 -115825 220 320 1)
(154088 -29049.5 68241.5 344 444 3)
(154095 -17064 -87774.2 596 696 3)
(154096 19195.5 88499.2 453 553 1)
(154098 29317.1 -19060.3 429 529 3)
(154121 23637.5 -17007.7 3 103 1)
(154123 124942 -44454 555 655 1)
(154124 5092.48 133536 19 119 3)
(154134 -124413 65166.8 128 228 1)
(154146 -35135.7 29048.7 93 193 3)
(154162 -81402.3 38138.3 271 371 3)
(154172 55481.1 65315.5 558 658 1)
(154176 -75374 45108.5 73 173 3)
(154179 5124.94 -95541.4 62 162 1)
(154182 -51433.5 -42376.8 552 652 1)
(154194 14983.2 -100677 416 516 1)
(154197 -34035.4 62142.9 49 149 3)
(154200 13125.8 5925.36 7 107 1)
(154202 39288.3 -112832 304 404 1)
(154210 40362.2 -6434.09 580 680 1)
(154211 32316.4 -100861 577 677 1)
(154213 69508.3 4923.24 91 191 1)
(154233 -88369.1 -92442.7 338 438 1)
(154236 14163.5 -40400.3 400 500 1)
(154254 -32182.6 16938.7 599 699 3)
(154255 -32170.4 86508.2 551 651 1)
(154258 24246.6 44152.2 567 667 3)
(154259 -46190.1 29082.5 228 328 1)
(154260 42371.4 -132072 587 687 1)
(154261 77552.6 -124905 350 450 1)
(154269 -86427.2 15977.9 141 241 3)
(154273 54429.7 -67598.8 484 584 1)
(154276 124741 -88627.4 45 145 1)
(154279 74497.3 58219.2 120 220 3)
(154288 27284.2 -118990 617 717 1)
(154301 123647 96548.3 472 572 1)
(154304 -109564 -65461.4 129 229 1)
(154306 2082.94 117582 256 356 1)
(154310 25225.6 5101.79 251 351 1)
(154315 -11833.6 -108801 525 625 1)
(154322 32266.5 -32385.4 588 688 3)
(154325 89657.9 76424.8 556 656 3)
(154326 79581.5 43069.1 313 413 1)
(154332 60338.4 -141896 56 156 1)
(154337 39309.7 -28302.8 494 594 1)
(154349 -37281.3 -119992 596 696 3)
(154368 -30115.4 76364.2 522 622 1)
(154370 -36131.9 -140151 591 691 1)
(154374 12185.1 -46464.8 618 718 1)
(154381 122841 109576 369 469 1)
(154383 62410.9 -55369.2 151 251 3)
(154387 -76409.2 -138773 25 125 3)
(154394 -49292.2 -95837.1 621 721 1)
(154395 72478.3 -38329.8 211 311 3)
(154397 38340.2 -106819 392 492 1)
(154413 -10999.1 41156.9 1 98 1)
(154417 -123540 -38250.4 50 150 3)
(154430 -91520.7 888.574 374 474 1)
(154431 -38158.4 -6202.89 236 336 1)
(154444 -75483.1 -120036 595 695 1)
(154454 -53429.3 -2143.17 622 722 1)
(154474 49542.2 -128072 303 403 1)
(154483 -117608 116550 42 142 1)
(154484 -38211.7 -34350.2 445 545 1)
(154486 -83517.2 89396 313 413 1)
(154489 -18973.8 -32247.7 468 568 3)
(154491 -66390.3 119650 454 554 3)
(154495 -68840.8 52312.7 389 489 1)
(154503 31222 49156.9 1 101 3)
(154512 41179.9 -39462.3 570 670 3)
(154515 -82522.2 -21217.4 325 425 1)
(154521 4245.11 116787 114 214 1)
(154525 27202.7 -41325.9 594 694 3)
(154529 -21078.5 104451 73 173 1)
(154534 -3914.71 -89806.6 456 556 1)
(154538 -22097.6 -39406.3 563 663 1)
(154542 -85402.8 -33273.3 68 168 1)
(154543 50378.8 -28328.7 404 504 1)
(154544 -16062.2 41144 129 229 1)
(154545 -115710 -135088 564 664 1)
(154546 -107710 -88780.1 629 729 1)
(154547 18233.9 32996.1 1 99 1)
(154560 11976.9 -24299.9 485 585 1)
(154567 -112623 -28396.7 362 462 3)
(154569 -28158 24061.4 125 225 3)
(154571 37277.2 125677 285 385 1)
(154579 -52156.7 -130747 67 167 1)
(154580 -81400.7 118540 67 167 1)
(154586 64484.4 17065 430 530 3)
(154591 16184.2 -12096 11 111 1)
(154598 -21050.6 88545.5 477 577 1)
(154603 -92793.4 20712.5 500 600 3)
(154609 911.126 -40376.5 293 393 1)
(154618 -36182.7 -60519.5 383 483 3)
(154623 43332 -138054 398 498 1)
(154625 87517.9 125695 102 202 1)
(154634 23170.6 -33364.7 459 559 1)
(154635 24186.5 144854 432 532 3)
(154636 118866 -10210.4 454 554 1)
(154642 11151.6 12931.4 86 186 1)
(154646 -103544 68365.4 39 139 1)
(154649 4022.91 -135073 308 408 1)
(154650 -83735.2 44114 530 630 1)
(154682 -44236.1 106583 244 344 1)
(154694 32243.5 -92646.2 50 150 1)
(154706 -7002.62 -67567.6 405 505 1)
(154711 27181.9 -60439.4 26 126 1)
(154723 66523.1 -99759.3 580 680 1)
(154725 109683 82341.6 110 210 1)
(154727 -73536.3 -110951 516 616 1)
(154731 20167.5 -81555.9 56 156 1)
(154734 -123531 82295.4 100 200 1)
(154736 2070.53 -25291.8 311 411 1)
(154748 31123.6 -1128.03 56 156 1)
(154755 13147.9 116620 461 561 1)
(154763 -37121.3 -144082 301 401 1)
(154766 -43240 -49513.8 590 690 1)
(154770 28201.4 65240.4 310 410 1)
(154777 -86438.9 -54424.5 135 235 1)
(154778 6117.22 48301 486 586 1)
(154783 44272.4 1882.94 25 125 3)
(154787 33158 -2094.15 22 122 1)
(154788 83553.8 76343.5 281 381 1)
(154792 27210.9 -74554.1 123 223 1)
(154800 98587.3 -53401.1 63 163 1)
(154803 96124.1 -30162.6 433 533 1)
(154809 -71398 -129043 521 621 1)
(154812 100542 35852 273 373 1)
(154816 -48293.8 -100703 279 379 1)
(154822 69703.3 -42473.1 328 428 1)
(154833 37274 -109851 293 393 3)
(154837 27238.4 -91742.8 479 579 3)
(154841 14168.1 46175.5 488 588 1)
(154843 -34161.7 44153.8 448 548 1)
(154845 79599.5 -27281.2 372 472 1)
(154847 -79426.7 145752 252 352 3)
(154858 110704 -47348.3 115 215 1)
(154861 61553.9 -119070 577 677 1)
(154869 -83500 15071.9 474 574 3)
(154876 1071.3 -49402.2 224 324 1)
(154877 -11131 -53370 44 144 1)
(154879 -100608 82419.6 512 612 1)
(154883 -20078.3 -99850.2 580 680 1)
(154892 54211.5 -13185.7 458 558 1)
(154898 -17057.8 -75600.8 339 439 3)
(154901 51267.5 32138.5 485 585 1)
(154911 -66331.4 -90672.9 274 374 3)
(154913 -75463 108508 248 348 1)
(154924 2092.56 71292.3 420 520 1)
(154929 23177.1 -16222.6 211 311 3)
(154933 -52299.2 -100890 628 728 3)
(154951 123945 -88696.8 553 653 3)
(154952 81371.3 -80676.7 416 516 1)
(154956 41339.6 -140062 442 542 -1)
(154963 -37198.6 -6198.2 525 625 1)
(154970 50356.3 -103725 347 447 1)
(154976 -82478.2 42104.6 299 399 1)
(154980 94756.7 -96991.1 462 562 3)
(154981 -110580 -130983 276 376 1)
(154988 -42143.6 -122821 126 226 3)
(154989 -72399.9 21002.3 383 483 1)
