(68004 -98573.5 -94787.3 475 575 3)
(68013 18072.1 -78642.3 360 460 1)
(68017 77624.7 30063.4 618 718 1)
(68020 121950 127714 26 126 3)
(68028 -57544.4 -76506.4 306 406 1)
(68030 -27010.9 -24231.4 28 128 1)
(68031 -21078.2 -14105.6 265 365 1)
(68036 -91588.9 -35395.5 463 563 1)
(68040 39239.3 84458.6 568 668 1)
(68054 112851 -137002 317 417 1)
(68055 37308.1 -109861 426 526 1)
(68062 -1955.67 30033.1 463 563 1)
(68067 -12979.6 34161.8 328 428 1)
(68073 -14032.4 -66602.5 486 586 1)
(68078 83514.7 -136066 574 674 1)
(68079 -26076 129732 499 599 1)
(68081 -89397.9 -117826 275 375 1)
(68084 30241.8 26050.3 341 441 3)
(68085 36654.2 -107562 558 658 1)
(68095 -98434.7 67306.8 14 114 1)
(68099 -27023 4768.36 273 373 1)
(68111 -1920.2 64296.7 583 683 1)
(68123 -35162 19994.8 105 205 1)
(68128 34375.2 -127010 438 538 1)
(68129 -100659 84492.6 1 95 1)
(68138 -111708 -63556.9 365 465 1)
(68140 102596 137793 241 341 1)
(68146 -32178.1 -2386.55 436 536 1)
(68153 -69345.4 -94609.9 90 190 3)
(68156 -88424.4 25056.2 227 327 1)
(68157 -30222.1 142727 232 332 3)
(68167 15229.4 4893.7 1 97 1)
(68175 -2930.65 -131944 290 390 1)
(68177 -43171.4 -75724.4 456 556 1)
(68185 -1902.69 -28445.9 365 465 1)
(68194 32284.8 -68611.4 498 598 3)
(68197 -110503 139015 262 362 1)
(68202 7112.03 1883.78 200 300 3)
(68204 10166.9 128794 594 694 1)
(68208 120716 45167 114 214 3)
(68212 60444.7 93515.1 496 596 1)
(68224 -7047.8 6874.36 104 204 1)
(68225 40552.4 -82584.4 384 484 3)
(68227 23279.3 145916 627 727 3)
(68234 -12002.4 -134017 443 543 1)
(68241 34202.9 -2191.47 69 169 3)
(68243 -85496.6 63260.2 505 605 1)
(68245 -77435.1 -31291 188 288 1)
(68251 -101630 -32349.2 470 570 1)
(68254 -47378.6 -75628.4 539 639 3)
(68256 -103619 -85692.6 378 478 1)
(68258 57436.9 -53501.3 425 525 3)
(68259 -76413 77688 321 421 1)
(68271 68413.7 -103646 18 118 1)
(68273 -33155.4 59261.9 461 561 1)
(68285 73619.1 92518.4 414 514 3)
(68290 63462.5 50154.4 487 587 1)
(68302 104698 28007.4 304 404 1)
(68303 -33190.4 -94838.5 543 643 1)
(68307 70526.6 5898.09 438 538 1)
(68313 -15042.8 -82607.7 99 199 1)
(68314 36298.4 -124835 235 335 3)
(68328 -2930.99 -85622.9 125 225 1)
(68332 17165.8 132560 6 106 1)
(68337 10133.3 -4150.72 292 392 1)
(68340 -122671 47162 478 578 1)
(68350 -113893 97452.9 472 572 3)
(68366 99594 -15477.1 88 188 1)
(68368 24190.5 -114880 402 502 1)
(68371 -124655 103459 161 261 1)
(68376 101759 786.916 254 354 1)
(68388 51351.2 55182.9 133 233 1)
(68390 13199.1 121725 303 403 1)
(68391 -41247.8 -28397.4 494 594 1)
(68396 -119775 -137080 556 656 1)
(68410 -1990.5 -128977 444 544 3)
(68412 94711.4 -121016 612 712 1)
(68425 -9610.31 -61479.3 490 590 1)
(68427 44244.7 15868.4 302 402 1)
(68432 -13980.9 -29294.2 402 502 1)
(68438 -24108.4 -29286.4 264 364 1)
(68445 76525.4 -130915 165 265 3)
(68450 95753.4 109577 479 579 1)
(68459 -41183.4 -120988 572 672 1)
(68462 17200.5 -8207.15 476 576 1)
(68470 67586.4 -3191.53 511 611 1)
(68474 -94599.5 -160.694 576 676 3)
(68485 87605.6 -61453 500 600 3)
(68487 -31150.7 -116860 263 363 3)
(68488 -58226.2 14941 86 186 1)
(68491 33468.5 -61784.6 533 633 1)
(68495 -117671 -107742 337 437 1)
(68498 24182.4 43121 62 162 1)
(68501 -1957.18 8941.89 35 135 3)
(68506 59414.2 143774 464 564 1)
(68509 -10968.2 11930 603 703 1)
(68513 31252.4 140701 260 360 3)
(68515 -104602 -10171.5 347 447 3)
(68519 98718.6 57269.4 492 592 1)
(68521 10181.3 20897.8 382 482 1)
(68524 -114561 -21227.8 38 138 1)
(68531 114706 -119884 122 222 1)
(68534 109788 -144046 521 621 3)
(68540 13198.8 -86743.1 526 626 1)
(68547 9961.12 -132007 301 401 1)
(68554 19228.8 42239.7 489 589 3)
(68556 35244.3 -132865 156 256 1)
(68564 -75405.6 -5122.01 410 510 1)
(68565 89546.2 -29265.7 40 140 1)
(68575 8114.03 -96812.1 530 630 1)
(68585 -75571.5 -89562.8 624 724 3)
(68586 -62311.8 -57468.8 293 393 1)
(68589 -68328.4 -7065.79 95 195 1)
(68595 85587.7 -113694 112 212 3)
(68596 -13068.4 114561 208 308 3)
(68603 31242.9 64247.7 153 253 1)
(68613 -41202.5 90450.8 441 541 1)
(68618 -120674 134713 120 220 1)
(68621 -63317.3 -120834 236 336 3)
(68638 74462 69259.7 121 221 1)
(68654 10209.9 76487.8 580 680 1)
(68658 -9018.13 76390.5 227 327 1)
(68663 79531.9 -17230.5 235 335 1)
(68667 121826 -3142.99 33 133 1)
(68669 -6972.36 3850.04 608 708 1)
(68671 -82401.7 -125808 66 166 1)
(68680 120888 -131214 423 523 3)
(68681 77547.5 98487.8 316 416 1)
(68687 83551.9 -81491.5 6 106 1)
(68689 -45252 -84704.4 408 508 3)
(68692 39321.8 -25324.6 449 549 1)
(68695 -108611 -83829.3 138 238 1)
(68697 23180.6 41074.5 26 126 3)
(68698 -50227.6 -14183 51 151 1)
(68703 7081.11 90324.7 1 100 1)
(68713 -43154.1 -2188.99 621 721 3)
(68719 -80395.8 -57520.1 429 529 1)
(68735 24289.1 -26301.3 532 632 1)
(68736 -50246 -124879 298 398 1)
(68740 18134.2 -25347.3 342 442 1)
(68747 18205.9 5896.73 376 476 1)
(68752 100685 18980.2 313 413 1)
(68755 -74380.5 -122832 171 271 1)
(68757 -105520 -141885 7 107 3)
(68760 46329 38040.2 217 317 3)
(68788 54454.5 -132076 587 687 1)
(68789 -40203.8 -22093.2 234 334 1)
(68793 42351.4 -56480.5 391 491 1)
(68795 -1937.38 -45346.6 347 447 3)
(68798 11275.6 118834 599 699 3)
(68804 69412.5 23043.3 51 151 1)
(68819 121745 23986.7 220 320 1)
(68825 -113598 -32307.7 158 258 1)
(68832 -64181.9 -78734.5 13 113 1)
(68840 57464.6 82395.5 464 564 3)
(68851 -4963.68 -105822 415 515 1)
(68852 106673 -142902 191 291 3)
(68858 -74230.4 -8149.64 266 366 1)
(68872 -18055.2 -65489.1 331 431 1)
(68874 -32339 -100700 120 220 1)
(68887 81474.2 -149944 118 218 1)
(68899 6989.45 -107777 205 305 3)
(68907 -12754.5 49352.1 390 490 1)
(68910 59416.7 -52402.4 54 154 3)
(68913 31291.4 -67603 535 635 3)
(68917 20192.4 -24272.6 175 275 1)
(68936 48388.6 -95813.1 575 675 1)
(68947 -18094.2 -89767.9 311 411 1)
(68951 -41164.5 -20306.1 311 411 1)
(68964 25314.8 -40298.8 457 557 3)
(68967 23237.8 -115855 358 458 1)
(68970 55495 -36403.2 246 346 1)
(68973 -13031.1 -109097 234 334 1)
(68979 3097.68 15998.6 560 660 1)
(68986 13145.1 -125962 443 543 3)
