(98012 -102032 -121083 64 164 1)
(98021 -63139.1 -75468.5 623 723 3)
(98022 77702.6 21073.9 363 463 1)
(98024 20992.8 86523.8 163 263 1)
(98026 -5951.38 100449 81 181 1)
(98031 43456.1 24313 272 372 1)
(98033 82453.9 -42397.5 96 196 1)
(98036 75469.8 63220.7 176 276 1)
(98039 -83483.2 -11182.1 442 542 1)
(98043 19177.7 -101651 52 152 3)
(98044 78651.9 3919.54 491 591 1)
(98047 44374.1 49212 356 456 1)
(98050 -64493.1 -85817.5 501 601 1)
(98060 -29028 -49254.2 114 214 1)
(98061 23185.2 -80564.8 100 200 1)
(98064 47319.5 55225.3 293 393 1)
(98070 6124.6 37125 596 696 3)
(98073 19336.5 9758.74 181 281 3)
(98082 -113755 -17277.9 608 708 3)
(98092 -62454.8 -28353.4 427 527 1)
(98093 15183.9 129674 149 249 1)
(98096 -74346.6 21996.5 1 98 3)
(98114 -72371.1 -97725.2 353 453 3)
(98124 73489.1 131680 237 337 3)
(98125 67457.7 53196.5 218 318 1)
(98138 -16008.6 -119882 377 477 1)
(98152 -31136.5 7907.46 474 574 1)
(98164 -82475.8 -62446.2 402 502 1)
(98173 -59242.9 66310.2 198 298 1)
(98174 -1679.21 -74593.9 149 249 1)
(98177 74391 76475.9 184 284 1)
(98179 35294.5 -96806.9 517 617 3)
(98184 55574.5 -87811.7 589 689 1)
(98185 -91456.4 -33326.2 82 182 3)
(98189 -59318.5 -27386.2 501 601 1)
(98206 8123.59 98482.5 83 183 1)
(98207 13232.2 10982 620 720 3)
(98208 124938 -109894 538 638 1)
(98219 -26305.9 -16406.2 286 386 1)
(98222 -99495.7 -129022 286 386 3)
(98232 -70353.7 -12152.3 186 286 3)
(98237 -81406 -101697 176 276 1)
(98246 67504.6 72327.7 188 288 1)
(98252 -18082.3 -56461 147 247 1)
(98254 11194.6 -104612 339 439 3)
(98259 94667.4 -70540.3 226 326 1)
(98263 89592 -87644.4 324 424 1)
(98264 -81370.5 -112699 1 99 3)
(98279 116738 17970.3 117 217 1)
(98286 52424.6 36113.9 463 563 1)
(98291 -13025.2 -28297.9 174 274 1)
(98292 -48229.3 3894.32 319 419 3)
(98295 -53273.4 -84595.2 124 224 3)
(98304 82560.8 19844.7 553 653 3)
(98313 -24252.2 -21304.5 394 494 1)
(98322 -105524 126594 110 210 1)
(98323 -66287.7 -102633 174 274 3)
(98326 -22042.7 107460 240 340 1)
(98329 6133.9 -143906 182 282 1)
(98330 -8958.49 -124943 428 528 1)
(98341 -16013.2 -1120.97 40 140 1)
(98349 -120845 112760 596 696 1)
(98350 -103533 -51468.4 530 630 1)
(98354 41417.2 -67529.8 77 177 1)
(98358 -124642 79349.8 72 172 1)
(98362 -98627.3 -62582.6 600 700 1)
(98366 64642.9 28027.9 621 721 1)
(98372 16190.4 -89687.4 415 515 1)
(98375 33381.1 -72368 108 208 1)
(98389 118901 100481 629 729 1)
(98396 -25062.6 -15242.8 121 221 1)
(98401 7056.13 57322 70 170 1)
(98405 -12018.8 51237.5 513 613 1)
(98409 -46226.4 97453.6 340 440 3)
(98421 35214.1 129606 171 271 1)
(98424 -92478.9 136744 306 406 1)
(98435 70500.4 77392.2 266 366 1)
(98437 -69746.4 35004.4 523 623 1)
(98453 -102599 48180.1 384 484 1)
(98454 -8013.46 -88680.6 462 562 1)
(98462 19970 41810.3 144 244 3)
(98463 -40190.3 -125926 385 485 1)
(98469 -105664 -27331.6 518 618 1)
(98470 -80445.7 -105806 255 355 1)
(98480 107750 92475.8 174 274 3)
(98484 -49543.5 -7959.41 139 239 1)
(98485 49423.8 -92823.3 623 723 3)
(98488 -44218 -8136.74 357 457 1)
(98506 -107551 31068.1 142 242 1)
(98519 -61283 -78547.2 138 238 1)
(98520 105723 124632 131 231 1)
(98524 -93512 7885.33 101 201 1)
(98526 -62313.2 94481.1 544 644 1)
(98528 -13022.9 -50432.4 417 517 3)
(98531 108637 6914.53 387 487 1)
(98536 92800.5 -129184 175 275 1)
(98538 -110724 5890.12 292 392 1)
(98547 122882 121659 397 497 3)
(98552 -83409.5 -62920.3 107 207 1)
(98558 71510.7 54329.8 467 567 3)
(98563 -8006.62 54179.4 569 669 1)
(98573 65522.3 54296.3 465 565 1)
(98576 63540.3 -55709.5 379 479 3)
(98577 38274.2 -49338.6 281 381 1)
(98578 -30142.1 -77563.2 219 319 1)
(98596 60310.8 64113.4 428 528 1)
(98601 -78510.3 -92569.5 196 296 1)
(98606 34311.8 -84730.4 566 666 1)
(98607 -48245.5 21997.3 335 435 3)
(98610 63724 -21230.2 438 538 1)
(98617 -7020.89 52207.3 57 157 1)
(98618 107778 18907.1 435 535 3)
(98621 -90342 -39312.3 42 142 3)
(98626 69.3366 -110804 272 372 1)
(98627 -83409.1 -34238.3 371 471 3)
(98637 -8093.94 -109679 79 179 1)
(98644 107719 23027.8 210 310 1)
(98658 87643.2 -143999 103 203 1)
(98660 -119699 -3137.05 401 501 1)
(98667 -18056.3 -120984 562 662 1)
(98668 -35231.7 3931.24 30 130 1)
(98669 -91577.5 -63587.4 523 623 1)
(98670 -65395.3 36127.4 399 499 1)
(98673 110705 131659 302 402 1)
(98679 11141.1 -97757.9 420 520 3)
(98683 84896.6 -142762 111 211 3)
(98685 40332.4 -140060 432 532 1)
(98687 71448.8 63228.2 63 163 1)
(98691 -39121.5 -130803 19 119 1)
(98701 -41224.4 -117875 343 443 3)
(98705 103822 72326.5 229 329 1)
(98706 -48293.7 -62572.3 440 540 1)
(98711 -120726 -56515.9 333 433 1)
(98715 95748.7 -66670.7 584 684 3)
(98719 -124749 -6174.35 121 221 1)
(98720 18203.7 84452 578 678 3)
(98732 -15095.5 -40420.7 353 453 1)
(98733 -20059.4 -42354 70 170 3)
(98735 -9960.94 56190.6 169 269 1)
(98741 22304 1138.9 131 231 1)
(98751 -55255.9 -27356.6 320 420 1)
(98754 -59278.9 -92645.8 1 95 1)
(98759 -68398.7 -89709.7 262 362 1)
(98763 47211.4 -5333.05 453 553 1)
(98767 -68414.3 -2187.69 421 521 1)
(98785 -60343.5 28117.6 179 279 1)
(98793 78586.1 4892.54 420 520 1)
(98814 -77377.2 -66497.1 51 151 1)
(98820 -113645 77371.1 379 479 1)
(98828 36301.8 129715 316 416 1)
(98830 -90365.7 69363.2 283 383 3)
(98835 112704 -117751 114 214 1)
(98837 -14939.7 25147.3 517 617 1)
(98840 -51233.2 48155.8 316 416 1)
(98841 -17984.7 -129063 503 603 1)
(98848 -119624 -68582.8 202 302 3)
(98852 33215.6 54252.3 396 496 1)
(98855 -78470.7 -149107 508 608 1)
(98856 -29123.9 88518.2 172 272 1)
(98865 -72966.7 -22083.1 430 530 1)
(98866 -15029.3 -130961 370 470 1)
(98867 -63319.1 24011.1 156 256 1)
(98871 -77263.6 20001.1 35 135 1)
(98874 11375.3 -70616.9 602 702 3)
(98875 -51198.8 5923.26 286 386 1)
(98888 100632 107448 35 135 1)
(98891 -103604 -110837 215 315 1)
(98892 -66335 -129965 397 497 1)
(98894 119706 -33338.9 172 272 1)
(98897 -100514 -148090 308 408 1)
(98900 -54279.9 68173.1 250 350 1)
(98906 -89388.5 23070.5 190 290 3)
(98907 -101195 50092.9 216 316 1)
(98909 -58314.6 75334.4 455 555 3)
(98910 3000.59 -72533.4 126 226 1)
(98921 -122611 -122796 43 143 3)
(98932 21177.2 -38341.4 176 276 1)
(98944 51378.5 74326 269 369 1)
(98950 -105626 97465.3 262 362 1)
(98956 -30122.8 -73680.2 588 688 -1)
(98960 12251.3 27265 78 178 3)
(98965 -9748.57 -103739 237 337 1)
(98973 -111576 19060.7 189 289 1)
(98989 -32143.7 111597 477 577 1)
(98991 48337.7 77348.8 24 124 1)
(98996 75560.7 -61532 427 527 1)
(98997 35263.1 46192.8 86 186 1)
(98998 94677.2 -115882 388 488 1)
