(191001 67364.6 100441 257 357 3)
(191006 42286.1 -103818 144 244 3)
(191010 -16008.3 -56463.9 364 464 1)
(191019 47381.6 -33357.4 449 549 3)
(191028 54396.6 -15238.3 274 374 1)
(191035 -33069.2 139684 2 102 1)
(191036 51426 147815 445 545 3)
(191042 -97569.1 -109.292 341 441 1)
(191055 -75455.2 -10204 616 716 1)
(191061 -38210.9 40119.7 607 707 1)
(191067 -117522 -96724.2 121 221 1)
(191070 21198 -40381.6 338 438 1)
(191088 51403.1 -50449 427 527 1)
(191089 -58354.9 39057.1 137 237 1)
(191091 -118655 -125932 392 492 1)
(191093 -15047.3 -38407.4 493 593 1)
(191099 -14932.8 147932 576 676 3)
(191104 17226.5 126897 447 547 1)
(191105 94719.8 -35154.9 234 334 1)
(191110 115910 -71536.9 550 650 1)
(191111 -104509 -31276.9 65 165 1)
(191113 44473.4 12706.7 248 348 1)
(191118 12121.8 -31282.9 117 217 1)
(191119 -40230.2 -20311.6 401 501 1)
(191130 50332.5 -141076 545 645 1)
(191134 -61328.8 9895.42 374 474 1)
(191136 113777 -86624.5 506 606 1)
(191138 48288.3 -61486.7 94 194 1)
(191142 -95647.3 114588 598 698 1)
(191145 121635 -83647 281 381 1)
(191146 97722.6 -71530.7 519 619 1)
(191148 -87468.1 31013.8 179 279 1)
(191152 -119687 -187.207 336 436 3)
(191155 44332.5 -73699.7 552 652 1)
(191156 -94408.5 93453.7 83 183 1)
(191165 -9953.85 61144.8 453 553 1)
(191175 -102490 -116827 195 295 1)
(191177 -9986.21 4906.96 221 321 3)
(191180 94867 142937 292 392 1)
(191183 29158.3 59209.7 123 223 1)
(191186 -58294.1 136752 450 550 3)
(191192 -27340.4 -26467.8 66 166 1)
(191197 8092.6 -122701 16 116 1)
(191199 -11010.5 -18263.2 470 570 3)
(191202 19198.9 -93727.1 374 474 3)
(191208 -108543 -79752.9 130 230 1)
(191228 -21044.6 4911.65 290 390 1)
(191235 55419.4 -77630.9 380 480 3)
(191237 -103611 -58530.3 452 552 1)
(191244 -108563 -100752 299 399 1)
(191247 -39169.4 21231.4 122 222 1)
(191248 20180.7 -40307.7 326 426 1)
(191253 39370.5 -105656 324 424 1)
(191256 -16047.9 -44449.2 490 590 1)
(191260 74369.5 -79627.5 27 127 1)
(191263 -94632.8 89371.8 251 351 1)
(191272 69566.8 -49505 616 716 3)
(191283 -25078.8 -134034 419 519 1)
(191284 -90540.1 -40455.1 500 600 1)
(191290 -39175.3 -49419 261 361 1)
(191297 42305.3 -115764 150 250 1)
(191301 18298.4 -65815.6 399 499 1)
(191306 -76328 61144 147 247 3)
(191307 112639 -86669.2 162 262 1)
(191309 -71431.4 -41332.7 314 414 3)
(191315 -23098.1 -152.704 524 624 1)
(191324 -79473.7 -124999 558 658 1)
(191335 -938.615 6930.64 230 330 3)
(191336 -19067 123609 233 333 1)
(191340 -28185.5 -124951 401 501 1)
(191341 50414.6 86453.5 544 644 1)
(191354 11123.2 -113774 157 257 1)
(191355 -37086.1 -76786.3 63 163 1)
(191358 -76408.5 129717 413 513 1)
(191360 64883 -72457.1 527 627 3)
(191364 29117.9 -141984 318 418 3)
(191382 13220 -114768 352 452 1)
(191383 101781 46185.4 481 581 1)
(191386 -38240.7 -111113 437 537 3)
(191392 8052.65 55249.5 361 461 1)
(191393 70439.3 91465.4 358 458 1)
(191400 11150.8 49185.8 569 669 1)
(191405 -54235.1 83319.9 43 143 3)
(191412 -31177.1 -96600.2 279 379 1)
(191414 14067.4 31020.3 450 550 1)
(191419 93745.9 9941.27 621 721 1)
(191421 82484.6 12957.6 18 118 3)
(191424 -76427.7 137773 440 540 1)
(191427 56349.2 26036.8 6 106 1)
(191430 41292 -122.993 117 217 1)
(191432 -50116.1 -58675 442 542 3)
(191436 -91494.9 84419 291 391 1)
(191440 -18107.6 29075.6 574 674 1)
(191443 -22159.1 80260.3 114 214 1)
(191451 56414.1 -113862 239 339 3)
(191454 23212.7 -127715 134 234 3)
(191463 -80492.6 -102848 513 613 1)
(191469 54412 -143049 387 487 1)
(191471 62441.8 117617 347 447 1)
(191472 -33397.7 -128873 157 257 3)
(191477 57442.1 -45414.2 323 423 1)
(191488 -9981.5 -39278.8 132 232 1)
(191490 5128.89 99645 237 337 -1)
(191494 32573.7 -35375.3 552 652 1)
(191502 -61170.7 37099.1 170 270 1)
(191504 -113556 142606 318 418 1)
(191505 31268.9 -113881 399 499 3)
(191506 71441.8 49152.2 45 145 1)
(191507 -98596.6 -28371.7 379 479 1)
(191515 23229 -98831.6 561 661 1)
(191527 25250.4 30049.1 181 281 1)
(191533 38226.9 -9150.06 62 162 1)
(191539 -4968.21 -120934 439 539 1)
(191544 71518.8 38102.8 346 446 1)
(191545 -77467.6 -37399.6 488 588 1)
(191550 82478.4 -50384.2 1 96 1)
(191564 29276 -95911.9 501 601 1)
(191571 -77473.8 -143091 323 423 1)
(191572 73754.8 137777 497 597 1)
(191574 -103496 -89723.9 23 123 1)
(191575 46298.8 -126883 412 512 3)
(191581 -41178.9 -94690.4 8 108 1)
(191587 9334.01 -116703 402 502 1)
(191588 46366.7 -8182.09 387 487 1)
(191592 -93495.1 22010 530 630 1)
(191593 103689 -98756.5 438 538 3)
(191596 17162.1 -4131.17 92 192 1)
(191607 -3883.33 86681.9 187 287 1)
(191611 93636.6 -74588.7 297 397 1)
(191620 -2955.29 -125992 467 567 1)
(191622 -77370.4 -9147.61 267 367 3)
(191627 -23075.8 85385.8 188 288 1)
(191639 108701 -106819 444 544 1)
(191645 28161.5 -119608 59 159 3)
(191648 34257.5 22016.5 197 297 3)
(191650 39319.7 42137.6 363 463 1)
(191660 57395.4 34082.2 370 470 1)
(191676 100775 149911 591 691 1)
(191677 -87541.8 139775 585 685 1)
(191682 71578.9 -101652 557 657 3)
(191689 -971.757 -6084.68 319 419 1)
(191690 -65349.4 84373.3 178 278 1)
(191696 35230.1 -20243.8 177 277 3)
(191698 -26115.3 74374 582 682 1)
(191716 -100590 -60429.3 186 286 3)
(191720 35320 -40447.2 603 703 1)
(191741 -113594 12946.3 156 256 1)
(191749 -52245.5 -88632.3 172 272 1)
(191753 -29204.9 42190.5 532 632 1)
(191755 -62334.4 -87694.4 46 146 3)
(191758 -12007.4 82410 366 466 1)
(191771 82602.8 881.225 507 607 3)
(191782 15301.9 1945.38 298 398 1)
(191787 3101.05 -106794 352 452 1)
(191793 57403.9 -61477.3 260 360 1)
(191794 60396.9 100414 151 251 3)
(191796 85602.8 25011.3 396 496 1)
(191805 86597.4 11935.4 287 387 1)
(191806 119865 -36383.6 424 524 1)
(191808 1108.4 23006.9 80 180 1)
(191809 -64372.8 3849.66 472 572 1)
(191824 85532.4 67325.9 280 380 3)
(191828 72540.7 -27341.6 372 472 1)
(191840 -122759 106556 426 526 1)
(191842 41258.7 -144044 188 288 1)
(191843 38389.5 -86633.1 377 477 3)
(191859 58798.5 -61632.5 515 615 1)
(191874 -5071.52 -99013.8 627 727 1)
(191876 -49241 -57498.2 396 496 3)
(191877 -82485.2 -65573.7 510 610 1)
(191879 -45193.3 72280.1 51 151 1)
(191884 123848 20000.1 295 395 1)
(191895 -21060.9 -46405.8 329 429 1)
(191898 -122633 -96640.6 82 182 1)
(191899 58365.1 4914.82 17 117 1)
(191911 107918 -86801.2 208 308 1)
(191917 29234.3 53141.3 473 573 1)
(191920 -108312 -10412.5 152 252 1)
(191923 36329.9 -137865 245 345 1)
(191926 -79472.2 50057.8 218 318 1)
(191938 37261.7 -61669.5 529 629 1)
(191939 16163.4 -74677.7 584 684 1)
(191944 54376.4 -48435.7 231 331 3)
(191949 -71551.1 64286.3 596 696 1)
(191954 119881 112572 226 326 3)
(191956 -13937.5 40156.1 484 584 3)
(191961 -68410.9 -23298 537 637 3)
(191963 -24094.4 -122987 536 636 1)
(191975 72545 -1123.38 87 187 3)
(191977 -119747 -52513.9 577 677 1)
(191981 18167.5 115559 206 306 3)
(191982 -28103.7 141681 120 220 1)
(191984 12181.1 -1302.97 626 726 1)
(191985 61405.9 -98550.4 55 155 1)
(191987 16321.1 -18255.1 603 703 1)
(191994 40345.7 -31388.3 379 479 1)
(191995 87373.4 -98736.3 268 368 1)
(191997 67552.4 -87744.4 599 699 1)
