(109006 113985 129669 602 702 1)
(109012 -108685 -63596.8 520 620 1)
(109015 -29124.6 -47443.5 384 484 1)
(109025 31297.4 10009.8 544 644 1)
(109028 -63312.4 -84629.6 214 314 1)
(109030 6137.49 -70581.6 221 321 1)
(109034 -26025.3 -20278 618 718 1)
(109036 11139.7 -79621.1 323 423 1)
(109038 -72452.1 -33387.3 592 692 1)
(109062 72541.7 29123.1 413 513 1)
(109065 21088.8 -30330.2 106 206 1)
(109069 8117.49 -81645 344 444 1)
(109084 86490.4 -133094 202 302 1)
(109086 -30254.8 4936.29 370 470 1)
(109088 -21080.7 57295.5 562 662 1)
(109089 37311.3 -2158.2 299 399 3)
(109095 -31035.3 -80073 344 444 1)
(109098 -118643 37083 225 325 3)
(109099 -34145.9 -108903 316 416 3)
(109100 99793.9 56899 556 656 1)
(109103 -38154.9 -102718 117 217 1)
(109106 106808 -109890 559 659 1)
(109110 -80394.7 114549 187 287 1)
(109112 -83317.8 -88600.3 46 146 1)
(109114 47377.7 -53504.1 599 699 1)
(109117 -73404.6 -99703.9 352 452 3)
(109119 37173.4 94341.1 101 201 3)
(109126 -10009.5 -84650.9 512 612 3)
(109132 -18069.9 -116152 597 697 1)
(109148 -27062.8 72306.6 405 505 3)
(109154 107743 -19505.4 375 475 1)
(109160 86436.5 131599 375 475 1)
(109163 61489.9 -40309.9 362 462 3)
(109169 91720.6 109566 598 698 3)
(109176 -81419.7 14972.3 297 397 1)
(109179 -27112.5 -148014 255 355 3)
(109183 20180.1 70281.8 169 269 1)
(109188 60474.3 27020.2 532 632 1)
(109200 -20074.3 -26265.8 178 278 1)
(109207 -62323.1 58255.8 510 610 1)
(109208 -117153 -11581.9 95 195 1)
(109221 90635.7 -51526.4 398 498 1)
(109223 18213.6 -24269.7 265 365 1)
(109229 -41184.5 -126843 116 216 1)
(109239 -15034.7 2894.11 88 188 1)
(109242 103680 -86635.5 147 247 1)
(109245 -79462.4 139667 294 394 1)
(109247 -1916.38 55198.6 619 719 1)
(109253 -10018.6 51215.4 476 576 1)
(109260 -64223.6 -105799 205 305 1)
(109265 48326.6 -40332.5 132 232 1)
(109270 50344.8 120564 162 262 1)
(109275 -62301.9 -58452.3 254 354 3)
(109284 -71388.2 -121894 347 447 1)
(109288 -7980.03 -43332.7 1 96 1)
(109297 -47369.5 -1973.69 477 577 3)
(109301 -45221.8 46161.4 291 391 3)
(109302 -81430 -108799 270 370 1)
(109311 94765.6 113554 413 513 1)
(109318 -101607 -87747.1 515 615 1)
(109328 -1954.71 74257.9 1 94 3)
(109333 -54225.3 2880.14 167 267 1)
(109337 28152.2 106474 278 378 3)
(109339 -81529.3 -16390.4 450 550 3)
(109340 50351.6 -27316 335 435 1)
(109350 108735 111704 440 540 1)
(109353 98596.5 66040.5 408 508 1)
(109355 -29112.7 61269.7 49 149 1)
(109356 50456.1 96556.6 586 686 3)
(109363 -59202.8 69111.7 288 388 1)
(109372 -106632 29061.7 530 630 1)
(109376 -80551.2 55308.7 592 692 1)
(109384 -55280.7 -109765 115 215 3)
(109385 -6069.59 -91610 112 212 1)
(109394 -5967.84 -49476.3 462 562 1)
(109406 -101591 -2079.75 40 140 3)
(109414 -37121.7 -74573.3 229 329 3)
(109415 41325.1 55216.8 178 278 1)
(109426 -101246 -80922 80 180 1)
(109428 -59286.6 72309.6 65 165 1)
(109429 22228.2 3906.65 288 388 1)
(109435 60443 95461.2 354 454 3)
(109438 85522.5 -60475.6 222 322 1)
(109445 8878.21 46224.8 198 298 3)
(109446 24145.3 -84660.9 58 158 1)
(109449 45410.5 -33365.3 609 709 1)
(109455 123726 27093.2 15 115 1)
(109466 81475 -90570.7 89 189 3)
(109468 -24045.2 -34340.1 578 678 1)
(109474 78595.1 -16241.1 466 566 3)
(109477 -17327.4 -16477.8 229 329 3)
(109479 -112704 -65580.8 548 648 1)
(109484 1092.44 24934.2 343 443 1)
(109491 53368 59347.6 444 544 1)
(109494 85676.5 -37423.6 629 729 3)
(109501 -52244.2 60291.5 174 274 1)
(109503 -76403.4 35131 27 127 3)
(109511 25197.8 -70709.2 575 675 3)
(109517 57435.3 -82685.6 446 546 1)
(109521 -119658 -132902 220 320 1)
(109526 65358.1 43201.9 212 312 3)
(109532 -110488 -60347.2 360 460 3)
(109535 58419.9 -55326.6 233 333 1)
(109553 112811 84379.6 434 534 1)
(109554 -29150.4 31081 223 323 1)
(109559 -47333 -2020.06 607 707 1)
(109561 51419.7 122679 560 660 1)
(109565 -44206.5 -47445.2 449 549 1)
(109567 72017.7 74436.8 9 109 1)
(109570 -26092.3 -22213.5 112 212 1)
(109571 -68328.4 114563 182 282 1)
(109573 -36127.2 -68569.1 407 507 1)
(109585 97740 -112922 528 628 3)
(109587 20198.9 -38421.8 397 497 1)
(109607 -73323.2 -5126.78 40 140 1)
(109616 52406.3 -49472.2 461 561 1)
(109620 -104551 -63484.9 172 272 1)
(109625 -943.438 57215.6 431 531 1)
(109632 -3997.13 38143.5 452 552 1)
(109633 -21073.7 46174.9 371 471 1)
(109635 124898 -89778.6 521 621 1)
(109642 39340.8 -87744.7 566 666 1)
(109656 -43282.7 32016.8 555 655 3)
(109658 1121.56 -62644.1 601 701 1)
(109665 14148.2 -80624.8 371 471 1)
(109669 5087.47 146761 265 365 1)
(109672 -28115.3 -55475.7 194 294 1)
(109674 15147.6 5908.46 159 259 -1)
(109679 75622.2 -51442.9 252 352 1)
(109683 -44478 -21611.2 359 459 1)
(109687 22166 -69606 452 552 3)
(109690 -66366.1 -9183.87 395 495 3)
(109701 -46241.5 11958.9 586 686 1)
(109706 45379 -1247.49 600 700 1)
(109709 101666 124658 370 470 3)
(109710 94663.4 -92.8613 539 639 1)
(109713 -77473 -14250.6 595 695 1)
(109714 -82472.2 -8079.4 238 338 1)
(109723 27290.4 -43344.2 121 221 1)
(109729 17065.3 -113842 314 414 1)
(109730 46367.2 -110915 352 452 3)
(109747 -21115.4 28072.7 513 613 1)
(109750 58402.3 101485 46 146 1)
(109762 72636 -117006 615 715 3)
(109767 90577.6 114552 125 225 1)
(109768 -59516.7 126708 169 269 3)
(109772 116808 38071.3 556 656 1)
(109773 77470.2 -101914 389 489 3)
(109778 -80492.3 55244 528 628 1)
(109781 65501 -65569.3 445 545 1)
(109782 -27105.1 -56439.6 418 518 1)
(109787 -13896.3 -54638.2 541 641 3)
(109788 50214.1 15312.4 54 154 1)
(109789 -87162.7 12976.6 230 330 1)
(109800 88665.7 119655 545 645 1)
(109805 53359.1 -112770 165 265 1)
(109807 -20375.1 -142231 469 569 1)
(109808 -119769 -128894 463 563 1)
(109810 -91521.7 73320.2 323 423 1)
(109814 16261.3 -139983 477 577 1)
(109827 -32128.3 31113.3 386 486 1)
(109833 106710 -129742 260 360 1)
(109844 21198.2 89413.7 32 132 1)
(109847 49314.6 -141858 54 154 1)
(109851 52296.4 18814.1 154 254 1)
(109855 47247.6 82392.8 301 401 1)
(109860 -65307.2 -100752 223 323 3)
(109871 88603.6 43164.2 340 440 1)
(109874 -29060 -35372.9 128 228 1)
(109882 35318.6 -21286.7 408 508 3)
(109885 46.0444 -115736 133 233 1)
(109901 70472.7 -83751.8 359 459 1)
(109908 29280.9 -107852 494 594 1)
(109909 -104579 -42396.3 301 401 3)
(109914 64412.1 -61433.3 239 339 3)
(109915 -114720 -85743.5 532 632 3)
(109916 -105664 28056.4 462 562 1)
(109925 5056.27 93355.1 193 293 1)
(109928 20184.5 11974.4 540 640 1)
(109929 -46250.8 108601 539 639 1)
(109934 112889 113683 627 727 1)
(109938 -86445.8 -114765 43 143 1)
(109942 15150 117644 100 200 1)
(109952 -46240.5 97444.4 107 207 1)
(109954 61459.9 -122781 178 278 3)
(109962 -10015.1 -62500.3 207 307 1)
(109966 -60273.4 -148098 381 481 3)
(109969 53174.7 -112922 608 708 1)
(109972 -28139.4 -125935 407 507 1)
(109979 24198.5 25006.8 337 437 3)
(109982 -81320.5 100533 6 106 1)
(109983 46389.3 -87681.9 229 329 3)
(109989 89699.4 17979.3 581 681 3)
(109993 -17051.1 67262.2 252 352 1)
(109996 23195.7 -8172.17 211 311 1)
