(6002 44.8099 89512 324 424 1)
(6005 -96575.5 126713 526 626 1)
(6006 -30084.2 80319.2 10 110 3)
(6007 -113610 -104771 189 289 1)
(6008 -17903.8 -10130.6 82 182 1)
(6033 -111688 -56529.1 494 594 1)
(6034 62501.3 -67564.1 418 518 1)
(6036 -73370.9 -75564.5 186 286 1)
(6041 -55325 -129945 384 484 1)
(6042 -8965.7 -41387.4 347 447 1)
(6043 54373 -135897 253 353 1)
(6044 21089 -89416 21 121 3)
(6047 -8977.74 62319.7 589 689 1)
(6053 -82517.8 -96690.5 268 368 1)
(6075 -112714 -16244.8 531 631 1)
(6079 71486.8 -108792 263 363 1)
(6084 116884 -102880 589 689 1)
(6085 63358.7 18985.2 70 170 1)
(6088 27218.7 57221.2 48 148 3)
(6093 -36215.5 88450.6 135 235 3)
(6096 45040.3 -119996 386 486 1)
(6101 -101539 72256 6 106 1)
(6113 -28015.1 -75610.3 410 510 1)
(6115 95751.5 -28293.1 432 532 1)
(6124 -7010.56 7955.19 100 200 1)
(6145 -93463.1 -27294.4 132 232 3)
(6147 -83436 -53564.3 322 422 1)
(6149 -36038.9 -133924 273 373 1)
(6152 42265.1 77192.3 365 465 3)
(6156 67530.1 6900.15 309 409 3)
(6177 -43234.7 -128999 494 594 1)
(6193 -63315.6 47155.3 262 362 1)
(6198 -25103.1 107285 266 366 3)
(6206 -111656 -60295.2 270 370 1)
(6207 -25099.1 -12136.2 409 509 1)
(6216 5102.53 -115778 167 267 1)
(6224 56248.5 4765.74 593 693 1)
(6227 -10886.6 16920.5 118 218 1)
(6228 -39161.5 -87593.3 112 212 1)
(6229 -17032.3 -143100 459 559 1)
(6231 -12053.8 90813.7 624 724 1)
(6233 -37396.5 135737 77 177 1)
(6235 17084.7 46123.8 261 361 1)
(6236 -16023.4 -71484.3 1 97 1)
(6239 67469.7 50295.8 161 261 1)
(6242 -93433.3 -116849 374 474 1)
(6243 17162.5 -126871 110 210 1)
(6246 17391.3 -83528.5 542 642 1)
(6288 -99568.5 129703 390 490 1)
(6306 120645 -1228.01 257 357 3)
(6309 4151.58 -123812 40 140 1)
(6310 -107588 113597 326 426 3)
(6312 72578.6 -109742 396 496 1)
(6313 -3892.88 68330 500 600 1)
(6314 24449.8 89826.5 21 121 3)
(6316 42288.8 33066.8 51 151 1)
(6319 68485.6 -36203.4 31 131 1)
(6328 120808 -126889 215 315 3)
(6332 -8987.46 -51455.2 357 457 1)
(6335 59488.7 -18165.5 579 679 1)
(6338 -50295.8 -41429.2 604 704 3)
(6345 -103490 -40317.8 7 107 1)
(6350 42683.3 -26644.3 135 235 1)
(6354 -14064.2 -139084 559 659 1)
(6369 -117758 -51468.4 434 534 1)
(6370 19174.7 -126862 171 271 3)
(6371 36416.5 36934.8 449 549 3)
(6376 -61396 -109968 536 636 1)
(6381 61507 -60565.6 612 712 3)
(6383 97821.5 142913 535 635 1)
(6390 30279.6 -84723.4 593 693 1)
(6394 -84432.5 -95644.7 163 263 1)
(6406 -21080.6 -33337.1 211 311 1)
(6420 -11011.3 89542.1 614 714 1)
(6431 -81504.5 -148081 305 405 1)
(6434 -26263 -64043.7 266 366 1)
(6435 19186.3 -58512.3 366 466 1)
(6436 -45214.3 -147022 268 368 1)
(6440 58343.7 8930.39 43 143 1)
(6447 -11921.8 81465.3 610 710 1)
(6448 103796 -78693.6 409 509 1)
(6450 91702.3 -17249.9 484 584 1)
(6452 -23220.5 -41765.3 147 247 1)
(6454 27374.1 -35362.3 481 581 1)
(6463 -63306.3 -101688 125 225 1)
(6465 84658 56118.2 309 409 1)
(6468 31298.7 -66563.6 345 445 1)
(6473 -73411.2 -132971 456 556 1)
(6481 -121795 17975.4 578 678 1)
(6485 -94634.2 57289.7 591 691 1)
(6492 -21072.3 -135076 470 570 1)
(6494 65474.5 -23382.5 615 715 1)
(6497 35242.8 40064 76 176 3)
(6498 4131.18 -130003 628 728 1)
(6499 111829 14960.2 422 522 1)
(6502 122877 -139058 445 545 1)
(6508 -13990.8 46065 451 551 1)
(6509 -42175 -90669.7 319 419 1)
(6511 -946.559 -120794 114 214 1)
(6519 65386.6 -20188.3 60 160 1)
(6528 65249.3 104579 152 252 1)
(6530 -124645 120677 227 327 1)
(6536 -75399.1 -61453.2 196 296 1)
(6541 91536.6 37046 211 311 1)
(6544 -62366.2 -33348 527 627 1)
(6545 47166.4 3886.48 478 578 1)
(6552 -80329.6 59016.8 410 510 3)
(6566 14148.6 -144.661 358 458 3)
(6567 9018.55 1901.2 186 286 1)
(6568 -53253.3 142643 222 322 1)
(6575 -120734 -93758.1 455 555 1)
(6579 72593.3 -91790.9 577 677 1)
(6582 37412.1 67402.5 320 420 1)
(6599 26101.4 34044.6 75 175 1)
(6607 -25063.6 35079.1 548 648 1)
(6611 7100.73 -103658 2 102 1)
(6612 -27011.2 -145230 562 662 3)
(6614 -87583.7 40095.9 386 486 1)
(6624 -22990.2 -38372.4 387 487 1)
(6625 63434.1 89472.9 95 195 1)
(6631 32258.8 4796.28 39 139 1)
(6637 83674.6 142849 568 668 1)
(6641 -109534 20978.3 1 98 1)
(6646 -13124.6 45231.9 167 267 1)
(6647 21193.9 -89813.5 557 657 1)
(6663 -82510.6 -13263.8 457 557 1)
(6665 -16056.9 114553 200 300 1)
(6669 -19065.9 114585 238 338 3)
(6675 64432.8 140696 162 262 1)
(6678 -105541 75288.4 118 218 1)
(6683 -80486 57250.5 527 627 1)
(6686 -36128.7 -43355.2 52 152 1)
(6699 28176.1 -54.0099 240 340 1)
(6704 121823 -61558.6 428 528 3)
(6708 76498.4 66359.5 314 414 3)
(6713 -40244.4 -42381.8 317 417 3)
(6736 83708.1 -96673.6 418 518 1)
(6738 55459 114643 543 643 1)
(6750 72525.6 -92644.1 372 472 1)
(6752 31173.4 -135942 189 289 3)
(6771 -113718 47094 363 463 1)
(6776 24260.2 -36362.4 448 548 3)
(6786 -27043.9 76524.7 515 615 1)
(6799 63522.4 -66570.1 489 589 1)
(6802 41367.6 63209.9 7 107 1)
(6808 -24138.1 60197.3 369 469 1)
(6809 85660.1 -6091.08 241 341 3)
(6814 94429.1 34124.4 336 436 1)
(6817 -105670 109611 581 681 1)
(6825 -13021.2 -22295.5 444 544 1)
(6826 -27057.2 99344.7 85 185 3)
(6831 69483.6 134721 326 426 1)
(6832 119864 -47434.4 422 522 3)
(6841 -100625 -95688.8 102 202 3)
(6849 -49282.1 -6183.8 426 526 1)
(6857 -51313 -113983 564 664 1)
(6877 57458.1 -2170.13 577 677 3)
(6888 -51093.9 107796 225 325 1)
(6891 37315.4 -130949 256 356 1)
(6892 78564.8 144844 543 643 1)
(6901 -7992.69 -61482.6 159 259 3)
(6917 -46238 82466.3 439 539 1)
(6924 53478.7 -70569.7 529 629 1)
(6930 107745 -23285.4 393 493 3)
(6942 77540.9 -47435.1 307 407 1)
(6943 13156.2 -115883 176 276 1)
(6945 88583 18949.7 198 298 1)
(6953 95546.7 5956.68 172 272 1)
(6954 -25059.2 12957.3 298 398 3)
(6955 -10011.7 4910.5 120 220 1)
(6962 -33162.4 -84668.1 354 454 1)
(6967 -36211.6 -25299.3 294 394 1)
(6970 80600.1 72322.8 316 416 1)
(6973 114820 87452.3 231 331 1)
(6979 -7994.99 108513 354 454 1)
(6980 -43214.6 -33216.6 134 234 1)
(6982 -31110.4 17979.8 156 256 1)
(6985 -77479 26981.5 420 520 1)
(6994 -34083.9 64242.9 589 689 1)
(6995 86553.5 -64473.2 98 198 3)
