(21003 36221.2 -111744 109 209 1)
(21006 38333 138764 404 504 1)
(21010 -69194.3 -75813.8 442 542 1)
(21011 -39482 -65758 542 642 1)
(21023 -4011.11 -70653.2 434 534 3)
(21030 -124630 20036.9 30 130 1)
(21032 110739 -112818 254 354 1)
(21038 -9994.4 109586 163 263 1)
(21039 75517.3 -64510.4 223 323 1)
(21042 -23102.4 2867.92 581 681 1)
(21046 33375 -101834 611 711 1)
(21047 -121731 -96823.5 536 636 1)
(21048 -108580 66310 106 206 1)
(21049 106724 82377.2 71 171 1)
(21051 113017 -18434.8 282 382 1)
(21053 -57297.1 -139039 433 533 1)
(21055 7400.25 128487 96 196 3)
(21057 6037.7 -112811 1 94 1)
(21060 -9007.06 148874 202 302 1)
(21079 1083.13 -84507.8 67 167 1)
(21082 117758 11939.8 192 292 3)
(21087 -86520.6 78389 484 584 3)
(21091 -88601.6 19976.9 361 461 3)
(21102 117775 69274.3 212 312 1)
(21105 67486.5 38094.8 248 348 1)
(21108 -7152.86 2904.33 619 719 1)
(21119 -28121.5 -66452.4 62 162 1)
(21121 -53318.6 3910.4 610 710 3)
(21133 -45192.1 -56455 156 256 1)
(21135 53448.9 1874.84 137 237 1)
(21137 -24911 -79490.2 271 371 1)
(21141 -88546.2 17009.3 116 216 1)
(21142 18228 -137069 399 499 1)
(21149 39499.8 -102591 74 174 3)
(21163 98783.6 26038 622 722 1)
(21167 -8968.72 -12144.2 27 127 1)
(21174 -5964.91 -6160.9 514 614 1)
(21177 -28092 -49395.6 11 111 1)
(21181 1053.05 1924.59 93 193 1)
(21183 11148.6 117638 314 414 3)
(21187 -2944.64 -58558.6 557 657 1)
(21193 -115610 -7164.04 293 393 1)
(21196 100719 -56537.1 433 533 1)
(21197 20153.3 -2149.88 157 257 1)
(21200 81344.1 -77545.1 125 225 3)
(21204 97871.3 23057.8 532 632 3)
(21205 -82337.7 -55552.6 501 601 3)
(21215 53452.4 -86470.6 179 279 1)
(21227 4687.7 102575 86 186 1)
(21231 -47178.9 -126794 193 293 1)
(21235 -6986.09 -96733.1 329 429 1)
(21241 799.064 75250 395 495 1)
(21246 -107613 -29173.5 295 395 3)
(21248 117896 50232.8 529 629 1)
(21249 -36167 -65555.2 404 504 3)
(21251 58443.7 42132.2 381 481 1)
(21253 122837 -93776.5 319 419 1)
(21255 11119.9 -47381.8 251 351 1)
(21287 95312.7 -48334.4 220 320 1)
(21292 20205.3 -52420 185 285 1)
(21308 46298.1 37051.7 188 288 3)
(21317 112680 -43373.4 32 132 1)
(21324 66658.2 -138170 622 722 1)
(21326 91693.4 -93764.9 513 613 3)
(21330 79565.7 -74608.3 396 496 1)
(21337 102785 133797 622 722 1)
(21339 -52286 -138028 376 476 1)
(21346 6092.32 131736 535 635 1)
(21347 89485.5 58350.2 389 489 1)
(21350 83569.1 97412.4 75 175 1)
(21368 24240.2 126560 1 97 1)
(21378 -79434.6 -70615.7 525 625 1)
(21380 -73344.9 -142938 99 199 1)
(21382 65568.2 -41411.8 602 702 1)
(21387 12022.5 109470 70 170 1)
(21389 -110676 -109890 326 426 1)
(21396 -86954.2 26981.1 498 598 1)
(21401 -50261.6 -69413.3 329 429 3)
(21402 48247.1 68382.5 437 537 1)
(21404 -32051.9 123347 187 287 1)
(21426 91592.1 111528 183 283 1)
(21433 -64172 -39214.1 66 166 1)
(21444 70362 48243 415 515 1)
(21457 5092.29 26014.8 350 450 1)
(21463 -23046.5 -104752 141 241 3)
(21465 -89529.1 -33299.1 354 454 1)
(21466 60487.8 145869 532 632 3)
(21467 7101.11 72354.8 451 551 1)
(21473 -25010.1 -141876 80 180 1)
(21476 -121714 -97877 561 661 1)
(21477 -121769 -82712.3 493 593 1)
(21488 -14024.4 2873.1 597 697 1)
(21495 119819 50255.8 293 393 1)
(21516 -33302.7 31279.1 389 489 1)
(21520 -57298.1 -96701.6 206 306 1)
(21524 -95634.3 -83702.4 608 708 1)
(21526 -1959.59 -27293.7 178 278 1)
(21537 20230.3 -88634.4 295 395 1)
(21546 -945.724 -99673.9 110 210 1)
(21549 -60214.3 54166.7 401 501 1)
(21559 -21085.1 81430.9 540 640 1)
(21564 -6975.01 -38397.6 428 528 1)
(21566 52383 22023.2 347 447 1)
(21574 48.8098 79327.7 78 178 1)
(21578 29276.8 -107890 582 682 1)
(21587 81618.2 -135094 457 557 1)
(21594 -37220.2 -117831 163 263 1)
(21615 -70314.1 -52398.8 99 199 1)
(21620 -111549 -17177 74 174 1)
(21622 -13078.1 -103825 418 518 1)
(21623 -82492.4 -36352.7 181 281 1)
(21632 47388.3 -28336.1 419 519 3)
(21633 -88508 -140066 268 368 1)
(21634 -27115.6 1934.31 264 364 1)
(21636 -119655 45130.5 289 389 1)
(21638 46361.7 13004.3 290 390 3)
(21639 -119698 -54589.1 165 265 1)
(21649 -10012.4 -87717.8 411 511 1)
(21653 -37198.4 -139175 350 450 3)
(21655 107838 125671 403 503 1)
(21656 -41155.1 29104.2 87 187 3)
(21660 49367.6 84387.9 295 395 1)
(21662 1165.91 -73642.9 477 577 1)
(21666 -53125 -118964 277 377 3)
(21680 -39267.6 -121890 430 530 3)
(21685 -110679 33088.6 260 360 1)
(21688 36226.9 -72003.1 263 363 1)
(21692 19222.1 29038.3 295 395 1)
(21710 -19039.7 -68507.4 122 222 3)
(21714 -57307.6 -44411.3 245 345 3)
(21718 -83462.7 -77582.9 266 366 1)
(21735 -74491.9 -25420.8 535 635 1)
(21748 -73404.8 -106795 351 451 1)
(21750 -39190.9 131821 266 366 1)
(21757 -28091.4 -52514.7 624 724 1)
(21758 68500.8 -52545.8 508 608 1)
(21760 109712 118567 224 324 1)
(21771 95562.7 -39312.9 1 95 1)
(21773 -16046.8 -92725.2 356 456 1)
(21780 -19061.5 -65615.4 528 628 1)
(21784 -105680 -55526.1 409 509 1)
(21792 30231.9 -79559.3 102 202 1)
(21804 -48790.8 -65170.3 69 169 1)
(21807 -72416.6 88318.9 381 481 1)
(21808 -39167.6 -55446.9 157 257 1)
(21817 10143.1 69282.8 175 275 1)
(21822 -118653 96626.4 609 709 1)
(21825 5111.34 110580 381 481 1)
(21830 121676 -8179.49 8 108 3)
(21837 -4890.34 -113841 241 341 1)
(21840 10013.7 -62451.8 332 432 1)
(21849 -29033.3 104569 580 680 3)
(21862 93583 94419.5 220 320 1)
(21871 121666 78449.4 85 185 1)
(21875 -12042.2 127629 158 258 1)
(21881 -61282.8 -63581.6 317 417 1)
(21889 31315.2 31182.9 26 126 1)
(21891 -22060 63234.6 8 108 3)
(21892 63467.6 141081 520 620 1)
(21893 27262.3 13864.3 453 553 1)
(21896 -30175.4 52219.6 233 333 1)
(21909 104629 -15074 96 196 3)
(21912 17169.2 -104870 189 289 1)
(21913 -123733 94444.5 315 415 1)
(21914 -56184.4 21735.4 278 378 1)
(21917 -106636 -26386.2 513 613 1)
(21919 -118653 -145205 507 607 3)
(21935 -41052.1 -23300.7 529 629 1)
(21938 -55328.4 -97894.3 580 680 3)
(21940 -46251.4 13941.8 427 527 1)
(21944 -62287.7 -20228.3 62 162 1)
(21946 10434.5 -137639 598 698 1)
(21947 26320.7 22778.4 513 613 1)
(21949 -76414.9 -29221.4 154 254 3)
(21951 84586.2 15965.7 304 404 1)
(21959 -111618 -71579.4 272 372 1)
(21962 -21058.6 -122878 335 435 1)
(21964 -42198.6 10934.3 40 140 1)
(21969 54440.7 -125980 491 591 1)
(21977 -72344.2 28015.5 183 283 1)
(21981 108733 114577 371 471 1)
(21986 -16989 131839 577 677 1)
(21989 -124852 -144157 591 691 1)
(21993 -67268.9 36085.4 8 108 1)
(21998 -17145.8 -109153 437 537 1)
