(124001 1076.11 29090.3 430 530 1)
(124006 84296.9 -124987 362 462 1)
(124007 -83593.1 16043 538 638 1)
(124013 -75564.2 19028.7 628 728 1)
(124022 4079.02 72325.6 234 334 1)
(124023 121697 -125774 5 105 1)
(124025 33616.7 -72561.3 170 270 1)
(124045 -56139.9 -4221.02 583 683 3)
(124056 -25127.3 -58501.1 131 231 1)
(124057 64418.4 128473 213 313 1)
(124061 -37202.4 -78576.8 519 619 3)
(124067 -24098.1 -88662.1 278 378 1)
(124086 -10009.6 122766 605 705 1)
(124087 93734.6 -10258.4 562 662 1)
(124088 -79473.4 -121968 507 607 1)
(124089 74448.5 -109759 211 311 1)
(124090 -75407.5 97522.2 320 420 1)
(124092 52437.2 -49442.7 474 574 1)
(124094 -953.841 24849.6 601 701 1)
(124096 -11040.1 -74597.9 175 275 1)
(124098 86551.5 -115777 146 246 1)
(124108 -7995.44 -135995 364 464 1)
(124111 -72379.2 -55460.4 263 363 1)
(124118 89547.2 9061.6 1 93 3)
(124128 -51159.4 -35291.5 510 610 1)
(124136 91691.8 -92780.2 526 626 3)
(124142 16148.9 -47377.2 63 163 1)
(124145 -114734 -19415 416 516 3)
(124147 -22097 7773.09 404 504 1)
(124150 110617 110513 1 97 1)
(124153 -101511 -115713 10 110 1)
(124155 -81476.6 14964 481 581 3)
(124156 13166.7 140776 284 384 3)
(124168 -60049.7 -37453.5 49 149 1)
(124172 -48216.1 -14256.7 238 338 1)
(124175 57404.2 -32373.1 616 716 3)
(124182 97720.4 -123009 229 329 1)
(124184 96629.5 -71435.1 43 143 1)
(124191 -62376.7 -99800.4 436 536 1)
(124208 -14009.6 -93625.3 88 188 1)
(124232 -46185.8 109440 169 269 3)
(124236 73632.6 -105902 529 629 1)
(124242 -3929.39 -56425.5 316 416 1)
(124245 22213.1 32087.9 537 637 1)
(124248 -80538.1 -112940 577 677 1)
(124256 7108.77 -67596.3 445 545 1)
(124258 -14139.2 -111851 213 313 1)
(124263 -63461.7 28546.1 446 546 3)
(124271 -58701.6 -88863.9 551 651 3)
(124273 -81466.2 -42402.1 310 410 1)
(124283 28219.6 -60463.7 245 345 1)
(124287 8105.45 -30397.5 590 690 1)
(124289 -68372.2 6886.85 39 139 3)
(124298 -82480.6 -23257.7 536 636 1)
(124303 -98434.3 -73825.9 476 576 1)
(124306 1083.4 21000 87 187 1)
(124313 -105562 142741 339 439 1)
(124315 -16027.8 -118914 415 515 3)
(124323 -88478.7 123609 232 332 3)
(124328 -107526 -147910 55 155 1)
(124335 93669.7 42172.3 586 686 1)
(124347 -94453.3 -128899 173 273 1)
(124353 -67315.4 51178.3 60 160 1)
(124379 68526 39052.8 277 377 3)
(124383 59438 -58520.3 423 523 3)
(124386 32275.9 75356.3 299 399 1)
(124389 13157.4 141860 594 694 3)
(124391 98478.1 -78519.1 590 690 1)
(124393 -11030.3 -27307.8 325 425 1)
(124420 -110717 -126026 593 693 3)
(124437 -110540 -119705 37 137 3)
(124440 101733 -21245.6 417 517 1)
(124445 32225.1 121514 1 96 3)
(124446 17173.8 -148070 357 457 3)
(124447 -104523 15953.5 165 265 1)
(124455 71564.2 12946.5 620 720 1)
(124459 113710 44116.7 109 209 1)
(124466 -85478.6 37111.4 364 464 1)
(124471 -28133.7 30076.9 279 379 1)
(124493 -24060.5 -15261.4 379 479 3)
(124495 -117712 21003.8 507 607 3)
(124498 -1776.34 31035.3 570 670 1)
(124526 59357.2 31984.2 66 166 1)
(124531 -2948.05 64280.8 463 563 3)
(124532 -61501.1 135696 240 340 1)
(124541 66146.6 -33525.9 249 349 1)
(124546 13165.4 -79618 393 493 3)
(124552 -96491.7 6904.8 118 218 1)
(124553 103583 69242.6 44 144 1)
(124554 -51223.3 -125776 1 99 1)
(124559 76589.7 7918.93 562 662 1)
(124567 -74536.6 30031.2 422 522 1)
(124568 -61345.1 -148969 81 181 3)
(124576 -16292.4 -86786.6 183 283 3)
(124579 71542.4 45187.5 385 485 1)
(124582 66538.6 -1171.01 231 331 1)
(124586 -117602 77437 319 419 1)
(124588 -98539.6 -87635.6 238 338 1)
(124600 -49249.2 -70505.1 242 342 1)
(124609 -15215 -21506.3 5 105 3)
(124610 44196.2 -145956 33 133 1)
(124611 -72579.5 -109989 550 650 3)
(124622 -63275.6 -52478.7 63 163 1)
(124631 -78471.9 -60555 536 636 1)
(124637 -853.131 6933.85 82 182 1)
(124649 59423.6 -52528.8 438 538 1)
(124658 -7970.12 -62515 318 418 1)
(124659 -113686 31069.9 235 335 1)
(124663 -48257.2 -62516.9 303 403 1)
(124664 57334.6 100581 301 401 1)
(124678 -47237.7 -141041 324 424 1)
(124698 -35175.1 46179.5 582 682 1)
(124704 -21125 -123021 357 457 1)
(124711 -2982.79 -64633.9 608 708 1)
(124713 97791.9 -28350.9 571 671 1)
(124723 63800.5 -45220.8 1 95 3)
(124729 -106511 -32305.9 30 130 3)
(124731 -35090.1 49175.6 57 157 3)
(124745 -36179.1 41105.8 22 122 1)
(124747 12100.8 94506.1 546 646 1)
(124758 38212.1 -2281.94 156 256 1)
(124761 66502.3 -110877 455 555 1)
(124770 -57330.2 -84761.6 598 698 3)
(124773 12141.7 -69582.8 277 377 1)
(124779 104690 -14310.3 339 439 3)
(124780 -66542.9 -9238.99 486 586 1)
(124781 -45252.5 -44430.5 466 566 1)
(124782 90626.7 39140.1 302 402 1)
(124800 10073.6 46043.6 107 207 1)
(124801 -76451.1 136712 301 401 1)
(124803 86608.6 -26300.7 351 451 1)
(124805 -10015.3 -37384.7 385 485 1)
(124807 31313.7 108707 503 603 1)
(124808 74566.8 863.961 499 599 1)
(124809 -93405 -17278.3 51 151 1)
(124811 32255.2 -39436.1 312 412 1)
(124813 58356.9 -81635.3 214 314 1)
(124826 -75366.2 38089.5 201 301 1)
(124835 -41196.2 8938.3 516 616 3)
(124838 7141.78 -27322.3 420 520 1)
(124845 -48104.2 28939.7 217 317 1)
(124847 -96469.9 22927.2 119 219 1)
(124863 -89559.3 8876.78 377 477 1)
(124865 -76390.4 58056.7 54 154 1)
(124871 23249.7 100470 442 542 3)
(124880 62561.9 -120952 465 565 1)
(124881 68547.4 -64486.1 132 232 1)
(124887 -18986.3 49459.6 418 518 1)
(124889 -13008.4 -56456.8 246 346 1)
(124890 -110522 29886.2 26 126 1)
(124894 -11005.5 17986.7 46 146 1)
(124895 -58284.3 -49455.4 107 207 1)
(124896 111890 34113.7 576 676 1)
(124904 -4973.45 50260.3 437 537 1)
(124912 45218 136633 187 287 3)
(124924 -98452 -13183.8 122 222 1)
(124927 -62257 -13164.9 206 306 1)
(124933 -49266 -28354.9 429 529 1)
(124952 79633.6 50164.9 549 649 1)
(124966 -19142.9 -89780.6 538 638 1)
(124969 -77386.5 -68415.8 26 126 1)
(124973 5081.03 -54400.4 20 120 1)
(124974 -55254.6 -27384 340 440 1)
(124994 36338.4 118723 553 653 1)
(124996 -53296.5 -18236.3 502 602 1)
(124997 -80416.7 -2207.02 393 493 1)
