(137003 24226.7 25032.3 433 533 1)
(137004 102872 4952.14 485 585 3)
(137008 -36151.7 -73532 99 199 1)
(137013 -77418.8 -147046 319 419 3)
(137036 4113.83 -49522.5 555 655 1)
(137039 -105615 70337.6 523 623 3)
(137045 -4963.23 144743 225 325 1)
(137056 -39161.5 63268.9 143 243 1)
(137072 28084.3 -57559.8 402 502 1)
(137073 -12015.7 -34295.9 252 352 3)
(137076 80572.6 -18284 626 726 1)
(137086 -74444.4 -3115.19 344 444 1)
(137099 -94443.4 114502 26 126 3)
(137101 -19057.5 -80561.8 115 215 1)
(137104 78538.5 28965.8 378 478 1)
(137119 -9957.57 -19320 610 710 1)
(137121 121640 22990.4 35 135 1)
(137125 88706.7 -139105 499 599 3)
(137132 -68367.4 -53440.8 199 299 3)
(137140 -8997.14 16968.8 104 204 3)
(137144 -100659 111648 594 694 1)
(137149 12156.8 -79667.2 401 501 1)
(137151 90752.9 25098.8 348 448 3)
(137152 36219.5 -91631.9 30 130 3)
(137156 -2764.2 -54455 133 233 1)
(137170 -89471.1 -90680.2 184 284 1)
(137193 21164.1 -89676 277 377 1)
(137197 -42235.3 -40427.1 547 647 3)
(137204 43201.1 -58457.4 615 715 3)
(137206 -20176.8 114596 503 603 1)
(137210 -62364.9 2008.92 351 451 1)
(137214 109622 -116039 324 424 1)
(137238 47404.9 102602 379 479 3)
(137240 -3984.6 11930.6 494 594 1)
(137245 39135.2 -11175.8 269 369 3)
(137250 68543.5 -29330.7 512 612 1)
(137259 99647.7 100479 228 328 1)
(137261 48337.7 -136863 298 398 1)
(137272 -55348.8 54319.6 407 507 1)
(137290 -54243.5 110492 77 177 1)
(137291 9285.08 -114045 445 545 1)
(137293 61347.1 -147057 171 271 1)
(137294 39305.1 53180.5 280 380 1)
(137299 109665 115545 153 253 1)
(137300 13151.2 -126857 265 365 1)
(137303 53358.5 -14209.9 213 313 1)
(137311 -18053.3 -74549.1 240 340 1)
(137316 83347.4 -10387 510 610 1)
(137324 -95529.9 98522.2 362 462 1)
(137329 -70430.8 -28351.9 511 611 1)
(137330 60518.7 -23272.9 472 572 1)
(137338 36378.3 -42381.6 564 664 3)
(137340 23201.3 132621 264 364 3)
(137341 42387.4 -134022 513 613 3)
(137358 -109559 -100677 86 186 3)
(137360 37539.5 -79519 154 254 1)
(137365 -27136.6 25989.9 480 580 3)
(137367 -24102.7 -15223.8 320 420 1)
(137368 -119789 34081.4 588 688 1)
(137376 59448 -79536.6 97 197 1)
(137377 13128.5 135788 514 614 3)
(137378 -22093.3 -41350.4 602 702 1)
(137381 -52403.9 -68683.3 583 683 1)
(137384 -111582 52188.3 161 261 1)
(137386 -84408.9 -107764 186 286 1)
(137388 84556.4 61234.4 211 311 3)
(137393 87108.2 -145861 490 590 1)
(137396 -92399.2 66241.8 57 157 1)
(137397 94534.1 -54510.8 135 235 1)
(137408 -121590 -138886 90 190 1)
(137411 -70356.4 -60458.3 174 274 1)
(137428 -114722 -98778.6 420 520 1)
(137430 33209.6 68438.1 571 671 1)
(137434 110839 -7402.98 327 427 1)
(137437 -27148.6 -118902 423 523 1)
(137444 92031.9 -31191.9 131 231 1)
(137449 77540.4 -31215.8 40 140 1)
(137450 -43195.1 -120038 609 709 1)
(137452 -17059.6 885.112 254 354 3)
(137453 48349.4 -106600 17 117 1)
(137459 31224.6 -77539.2 96 196 3)
(137473 87721.3 26040.5 532 632 1)
(137477 60414.1 -96626.9 52 152 3)
(137478 -68972.2 -131782 237 337 3)
(137488 57315.9 97420.1 253 353 1)
(137494 -32190.7 -79667.6 605 705 1)
(137495 -27066.4 -42281.6 52 152 3)
(137507 13135.2 100526 232 332 1)
(137513 -85431.3 -109718 102 202 3)
(137516 15320.1 -94805.8 469 569 1)
(137528 -82404.2 -137943 199 299 1)
(137531 -123647 75312.4 159 259 1)
(137539 82552.2 143759 214 314 1)
(137544 -115783 39127.6 608 708 1)
(137549 -81376.6 -48378.4 21 121 1)
(137563 -26061.4 115601 388 488 1)
(137565 -53262.9 -70543.3 460 560 1)
(137576 74581 -141964 220 320 3)
(137581 71495.9 -11218.2 350 450 1)
(137602 48423 112526 335 435 1)
(137603 -86586.8 95609.6 571 671 1)
(137611 -962.09 19992.2 572 672 1)
(137620 -12982.1 -43366.2 394 494 1)
(137629 78587.1 104566 329 429 1)
(137631 79511.7 -104717 139 239 1)
(137632 -55447.2 109247 608 708 1)
(137635 20220.5 -121642 194 294 1)
(137639 -81413.7 52223.1 144 244 3)
(137640 -40180.1 -99688.6 148 248 1)
(137645 -39407.2 -67622.7 300 400 1)
(137652 45272.2 98493.2 447 547 1)
(137655 -10016.9 56159.9 152 252 1)
(137674 44300.5 42131.5 78 178 1)
(137676 90596.8 64341.2 186 286 1)
(137691 18192.6 149885 527 627 3)
(137715 -1021.37 -32482.9 31 131 1)
(137718 -48173.3 88377.2 241 341 1)
(137726 -102661 28986 29 129 1)
(137741 121588 -26258.4 203 303 1)
(137742 117902 -60559.1 97 197 1)
(137751 8104 -121885 382 482 1)
(137752 -4978.69 -63581.4 477 577 1)
(137756 -15132.3 14990.8 250 350 1)
(137758 81489.1 17977.3 28 128 1)
(137763 32741.7 100353 257 357 3)
(137770 24212.4 -101731 271 371 1)
(137787 4087.89 -23307.3 513 613 3)
(137791 45365.3 -34331.9 452 552 1)
(137795 110770 59163.1 134 234 1)
(137796 67748.7 30053.1 178 278 3)
(137800 -90478.7 -28364.8 277 377 1)
(137802 46339.7 37494.3 171 271 1)
(137804 -95762.7 -35618.9 526 626 1)
(137808 36276.1 26003.3 114 214 1)
(137816 -54240.7 93419.1 128 228 1)
(137820 115887 59182.9 576 676 1)
(137821 -96512.4 114546 154 254 1)
(137822 -36178.8 108605 595 695 3)
(137823 -59291.9 -7189.49 377 477 1)
(137830 65758.3 -133738 130 230 1)
(137839 22275.1 -98771 452 552 1)
(137848 -84620 121600 294 394 1)
(137865 -107717 129780 501 601 1)
(137867 -94537.9 -4210.08 381 481 3)
(137870 -26073.4 101537 305 405 1)
(137874 -31130.4 -74559.2 239 339 1)
(137877 -21038.5 103459 81 181 3)
(137882 14151.8 5906.53 260 360 3)
(137885 73537.4 78333.6 319 419 1)
(137891 -25086.7 -32283.2 115 215 1)
(137901 51.6062 79318 6 106 1)
(137902 -43397.5 -111070 596 696 1)
(137904 85081.9 128664 376 476 1)
(137927 -15020.2 59260.9 358 458 1)
(137938 -53349.4 -116911 605 705 1)
(137939 86704 -48403.4 449 549 1)
(137945 -52330.7 -68644.8 367 467 1)
(137946 -95415.4 -6207.1 110 210 3)
(137947 47405.5 136764 425 525 1)
(137948 -120741 143693 439 539 3)
(137949 -9886.28 57319 509 609 1)
(137952 -85402.8 -64439.5 106 206 1)
(137956 44325.6 -101724 177 277 1)
(137966 90657.9 -143025 523 623 1)
(137967 4088.73 -116815 218 318 1)
(137968 -33070.4 -67619.7 540 640 1)
(137971 18192.1 -44428 501 601 3)
(137978 -123724 -110732 130 230 3)
(137979 2214.83 -39133.5 314 414 1)
