(194001 -93601.6 -62650.2 606 706 1)
(194013 -120656 76417.9 625 725 1)
(194019 21213.9 -104865 553 653 1)
(194039 -60243.4 -134840 63 163 1)
(194048 -80401.9 -37331.5 153 253 1)
(194060 -74293.1 11965.4 224 324 3)
(194061 -12004.9 1897.72 539 639 1)
(194066 40306.5 45146.8 246 346 1)
(194067 92676.5 -145346 548 648 3)
(194072 -85519.2 8913.77 530 630 1)
(194077 -7096.89 -48391.3 224 324 1)
(194093 60418.5 50274.7 538 638 1)
(194096 -71512.2 -15252.4 572 672 1)
(194101 34284 -32269.8 97 197 1)
(194103 -36156.8 77357.1 268 368 1)
(194105 17136.5 131645 239 339 3)
(194108 18321.5 138708 580 680 3)
(194115 -66275.1 -114881 292 392 1)
(194126 -44189.2 -16232.4 112 212 1)
(194130 -124729 -16130.6 190 290 3)
(194136 -25155.4 7905.39 367 467 3)
(194140 -31197.8 -4159.63 580 680 1)
(194143 76423.6 -125731 158 258 1)
(194144 109712 -4219.64 172 272 1)
(194145 -74426.9 -122939 431 531 1)
(194147 -100590 59186.4 486 586 1)
(194150 53481 71337 320 420 1)
(194159 -2956.39 -59555.9 551 651 1)
(194161 82594.3 71304.5 405 505 1)
(194169 -29818.4 28906 158 258 1)
(194176 -61399.4 124720 441 541 3)
(194185 -27142.5 -56451.8 321 421 1)
(194188 -112704 -21309.3 550 650 1)
(194190 19166 -115857 273 373 1)
(194195 -61346.6 -121948 471 571 1)
(194200 -82458.3 9156 235 335 3)
(194207 35286.2 -12247.6 544 644 1)
(194216 47392.6 38121.8 496 596 1)
(194219 -98687.1 -97919 196 296 1)
(194220 50091.8 7956.27 48 148 1)
(194225 19032.2 10037.5 373 473 1)
(194229 112826 -90698.7 423 523 3)
(194230 115679 -77539.6 41 141 1)
(194234 -14031.5 -58455.8 251 351 1)
(194236 53307.9 -51370.2 163 263 3)
(194241 116995 64377.5 406 506 1)
(194253 -97539.3 -3239.8 333 433 1)
(194261 37133.7 -146718 127 227 1)
(194263 -11111.7 18944 230 330 1)
(194264 66525.6 48178.1 234 334 1)
(194265 -61318.1 -105619 188 288 1)
(194268 59457.4 -56458.5 178 278 1)
(194269 119780 -27315.3 148 248 1)
(194271 -66434.8 -114922 567 667 1)
(194275 91.0107 -135826 43 143 1)
(194304 122803 -29247.8 200 300 1)
(194307 -96619.9 -65551.6 432 532 1)
(194315 -18185.2 -137030 502 602 1)
(194326 -23055.2 -33325.5 88 188 1)
(194332 -10065.6 -60357.9 86 186 1)
(194348 -31233.6 5976.77 501 601 1)
(194357 -65288.7 -70486 30 130 3)
(194368 -111759 -131007 512 612 3)
(194371 -68444.4 -22236.3 534 634 1)
(194398 -72463.4 -143083 440 540 1)
(194410 -7111.68 -110428 13 113 1)
(194424 -81572.6 -29480.4 601 701 1)
(194428 -8979.2 3840.13 427 527 1)
(194430 -53308.1 -55539.7 585 685 1)
(194435 -63331 -31370.9 427 527 1)
(194447 112783 62276.2 364 464 1)
(194448 -120584 -2131.54 1 93 1)
(194465 -122878 81353.5 569 669 3)
(194475 -14321 76544.7 597 697 1)
(194486 -7948.27 -32348.4 123 223 3)
(194488 -50234.2 -88647.3 37 137 3)
(194495 -3163.63 -146020 173 273 3)
(194496 52367 -82568.3 123 223 1)
(194503 -94572.6 -106934 254 354 1)
(194509 -63258 11025.8 610 710 3)
(194515 -111704 -49504.1 569 669 3)
(194517 -40091.3 126684 416 516 1)
(194526 -9080.84 76400 295 395 1)
(194530 16162.8 -128883 219 319 3)
(194533 5113.47 -58522.5 583 683 1)
(194546 66516.9 113712 387 487 1)
(194547 55428.4 109573 442 542 1)
(194549 -23085.4 117635 213 313 1)
(194553 71632.5 -142143 507 607 1)
(194554 76597.3 -101911 506 606 1)
(194559 83538.2 -46378.1 165 265 1)
(194561 -11000.7 85432.6 484 584 1)
(194562 -46225.1 -113971 562 662 1)
(194569 -77488.6 -68623.8 531 631 1)
(194573 -8026.6 -72529.3 150 250 1)
(194576 64.0746 144861 517 617 1)
(194579 61471.1 -17285.5 609 709 1)
(194587 35379.6 -60438.2 418 518 1)
(194588 -113645 -72563.8 427 527 1)
(194593 23268.2 -43458 436 536 1)
(194604 -31229.1 -131243 409 509 1)
(194608 10130.5 56239.3 300 400 1)
(194610 23200.3 -4800.03 428 528 3)
(194619 63466.3 -93802.9 408 508 3)
(194625 -20025.7 -71487.8 1 93 1)
(194632 -76399.9 69303.6 344 444 1)
(194641 -90363.7 -22319.9 56 156 3)
(194651 90.0479 76385.6 611 711 3)
(194667 -36155.6 -106745 196 296 1)
(194679 95581.1 -133860 122 222 1)
(194680 -60269.1 105493 88 188 3)
(194684 47267.3 -40326.7 108 208 1)
(194693 1070.37 29069.6 276 376 1)
(194695 -6979.85 7925.71 5 105 1)
(194697 25235.4 -75508.4 7 107 1)
(194702 8855.86 -64338.6 120 220 1)
(194707 29329.5 -137938 489 589 3)
(194708 67557.1 -117802 20 120 1)
(194710 -27108.8 26021.6 33 133 1)
(194717 86555.4 -16225.1 154 254 1)
(194724 -23100.8 17996.5 317 417 1)
(194727 -57442 -30445.3 499 599 1)
(194744 61457.3 103454 18 118 1)
(194752 -63222.4 -120846 109 209 3)
(194759 -40196.2 7865.25 578 678 1)
(194760 -75409.9 60164.2 281 381 1)
(194773 -119648 112503 324 424 3)
(194788 -30128.7 111613 398 498 1)
(194789 101660 -104722 148 248 1)
(194791 -58453.5 68319.5 576 676 3)
(194793 -70409.7 -133016 451 551 1)
(194795 46339.3 18064 32 132 1)
(194828 120800 18997.2 80 180 1)
(194833 -52176.3 -109.663 63 163 1)
(194838 53359.1 33121.7 333 433 1)
(194861 -63155.4 -71562.9 227 327 1)
(194865 -106501 -110901 160 260 3)
(194868 44304.2 31074.3 291 391 3)
(194882 18209.7 -31379.2 122 222 3)
(194891 106691 -127868 211 311 1)
(194893 51347.3 -134993 287 387 1)
(194903 1073.02 -62533.5 421 521 1)
(194906 87565.3 130665 249 349 1)
(194917 40301.8 -58466.3 18 118 1)
(194921 77973 -95595.5 603 703 1)
(194938 -63340.6 -35472.2 92 192 1)
(194945 75354.5 -11193.3 587 687 3)
(194948 -33212.4 -90534.8 258 358 3)
(194949 -75470.7 1768.71 624 724 1)
(194960 30272.7 -47371.5 22 122 1)
(194963 -44196 94460.2 331 431 1)
(194968 -45187.6 6931.42 11 111 1)
(194971 116751 -52411.1 184 284 1)
(194972 -21123.2 -119759 104 204 1)
(194973 16127.8 -106804 442 542 1)
(194975 -17040.2 -80689.3 407 507 3)
(194979 110588 113497 383 483 1)
(194981 -23072.1 -111833 281 381 1)
(194988 -29101.4 -27288.6 109 209 3)
(194995 95635 -46452.4 262 362 3)
(194998 -45247.6 -85747.6 583 683 1)
(194999 18023 141650 172 272 1)
