(60001 78498.3 -14224.7 182 282 1)
(60010 -91498.1 87372.1 163 263 1)
(60013 -64309.9 -35385.1 306 406 1)
(60020 -95458.5 127604 70 170 1)
(60036 59522.3 -80693.6 106 206 3)
(60048 -44766.7 -43638.7 187 287 1)
(60059 -105512 -21192.4 1 100 1)
(60068 14208.3 -58482.6 448 548 3)
(60074 -7983.11 -61476.3 133 233 1)
(60083 50328.2 -141040 473 573 1)
(60088 -103543 -73548.6 166 266 1)
(60089 -66417.7 8911.28 449 549 1)
(60092 -58289.7 -62497.5 133 233 1)
(60093 -25104.7 107515 498 598 1)
(60098 46345.7 -39313.1 74 174 1)
(60099 120748 53147.3 410 510 1)
(60102 59353.2 -90571.9 53 153 3)
(60109 -26053.4 -13216.5 247 347 3)
(60111 -3931.9 -129924 240 340 1)
(60124 52581.5 -115049 413 513 1)
(60126 -74439.6 21996.1 366 466 1)
(60138 -27097.1 -40377.7 526 626 1)
(60144 9111.61 14975.4 35 135 1)
(60146 28236.3 95486.8 410 510 1)
(60158 -36406 4825.2 11 111 1)
(60161 70474.3 -12218.1 379 479 1)
(60162 -96492.2 66287.9 91 191 1)
(60174 -37187.5 -24309.4 578 678 3)
(60192 -34145 -40386.4 161 261 1)
(60197 -78406.7 -92619.7 5 105 1)
(60198 4171.06 45126.4 375 475 1)
(60199 101621 122643 398 498 3)
(60208 -24081.3 40113.5 126 226 1)
(60212 9071.08 30069.7 298 398 1)
(60217 -18040.3 -35298.8 1 99 1)
(60218 5067.51 -33404.8 242 342 1)
(60219 61444.1 -58494.7 306 406 1)
(60234 99741.1 -51421.2 105 205 1)
(60240 97607.9 61226.5 105 205 3)
(60243 -14057.3 -58445.6 14 114 1)
(60247 -113682 -39412.2 403 503 1)
(60251 -77393 -121998 312 412 1)
(60253 -67305.5 -26284.2 403 503 1)
(60265 83533.9 -21218.8 111 211 1)
(60267 73575.1 140802 528 628 3)
(60271 -48243.3 -131881 159 259 1)
(60275 -28024.2 -66688.7 252 352 3)
(60291 107830 18983.7 563 663 1)
(60299 51417 -63629.5 420 520 3)
(60303 41251.2 98486.8 245 345 1)
(60309 25180.6 -128968 374 474 1)
(60310 4340.25 -88536.8 488 588 1)
(60315 -38212.2 5834.53 59 159 1)
(60328 -50244.3 -135951 258 358 1)
(60333 11153.1 -100861 617 717 1)
(60336 -6284.34 -11263.6 528 628 1)
(60341 -78374.1 -35503.5 576 676 1)
(60344 57437.5 -65493.5 262 362 1)
(60350 -8001.54 -51391.1 105 205 3)
(60352 16141.7 -43404.9 475 575 1)
(60354 6108.73 18980.8 385 485 3)
(60364 35190.4 -20183.6 491 591 1)
(60370 56423.1 78380.8 344 444 3)
(60372 -30096.8 -40414.9 303 403 1)
(60377 -55320.3 -76664.7 526 626 1)
(60382 -7816.62 23963.1 507 607 3)
(60383 -93448.5 -17248.1 8 108 1)
(60384 -24008.4 -117345 1 100 1)
(60394 -1771.51 24907.6 431 531 1)
(60404 78555.2 108543 348 448 1)
(60406 102875 105594 579 679 1)
(60421 -63389.6 116662 404 504 1)
(60428 -52266.1 -79649.5 381 481 1)
(60433 -107702 94396.6 464 564 1)
(60448 -121736 122683 490 590 1)
(60453 -44232.6 -141177 595 695 1)
(60465 -28105.6 -65424.6 19 119 1)
(60475 16005.7 -30297.7 33 133 1)
(60484 -63061.6 -82553.7 53 153 1)
(60492 87684.7 149787 331 431 3)
(60497 -90441.6 100464 56 156 1)
(60499 66517.7 85508.8 423 523 1)
(60503 -25112.1 -83636.5 237 337 1)
(60507 -12961.3 -54482.9 430 530 3)
(60511 60445.4 36044.3 168 268 1)
(60527 110497 -20359.5 13 113 3)
(60532 2058.71 62369 449 549 1)
(60533 -29037.6 10907 511 611 1)
(60546 104664 -9217.02 125 225 1)
(60563 87526.1 -120.344 73 173 1)
(60580 20164.7 -53397.1 34 134 3)
(60597 74587 -10183.4 345 445 1)
(60600 -103572 -28294.3 270 370 1)
(60601 -90536.6 -85699 521 621 3)
(60611 -13025.8 105599 613 713 1)
(60617 -117663 -77745.2 340 440 1)
(60624 23210.5 -32359.1 210 310 1)
(60628 28265.3 38118.3 450 550 3)
(60632 -124747 -33370.3 376 476 1)
(60636 71413.8 -29199 1 95 1)
(60648 -17011.3 -2190.54 392 492 3)
(60656 -17050.4 22012.4 391 491 1)
(60661 -5980.41 -29264.7 68 168 1)
(60665 26278.8 -105076 469 569 3)
(60679 -20982.6 -76486 210 310 3)
(60684 122812 101460 488 588 3)
(60685 -37244.1 -86987.2 456 556 1)
(60689 -122770 -115884 427 527 1)
(60695 42265.4 54173.6 1 93 1)
(60706 -70407 -41451.6 484 584 1)
(60714 -55250.6 -62462 69 169 1)
(60722 8116.6 21016.3 575 675 1)
(60729 -2787.01 96543.9 195 295 3)
(60743 68542.9 36199.4 122 222 1)
(60744 19203.9 -19271.5 470 570 1)
(60746 16247.4 -7294.11 60 160 1)
(60749 -58275.7 -25294.3 325 425 1)
(60776 -69330.2 54191.4 52 152 3)
(60782 -37183.6 -127854 204 304 1)
(60784 -60342.8 -22259.7 380 480 1)
(60790 -122615 -121801 110 210 1)
(60797 -25170.4 -69590.3 544 644 1)
(60800 -101580 -58579.3 523 623 3)
(60802 -73414.7 24039.4 474 574 1)
(60803 -5939.96 -16292.4 571 671 1)
(60806 25213.2 115600 327 427 3)
(60815 -91383.7 17987 175 275 3)
(60818 -94561.1 -50376.9 194 294 1)
(60822 19176.8 -108788 306 406 3)
(60824 -33100.7 20971.9 59 159 1)
(60825 -86422.1 112740 505 605 1)
(60827 116618 -16144 258 358 1)
(60830 -8917.45 -76698.3 297 397 1)
(60833 -31255.4 143659 389 489 1)
(60837 62441.1 135646 65 165 3)
(60838 -19039.9 -95610.4 18 118 1)
(60844 15035.6 20841 456 556 1)
(60845 -6950.29 103506 58 158 1)
(60849 73574.6 104554 515 615 1)
(60850 9987.62 149143 603 703 1)
(60851 35300.7 -78317.4 128 228 1)
(60853 8128.6 5888.19 451 551 1)
(60860 10147 -32383.4 587 687 1)
(60864 91692.9 10912.7 410 510 1)
(60874 104755 18000.6 320 420 1)
(60878 -48275.7 -129045 541 641 1)
(60880 -42188.5 -145947 133 233 1)
(60888 36511.5 -126068 573 673 1)
(60895 -17048 -123817 166 266 1)
(60905 -77393.7 64237.9 138 238 1)
(60908 -105596 -9066.48 381 481 1)
(60916 -36186.4 -97735.8 440 540 3)
(60924 13089.7 35014.3 263 363 3)
(60940 39327.1 -94804.6 418 518 1)
(60941 9113.94 76348.4 124 224 1)
(60942 91585.3 94415.5 227 327 3)
(60948 47450.4 -87534.2 175 275 1)
(60950 62508.3 -142119 540 640 1)
(60961 -74699.1 -122174 303 403 1)
(60965 6124.02 133812 468 568 3)
(60967 -85539.9 6921.98 590 690 1)
(60975 119740 57191 140 240 1)
(60985 23236.6 -147135 329 429 1)
(60986 104880 47226.3 512 612 1)
