(122002 83579.2 -64541 277 377 1)
(122007 -86440.8 33096.2 45 145 3)
(122010 93616.3 75270.5 141 241 1)
(122019 46247.7 43151.9 387 487 1)
(122022 20190.2 -60427.6 302 402 1)
(122027 -76492.1 -37321.3 33 133 3)
(122035 22176 -127964 345 445 1)
(122036 108633 116628 88 188 1)
(122037 38179.1 -23209.4 127 227 1)
(122039 4092.97 -64606.1 614 714 3)
(122041 -12004.5 -73648.5 501 601 1)
(122042 -103579 135447 65 165 1)
(122057 -50294.5 -92608 259 359 3)
(122061 -60379.4 44156 444 544 1)
(122063 -42194.4 85362 236 336 1)
(122067 2063.1 -142934 126 226 3)
(122070 46357.6 11939.1 390 490 1)
(122073 90567.5 -43415.3 290 390 1)
(122074 61192.8 -119769 11 111 1)
(122076 -109586 -95672.3 215 315 1)
(122079 -901.58 77400.7 535 635 1)
(122082 87554.9 100423 290 390 1)
(122083 -106493 -92645.2 317 417 1)
(122085 87623.6 -90705.1 337 437 1)
(122091 -48207.7 39132.2 449 549 1)
(122093 104713 24031 248 348 3)
(122094 -24075.6 -98643.7 15 115 1)
(122096 -79414.5 -66517.6 158 258 1)
(122101 -88519.5 76358.6 250 350 1)
(122111 -14079.3 -65599.5 533 633 1)
(122116 56328.2 1876.22 86 186 3)
(122133 95668.9 -2138.68 357 457 1)
(122134 -40222.7 50203.5 454 554 1)
(122141 -68421.8 -60505.1 521 621 1)
(122144 89836.7 27931.5 615 715 1)
(122147 97702.2 -116780 185 285 1)
(122153 21254.6 51209.9 395 495 1)
(122162 92699.5 -8197.33 501 601 3)
(122170 -14780.9 -41518.1 562 662 1)
(122171 26203 -33305.2 80 180 3)
(122180 25797.7 -103726 270 370 1)
(122188 -12930.4 51135.9 610 710 1)
(122207 54361.7 71280.6 98 198 1)
(122209 -101639 -21308.5 559 659 1)
(122219 -19105.8 -98698.6 225 325 3)
(122222 106888 -106875 612 712 1)
(122231 40321.8 25056.3 448 548 1)
(122241 -88548.7 -86729.4 576 676 1)
(122242 15204.5 15938.7 545 645 1)
(122244 -69271.2 -64433.2 180 280 3)
(122246 105672 -38315.9 140 240 1)
(122251 23146 -58638.1 629 729 1)
(122254 98597.9 -112741 85 185 1)
(122260 38719.6 90307.4 403 503 1)
(122285 -3963.26 852.661 443 543 1)
(122286 14148.8 -83782.1 593 693 1)
(122287 -59349 42116.1 534 634 1)
(122296 -27113.6 42910 392 492 3)
(122299 64340.1 -129858 86 186 1)
(122309 -1821.2 148775 246 346 1)
(122314 18216.4 -121950 418 518 3)
(122317 89655.2 -111889 475 575 1)
(122326 92665.9 -146928 62 162 3)
(122347 114536 34142.9 17 117 1)
(122369 45366.4 20986.2 484 584 3)
(122370 11131.5 -135856 95 195 3)
(122395 79613.4 115728 531 631 3)
(122396 41327.3 -106741 89 189 1)
(122397 -43044 -41310 237 337 1)
(122404 -87585.7 -111974 594 694 1)
(122411 35141.5 -3181.63 267 367 1)
(122416 11116.3 122559 77 177 1)
(122421 113806 117687 405 505 1)
(122422 -22039.4 -45350.9 147 247 3)
(122430 -64359.1 -137080 531 631 3)
(122431 -66473.5 -49398.6 536 636 1)
(122434 -48217.3 14814.6 233 333 1)
(122436 -100583 -12195.5 451 551 1)
(122441 -5000.3 -26303.4 474 574 1)
(122444 -16027.4 -149015 256 356 1)
(122449 45315.9 80356.2 237 337 1)
(122455 81611.9 -47452.3 508 608 1)
(122457 -19299.7 -63350 512 612 1)
(122472 -57398.1 69230.5 308 408 3)
(122476 32271.6 -68560.5 585 685 1)
(122483 -51248.9 24022 233 333 1)
(122485 -25170.4 79331.5 344 444 3)
(122494 -49295.7 -93775.8 440 540 1)
(122501 51321.9 -63443.6 1 98 1)
(122502 64300.1 -68790.5 253 353 1)
(122511 -91525.5 -52391.2 400 500 1)
(122514 -14995.4 -8129.07 113 213 1)
(122519 44198.5 66302.8 264 364 1)
(122527 -23102.6 -92640.7 95 195 1)
(122532 3127.84 66249.8 276 376 1)
(122537 -49305.3 144852 629 729 1)
(122545 53574.3 143809 253 353 1)
(122547 58363.2 -58454 20 120 1)
(122550 120722 88395.6 314 414 1)
(122552 20145.8 -109845 482 582 1)
(122558 85740.6 -35439.8 614 714 1)
(122559 35296.6 -4175.25 436 536 1)
(122560 -38134.9 -128864 236 336 3)
(122562 -24076.5 -113974 601 701 3)
(122581 -105530 -133863 98 198 1)
(122584 44306.3 124598 122 222 1)
(122586 -98492.1 -94702.2 163 263 1)
(122611 75563.8 57078.2 172 272 1)
(122619 47458.5 -26324.8 596 696 1)
(122620 -48141.2 -144922 304 404 1)
(122622 89509.5 57214.6 326 426 1)
(122624 -9063.14 3784.4 300 400 3)
(122630 111847 -40444.1 394 494 3)
(122631 -35144.3 45024 72 172 1)
(122640 -31073.7 -47129.1 52 152 1)
(122644 -1919.08 41097.3 85 185 1)
(122657 11256.6 88398.9 163 263 1)
(122660 -3088.61 -50454.1 143 243 1)
(122669 -65377.2 104556 454 554 1)
(122670 20.1896 -76697 503 603 1)
(122679 38118.9 -55976.7 520 620 1)
(122680 107769 -18237.6 259 359 1)
(122687 61594.9 -47505.6 597 697 3)
(122689 82576.1 -68561.4 168 268 1)
(122693 112741 94435 236 336 1)
(122702 -6970.9 -5201.17 40 140 1)
(122707 9087.78 119837 588 688 1)
(122715 -15070.7 -15160.8 7 107 1)
(122717 -1857.48 66412.1 259 359 1)
(122728 -46173.5 -113749 242 342 3)
(122732 -36261.2 89989.5 5 105 3)
(122735 -72414.6 -67606.7 371 471 1)
(122742 -44122.2 -72501.1 325 425 1)
(122745 -31023.7 -120928 166 266 1)
(122746 99581.1 -140877 26 126 1)
(122748 123836 102516 326 426 1)
(122750 -65333 -114726 61 161 3)
(122751 -64342 -88921.2 518 618 1)
(122754 -104641 -4186.2 352 452 1)
(122777 52429.1 -86679.3 593 693 1)
(122791 -56347.5 -119046 452 552 1)
(122801 49463.5 88432.9 366 466 1)
(122806 79390.3 -12160 194 294 1)
(122810 -46281.5 102544 297 397 1)
(122818 -107639 93474.7 459 559 1)
(122820 44359.2 -117906 434 534 1)
(122848 -102612 51175.2 259 359 3)
(122861 -1008.2 -136889 189 289 1)
(122869 -106630 -22306.3 504 604 3)
(122877 -42207.6 131658 147 247 1)
(122879 -26087.3 16974.6 92 192 3)
(122890 -105661 -137090 552 652 1)
(122893 112781 -81518.7 181 281 1)
(122894 -76354.5 -53469.6 272 372 1)
(122896 -942.438 -125887 261 361 3)
(122901 21192.8 -121.264 289 389 1)
(122912 103668 -26597.3 200 300 1)
(122923 -43349.4 -108049 480 580 1)
(122926 4129.05 95529.4 591 691 1)
(122927 7113.5 87470.3 433 533 1)
(122928 33264.7 71332.1 178 278 1)
(122944 -11012.4 -29345.9 487 587 1)
(122946 118809 -67485.3 328 428 1)
(122949 44364.8 15959.5 559 659 1)
(122955 26193.2 -93607.2 65 165 3)
(122959 18176.8 55212.4 81 181 1)
(122960 -68336.1 119533 214 314 -1)
(122961 -20163 -142760 166 266 1)
(122965 89560.7 125588 124 224 1)
(122966 -13063.4 -118807 166 266 1)
(122968 98586.1 84353.4 84 184 1)
(122969 41285.7 91375.9 262 362 1)
(122970 -43071.1 -9147.84 69 169 1)
(122975 -93459.3 12965.6 83 183 3)
(122986 42322.2 -23267.7 257 357 1)
(122990 -63340.1 -21250.6 321 421 3)
