(119013 31234.3 79330.6 82 182 1)
(119017 -17103.3 30148.7 549 649 1)
(119028 5105.3 -63587.4 508 608 1)
(119031 -48298.8 -128832 85 185 1)
(119034 -84426.1 -12184.5 76 176 1)
(119037 18199.8 143817 240 340 3)
(119042 70442 -51408.7 106 206 1)
(119043 -119615 97430 101 201 1)
(119044 64457.3 98443 156 256 1)
(119045 19174 -65601.5 303 403 1)
(119046 -102649 -121113 612 712 1)
(119048 120794 -111870 353 453 1)
(119051 -24096.1 2871.07 416 516 1)
(119054 -31135 132666 181 281 1)
(119056 -940.117 -143143 569 669 1)
(119061 3091.34 -21286.4 457 557 1)
(119062 109670 -62505.1 259 359 1)
(119075 -97525.9 -25189.4 82 182 1)
(119081 -39147.9 -71660.6 172 272 3)
(119086 38338.8 45164.5 604 704 3)
(119090 95661.2 106545 420 520 1)
(119094 24184 -109806 316 416 1)
(119098 -69345.1 33017.1 56 156 3)
(119104 -59320.5 -87806.3 610 710 1)
(119117 -79358.9 43116.2 1 97 1)
(119128 81605.9 -55500.9 448 548 1)
(119132 98715.8 32165 363 463 1)
(119134 -79381 -51358.8 59 159 3)
(119138 -5857.66 -32353.9 447 547 1)
(119139 -44235.8 -131046 526 626 3)
(119149 94702.9 -48378.5 84 184 1)
(119154 87597.4 -80707.7 281 381 1)
(119163 30290.9 -77580.1 442 542 1)
(119175 -81455.9 -63595.7 423 523 1)
(119185 108883 112706 533 633 1)
(119191 91566.9 105449 119 219 1)
(119192 -15033.9 -146202 571 671 3)
(119195 45336.8 66322.8 101 201 1)
(119201 100416 -11076.6 624 724 1)
(119209 -85416.7 -60472.4 209 309 3)
(119221 110934 -136054 421 521 1)
(119228 -122623 100388 39 139 3)
(119232 -106581 -20245.3 234 334 1)
(119241 -72426.4 115579 263 363 1)
(119250 -34189.4 -28320 342 442 1)
(119253 -71450.9 -149998 110 210 1)
(119264 326.847 -70990.7 226 326 1)
(119267 -12988.9 -147011 292 392 1)
(119268 50370.7 -127863 206 306 3)
(119282 48394.6 134548 35 135 1)
(119289 105620 -36353.4 113 213 1)
(119293 -1928.59 24032.6 516 616 3)
(119301 -115648 69328.3 321 421 3)
(119302 10151.2 -48361.1 483 583 1)
(119308 -116811 -111002 545 645 1)
(119309 66595.4 -32321.3 563 663 3)
(119310 92185.5 -51330.4 26 126 3)
(119311 62470.2 56231.4 623 723 1)
(119317 -4966.03 9934.03 54 154 3)
(119318 54424.3 50215.7 417 517 1)
(119320 53381.7 -18269.6 54 154 1)
(119327 2101.15 -13248.9 550 650 3)
(119329 -25557.4 -67456.6 521 621 3)
(119330 -42207.8 26004.2 286 386 1)
(119333 107788 -24290.9 520 620 1)
(119337 -113585 115507 397 497 1)
(119341 8185.14 98593.7 431 531 1)
(119343 32244.9 42165.7 408 508 1)
(119346 -68412 871.42 148 248 1)
(119347 84875.5 94449.2 428 528 1)
(119348 -32080.4 -98666.6 68 168 1)
(119352 87600 137742 298 398 1)
(119360 -93529.6 -102798 474 574 1)
(119361 -88456.4 34109.3 120 220 1)
(119363 3036.01 46950.6 23 123 1)
(119364 -43319.5 -75553 469 569 3)
(119369 29242.7 -188.001 425 525 3)
(119372 -81394 -101682 207 307 1)
(119377 -5944.04 -125104 527 627 1)
(119378 38125.2 -42334.4 444 544 1)
(119388 -16089.1 -15151.6 47 147 1)
(119391 -99585.4 70301.4 340 440 1)
(119394 -44211.9 -6163.2 307 407 1)
(119396 -79317.8 -90608.4 41 141 1)
(119401 -62425.8 118697 578 678 1)
(119403 85642 -59588.3 588 688 1)
(119410 -924.864 42150.5 265 365 1)
(119413 84694.8 67380.6 453 553 1)
(119418 15131 -21270.2 311 411 1)
(119419 -83486.7 -69579.4 269 369 1)
(119430 81672.8 43834.4 576 676 1)
(119437 -31127.5 -87675.1 313 413 1)
(119442 -73396.1 52238.7 374 474 1)
(119447 -9794.2 -141698 110 210 1)
(119450 -20057 -46607.4 526 626 1)
(119468 -89187.9 129650 409 509 3)
(119478 -62349 -47474.7 442 542 1)
(119479 37338 -92793 537 637 1)
(119484 21181.9 -28261.2 244 344 3)
(119493 -50321.7 -136127 525 625 1)
(119495 108712 -117820 235 335 1)
(119500 -1880.65 73414 616 716 3)
(119503 -88320.5 -29533.6 113 213 1)
(119514 -28162.8 -143882 19 119 1)
(119518 99675.9 66058.9 149 249 1)
(119524 6112.48 -95727.9 339 439 1)
(119527 -67375.4 102505 367 467 1)
(119529 -34145.6 84433.7 369 469 3)
(119541 -16052.8 -131036 492 592 1)
(119542 -124830 -54457.5 479 579 1)
(119549 16142.7 -35307.7 39 139 1)
(119552 70527.5 -96718.3 328 428 1)
(119554 74506.1 71303.5 214 314 1)
(119557 2099.65 21011.4 281 381 1)
(119562 -53361.7 -26345.7 214 314 3)
(119578 35217.1 -113739 7 107 1)
(119587 12155 68320.8 453 553 1)
(119600 8103.66 50161.6 331 431 3)
(119612 -7949.47 -94743.5 468 568 1)
(119617 -38183.2 117557 243 343 3)
(119638 -24243.2 129737 511 611 3)
(119649 107837 -125034 593 693 1)
(119658 -45295.3 79536.3 626 726 1)
(119662 -114691 89447.4 441 541 1)
(119667 21166.7 -181.699 398 498 1)
(119678 69517.5 -33352.5 410 510 1)
(119686 56386 -118795 184 284 1)
(119687 -26081 -52402.1 102 202 1)
(119688 -7980.13 -67548.1 420 520 3)
(119691 117043 -25348.5 565 665 1)
(119694 44300.3 -138103 564 664 1)
(119707 -109603 79301 158 258 1)
(119713 -10031 22002.4 41 141 3)
(119720 120693 -63847.8 539 639 1)
(119736 15102.4 -148166 610 710 1)
(119742 119750 88382.7 258 358 1)
(119757 -65287 41173.7 611 711 1)
(119759 76552.2 -93702.6 339 439 3)
(119773 51236.5 -102638 128 228 1)
(119775 -48202.3 -19313.4 557 657 1)
(119776 77526.2 -15203.1 213 313 1)
(119783 -5977.77 -43598.7 446 546 1)
(119784 81631.6 -4172.48 326 426 1)
(119792 1085.84 -32269.8 139 239 1)
(119797 -70418.8 -75708.6 371 471 1)
(119802 -9928.32 128890 274 374 3)
(119806 105744 30096.9 458 558 3)
(119809 54448.5 -20285 482 582 1)
(119811 94701.9 -128001 482 582 1)
(119815 -103570 -5145.39 429 529 3)
(119818 60391.6 -39310.4 121 221 1)
(119820 -49373.5 143804 309 409 3)
(119821 89552 -125836 75 175 3)
(119823 62394.3 115796 339 439 1)
(119833 28198.3 52222.9 18 118 1)
(119835 -59327.2 -73561.3 156 256 1)
(119836 -56275.3 63295.7 565 665 3)
(119853 -95600.7 60304.4 435 535 1)
(119856 36330.7 101392 173 273 1)
(119858 -20061.6 -46396 214 314 1)
(119862 -18151.9 94611.1 579 679 1)
(119863 46360.8 30050.5 447 547 3)
(119866 110816 -114890 486 586 1)
(119868 28242.3 -145052 328 428 1)
(119872 -3993.93 58283.3 205 305 1)
(119873 -84521.5 136843 447 547 1)
(119883 -38161.1 29053.2 180 280 1)
(119886 -31118.9 -52393.5 15 115 1)
(119899 3093.54 -4159.15 547 647 3)
(119908 39393.3 -94666.3 550 650 1)
(119910 -49308.6 9952.34 318 418 3)
(119913 -94442.7 108565 566 666 1)
(119919 27228.6 114576 287 387 1)
(119929 -85398.6 -97681.8 147 247 1)
(119935 -99586.8 -8154.29 316 416 1)
(119937 -83428.1 74205.7 47 147 1)
(119943 85587.3 -73591.5 366 466 1)
(119944 -10927.1 17880.5 116 216 1)
(119946 43374.7 856.328 432 532 1)
(119947 5100.42 -46356.3 102 202 3)
(119958 29231.8 46168.4 260 360 1)
(119971 -70350.6 57183.6 346 446 1)
(119976 -111567 -94697.1 153 253 1)
(119980 -88448.6 -52470.8 231 331 1)
