(26003 61362.3 -82537.1 1 96 3)
(26008 -77496.3 -42284 369 469 1)
(26014 -16043.1 28053.7 357 457 1)
(26015 58441.7 103521 333 433 1)
(26029 10177.4 22010.4 628 728 1)
(26031 -39177.8 7920.54 127 227 1)
(26033 -46287.2 -103785 613 713 1)
(26035 10117.8 -116732 26 126 1)
(26044 56256.8 21061.4 57 157 1)
(26047 64561 67480.8 184 284 1)
(26054 -75453.4 50199.6 599 699 1)
(26058 10180.1 -15279.5 83 183 1)
(26062 97717.4 136817 527 627 1)
(26066 -98606.2 -121988 540 640 1)
(26069 -17035.1 67258.8 211 311 1)
(26071 -68199.5 -47512.5 57 157 1)
(26073 74526.2 74332.4 277 377 1)
(26083 14242.1 115452 89 189 1)
(26086 -45396.3 -37528 384 484 3)
(26091 -2059.61 -92874.5 607 707 1)
(26096 -68946.8 91699.8 530 630 1)
(26098 4095.21 -5168.54 376 476 3)
(26102 -69279.4 -22205.4 78 178 3)
(26120 16289 -55298.5 9 109 1)
(26125 -54192.6 -140202 597 697 1)
(26139 -78406.8 14904 17 117 1)
(26141 26182.3 -140878 19 119 1)
(26142 37310.6 -92629.9 124 224 1)
(26143 101765 118698 540 640 1)
(26170 21161.4 -65465.1 162 262 1)
(26172 -111661 10928.5 309 409 1)
(26173 -75444.2 -33347.4 410 510 1)
(26184 119996 103613 487 587 1)
(26187 23169.7 -38301.3 478 578 1)
(26199 106743 -118889 378 478 1)
(26201 -3704.25 -138246 462 562 1)
(26219 21183.2 -41354 213 313 3)
(26226 56449.6 1870.12 447 547 3)
(26234 -59310.6 135714 315 415 1)
(26236 116777 -82624.6 252 352 1)
(26237 110693 -74678.3 159 259 1)
(26252 33326.9 -101842 558 658 1)
(26254 91448.3 -17509.3 124 224 1)
(26256 113764 -63523 281 381 1)
(26257 -104616 -81660 240 340 1)
(26275 -14042.9 11952.2 75 175 1)
(26276 52349.9 -81565.5 249 349 1)
(26281 5978.81 -147878 88 188 1)
(26282 -28157.5 -13218.5 542 642 1)
(26284 47404.4 72389.7 627 727 1)
(26286 -104331 66141 129 229 3)
(26289 55280.3 -114001 352 452 1)
(26290 6943.9 107702 346 446 1)
(26301 2078.54 142772 376 476 1)
(26302 88639 -41426.7 251 351 3)
(26303 -109648 -66511.5 123 223 3)
(26310 62379 1882.96 1 98 1)
(26312 -28143.9 -16243.3 138 238 1)
(26314 -62331.3 -89745.7 56 156 1)
(26316 -50487.4 -35181.1 611 711 1)
(26323 -86513.1 -139061 541 641 1)
(26339 24240.5 81242 128 228 1)
(26342 -4990.15 -96729.1 214 314 3)
(26354 -12032.9 -122842 183 283 3)
(26374 -15067.6 -71599.8 163 263 3)
(26379 82685.9 143851 576 676 1)
(26389 79585.3 -103722 466 566 3)
(26393 -5953 56210.2 58 158 1)
(26409 -104457 -27542.4 393 493 3)
(26413 27998.8 60126.3 458 558 1)
(26415 -46219.6 -48358.5 402 502 1)
(26419 95701.8 -55393 35 135 1)
(26432 6105.81 -21265.7 338 438 1)
(26436 34360 -11266.8 611 711 3)
(26442 -25142.5 -137032 582 682 3)
(26444 53435.2 -113911 490 590 3)
(26445 -9999.87 42122.3 342 442 3)
(26446 -20025.8 -62693.7 600 700 3)
(26448 73803.4 -20413.3 589 689 3)
(26462 109785 -62260.5 171 271 1)
(26470 -116667 -49543.6 118 218 1)
(26472 32202.5 -39325.1 27 127 3)
(26476 -52272.4 -42365.7 205 305 1)
(26478 -30115.9 -20221.1 92 192 1)
(26480 -121788 57287.5 488 588 1)
(26490 61469.2 -40389 494 594 1)
(26503 -10003.1 -113865 364 464 1)
(26509 -99473.1 -41320.5 574 674 1)
(26515 88509.2 -48412.5 180 280 1)
(26522 -28096.5 11962.3 577 677 1)
(26533 71781.2 -32378.7 320 420 1)
(26537 -17151 -67516.4 276 376 1)
(26539 -8981.82 85358.7 125 225 1)
(26553 -58325.9 -145131 500 600 1)
(26558 20226.5 -86763.2 617 717 1)
(26559 29210.3 -34948.8 339 439 1)
(26569 82564.6 -103798 443 543 1)
(26570 22223.3 -25349.9 609 709 1)
(26573 31376 97582.5 600 700 1)
(26584 -102545 -53437.3 241 341 1)
(26585 -9914 135813 602 702 1)
(26586 18406.2 136639 462 562 1)
(26595 -57287.5 -109774 518 618 1)
(26604 -5951.98 1881.69 279 379 3)
(26608 -54264.1 -26212.1 566 666 1)
(26610 -74443.2 -26310.9 503 603 1)
(26612 -69561.7 -18249.1 251 351 1)
(26613 64535.8 -77706.5 618 718 3)
(26616 -94596.7 47186.1 601 701 3)
(26636 67487.5 -141012 305 405 1)
(26650 70470 -80827.6 358 458 1)
(26654 -12969.1 -147887 148 248 1)
(26658 -4072.59 73470.5 37 137 1)
(26669 -76337.2 -113754 17 117 1)
(26683 33213.9 -133841 276 376 1)
(26687 53462.3 -94811.6 601 701 1)
(26696 91696.7 -67594.2 505 605 1)
(26697 -48648.8 10677.8 600 700 1)
(26698 109846 84143.2 142 242 1)
(26701 13144.4 -128825 266 366 1)
(26707 -44177.2 -62541.5 424 524 1)
(26715 53487.9 -42532.3 575 675 1)
(26718 -117699 27974.6 270 370 1)
(26725 -11881.1 9932.32 294 394 1)
(26726 -120723 140763 440 540 1)
(26729 15116.1 -30302.4 114 214 1)
(26733 77404 94552.4 367 467 1)
(26734 -96560.5 -105817 427 527 1)
(26748 -108345 -74562.5 244 344 1)
(26756 71655.1 -26138 570 670 1)
(26757 71551.6 -96828.1 457 557 1)
(26762 -119292 -20644.1 358 458 1)
(26764 55414.1 -121913 345 445 3)
(26765 101711 96442.4 497 597 1)
(26766 52386.7 9894.85 570 670 1)
(26767 -34155.1 -47425.2 318 418 1)
(26769 50406.3 -35370.3 521 621 3)
(26771 25135.1 35137.8 38 138 1)
(26778 -51339.9 -20338.5 616 716 3)
(26784 -100338 -67969.1 500 600 1)
(26792 -9960.46 -4070.42 333 433 1)
(26794 118747 -102677 65 165 1)
(26800 22007.2 49136.2 418 518 3)
(26805 30285.7 -4163.45 220 320 1)
(26810 38282.8 53198.6 250 350 1)
(26818 -28090.2 -25294.8 377 477 1)
(26819 -20990.8 61257.5 567 667 1)
(26831 -44300.4 111512 357 457 1)
(26836 69525 64336.2 575 675 1)
(26842 22245.4 -110895 496 596 1)
(26844 -84445.7 -64503.9 469 569 1)
(26847 -3911.06 -137928 132 232 1)
(26852 74596.1 -18197.4 354 454 1)
(26853 6126.03 -70614.2 418 518 3)
(26861 -22081.2 -15238.9 601 701 1)
(26866 102730 85414.4 358 458 1)
(26868 -68357.4 -102660 54 154 1)
(26869 -65390.1 -37337.1 244 344 1)
(26870 -7980.52 -135052 496 596 1)
(26873 61369 -31391.2 517 617 1)
(26883 87524.4 108479 36 136 1)
(26886 -32174 -105757 136 236 1)
(26888 -77419.3 -29304.5 250 350 1)
(26889 106704 -96647.4 60 160 1)
(26895 55441 129779 564 664 1)
(26898 -110593 58241.6 17 117 3)
(26899 -121733 16932.2 450 550 1)
(26901 -19014.3 -98718.9 392 492 1)
(26903 -84455.1 82360 276 376 3)
(26914 3089.37 -63550.9 410 510 3)
(26916 -73342.3 57155.3 2 102 3)
(26918 63605.5 -73541.3 280 380 3)
(26930 81542.5 50205.2 293 393 1)
(26931 -28884.9 -79718.9 129 229 1)
(26944 -23065.8 -72644.6 586 686 3)
(26960 -111698 -124929 530 630 3)
(26965 19199.1 -41257.1 438 538 3)
(26970 49337.6 20989.6 401 501 1)
(26978 -9952.53 37183.6 247 347 1)
(26981 2107.99 -63489.6 59 159 1)
