(107000 -17063.8 -111954 623 723 1)
(107001 42800.8 104976 91 191 1)
(107004 -104604 -31280.8 421 521 1)
(107011 2097.24 16977.3 586 686 1)
(107018 -33094.1 37105.8 210 310 1)
(107019 68449.1 -99637.7 32 132 1)
(107024 10227.3 -148248 174 274 1)
(107037 -9999.13 29037.3 78 178 -1)
(107042 -16043.2 42122.4 333 433 1)
(107044 4134.69 -7169.42 3 103 1)
(107046 -38166.5 -46379.5 130 230 1)
(107048 102520 15598.8 118 218 1)
(107053 -48244 -58488 304 404 1)
(107058 21230.2 -105009 620 720 3)
(107063 -71430.9 96529.5 568 668 1)
(107065 59425.3 -36327 91 191 1)
(107075 -45197 -52432.4 60 160 1)
(107081 113755 -44430.5 368 468 1)
(107093 29299.6 7018.39 392 492 1)
(107094 -36459.1 -53547 479 579 3)
(107095 102781 59179.3 474 574 1)
(107111 26204.6 -71541.5 296 396 3)
(107113 89710.4 -5184.68 603 703 1)
(107114 70562.7 131596 534 634 3)
(107134 -35144.3 -79573.4 167 267 1)
(107136 -9906.83 -59547.6 132 232 1)
(107137 -17008.6 -118850 187 287 1)
(107141 -90497.7 -133071 582 682 1)
(107144 -5959.86 -66555.9 267 367 1)
(107158 -14018.5 -141.524 336 436 1)
(107159 61480 -107754 306 406 1)
(107171 -53291.4 -50472.5 589 689 1)
(107179 -46454.4 -53603.9 505 605 1)
(107180 54387.7 -82953.6 501 601 1)
(107184 -123831 -38448.9 562 662 1)
(107195 -112734 -83747 607 707 3)
(107202 94595.1 36155.2 55 155 1)
(107212 -114548 82385.9 173 273 1)
(107213 89717.7 55184.6 463 563 3)
(107224 -56233.8 -100681 80 180 1)
(107230 114823 106596 586 686 1)
(107232 -54263.5 79367.6 306 406 1)
(107235 71492.7 -1130.77 156 256 1)
(107236 64507.6 41916.7 62 162 3)
(107239 109723 -8276.64 174 274 1)
(107245 55464 -77701.3 627 727 1)
(107251 32310.5 129656 189 289 1)
(107252 91553.2 110487 6 106 1)
(107254 55404 -109527 92 192 3)
(107257 10249.9 86540 613 713 1)
(107261 -23072.9 25015.8 413 513 1)
(107262 52550.4 -35640.4 323 423 1)
(107268 113805 5895.61 448 548 1)
(107272 -114559 -30294 34 134 1)
(107273 -35100.2 -3145.38 95 195 1)
(107275 -17961.4 -115866 271 371 3)
(107284 -86504.4 108605 513 613 3)
(107287 -38160.9 -140916 155 255 1)
(107289 85794.2 130722 407 507 3)
(107295 -73473.5 -133061 484 584 1)
(107297 9157.62 -85669.1 319 419 1)
(107302 -25072.2 -44338.9 509 609 1)
(107308 -42213.7 47157.1 625 725 3)
(107318 90680.5 -73683.1 452 552 1)
(107319 61412.6 59177 353 453 1)
(107327 -38160.8 124573 38 138 1)
(107329 94597.7 116555 212 312 1)
(107339 -74340.6 112555 21 121 1)
(107341 -90034.8 16584.9 20 120 1)
(107343 12221.9 -49544.4 139 239 3)
(107352 28249.5 38111.4 314 414 1)
(107354 -32107.9 111519 171 271 1)
(107361 13175.5 67279.4 609 709 1)
(107366 86583.8 25046.7 378 478 1)
(107368 12127 131646 160 260 1)
(107372 -32198.1 149784 279 379 1)
(107382 75631.5 -30343.1 458 558 1)
(107387 -54253.2 56132.2 4 104 1)
(107390 -79358.6 20002.2 278 378 3)
(107392 -20106.6 -67557.9 494 594 1)
(107395 -5122.15 -34260.9 245 345 1)
(107428 -17043.8 -43366 97 197 3)
(107434 -26093.6 117527 58 158 1)
(107444 -64379.6 40826.2 460 560 1)
(107450 -104632 -66549.4 326 426 1)
(107456 -59260.8 -114754 84 184 1)
(107462 94634.6 100510 172 272 1)
(107465 -62414 -96792.3 621 721 3)
(107473 -39183.1 38133.6 624 724 1)
(107475 12121.4 81340.4 97 197 1)
(107493 27188.1 -5137.05 91 191 3)
(107494 -87444.6 13032.6 119 219 1)
(107496 -93545.8 -72627.8 390 490 1)
(107502 -6960.23 -10194 324 424 3)
(107509 -108700 -36405 596 696 1)
(107517 -50197.5 -23333.2 290 390 1)
(107518 44361.1 53200.1 414 514 1)
(107524 -18020.2 63318.7 629 729 1)
(107526 -82451.1 37241.4 396 496 1)
(107530 -18106.1 51179 52 152 1)
(107532 -71369.8 -120745 55 155 1)
(107536 -9925 -66443.7 30 130 3)
(107545 28277.4 13981 275 375 3)
(107547 1111.01 -135979 314 414 3)
(107552 -60297.8 -147974 180 280 3)
(107560 49367.2 -111842 7 107 1)
(107575 90575.6 -141029 356 456 1)
(107579 -77511.1 -4196.48 418 518 1)
(107587 -48346 -140080 460 560 1)
(107591 -8039.98 19944 465 565 1)
(107598 28305.4 -40457.3 544 644 1)
(107600 30201.6 1727.27 526 626 1)
(107613 81625.7 -93780.2 520 620 1)
(107616 8102.22 63253.5 540 640 1)
(107626 -116649 7840.81 296 396 1)
(107633 80704.5 -64720.5 559 659 3)
(107634 -122844 -74608.2 417 517 1)
(107635 119880 47163.5 326 426 1)
(107638 36311.1 98447.1 31 131 1)
(107643 -67255.9 36141.9 381 481 1)
(107655 -60301 -59411.2 104 204 1)
(107657 -68362 -128921 258 358 1)
(107667 91424 -62471.4 52 152 3)
(107668 84418.8 -141126 322 422 1)
(107669 -123701 -16234 262 362 1)
(107677 53384.9 -28381.3 288 388 1)
(107688 -64332.5 133702 188 288 1)
(107689 6075.69 72220.1 183 283 1)
(107690 3081.03 -94729.9 323 423 1)
(107693 -59282.8 12957.3 287 387 1)
(107694 64412 -63464.9 376 476 1)
(107698 83609.6 34095.5 426 526 1)
(107699 -5008.15 85208.2 94 194 3)
(107712 -119630 -47400.3 163 263 1)
(107715 -31120.2 -109760 159 259 1)
(107717 -4970.36 -59548.2 491 591 1)
(107719 -26972.8 -95733 1 94 3)
(107723 -29170.4 -62638.3 611 711 1)
(107732 -120824 111185 329 429 3)
(107737 -80432.3 -62514.2 261 361 1)
(107749 -828.225 26064.5 37 137 3)
(107769 15116.2 -76595.9 148 248 1)
(107772 -9055.89 -61408.4 261 361 1)
(107775 -19031 -92832.2 258 358 1)
(107777 -19071.6 -73560.1 115 215 3)
(107778 -42230.8 -38423 575 675 1)
(107779 -121685 -86664.4 286 386 1)
(107780 8097.93 -2181.82 237 337 3)
(107781 105980 96187.9 7 107 -1)
(107786 14182.9 -43444.5 350 450 1)
(107788 24993.2 88526.3 536 636 1)
(107789 -13026.2 41120.1 175 275 3)
(107790 40339.7 -52517 505 605 1)
(107791 58372.5 -21026.1 1 94 3)
(107794 -63363.6 -77623.4 428 528 3)
(107795 15164.6 35116 160 260 1)
(107797 -46249.1 118686 512 612 1)
(107801 25216.8 -104805 466 566 3)
(107805 33220.6 139513 243 343 3)
(107809 57375.9 75303.9 173 273 1)
(107810 -86435.9 61254.5 219 319 3)
(107812 19206.5 93475.7 409 509 3)
(107816 11047.9 -55530.7 540 640 1)
(107819 110733 -45401.6 241 341 1)
(107838 87552.5 -142926 182 282 1)
(107842 -18058.2 -70588.7 387 487 3)
(107843 11031.5 -140082 366 466 1)
(107847 67464 -18313.8 95 195 1)
(107852 23136.3 143698 98 198 1)
(107860 -108687 -142053 368 468 1)
(107865 13147.8 29044.7 620 720 1)
(107866 -1062.77 67368.8 629 729 3)
(107867 -90622 58308.2 531 631 1)
(107874 74512.9 -79618.3 277 377 1)
(107878 -35165.6 -80652.9 272 372 1)
(107879 74639.8 71316.3 581 681 1)
(107886 -109618 54307 164 264 1)
(107892 36322.7 -81714.5 569 669 1)
(107896 -38120.9 -34374.1 610 710 1)
(107910 124744 -72504.4 85 185 1)
(107930 16120.9 -36371.4 403 503 1)
(107931 -26090 -40484.6 190 290 1)
(107935 117814 20014.1 430 530 3)
(107940 50542.6 -24397.5 596 696 1)
(107957 22000.9 56371 74 174 3)
(107961 99882.4 -143142 9 109 1)
(107970 -122733 3880.29 302 402 1)
(107976 -8806 -112472 227 327 1)
(107977 72479.5 140906 595 695 1)
(107994 5113.99 -77688.2 493 593 3)
(107996 -62068.3 108339 570 670 1)
