(74021 -91471.4 13958.8 55 155 1)
(74026 72537 -92755.5 439 539 1)
(74030 -57366.3 37083.4 517 617 1)
(74043 12166.7 -49412.8 129 229 1)
(74045 -87488.8 46159.1 337 437 1)
(74053 97411.4 -89745.1 300 400 1)
(74055 -63326.9 34074.6 324 424 1)
(74056 60482.8 -140962 214 314 1)
(74067 -35320 47180 366 466 3)
(74069 -85613.6 -147090 466 566 1)
(74082 100521 -52552.6 1 101 1)
(74086 -44190.4 130625 150 250 1)
(74087 -44192.9 97460.8 513 613 1)
(74090 57423.7 135753 275 375 1)
(74110 -65339 -28320.4 381 481 3)
(74111 -109595 -86722.8 371 471 3)
(74113 20232.9 108576 607 707 1)
(74116 -70417.6 -94773.9 579 679 3)
(74119 -23262.4 -115020 447 547 1)
(74129 29379.4 -70734.5 541 641 1)
(74130 -94560.8 -148126 327 427 1)
(74135 24106.8 -115986 453 553 1)
(74140 48403.7 -104826 433 533 1)
(74141 -35069.9 41758.3 93 193 1)
(74146 109563 -133109 460 560 1)
(74151 -101538 -101729 227 327 -1)
(74154 57385.7 -107821 367 467 -1)
(74177 -59297 19036 104 204 1)
(74185 54477.9 -73519.9 504 604 3)
(74192 -72446.1 50083.7 247 347 3)
(74194 38281.9 -135952 268 368 1)
(74195 -35033.3 -23063.8 183 283 1)
(74196 9139.73 17971.4 583 683 3)
(74200 -84455.2 -20191.5 55 155 1)
(74204 16274.9 17067.1 580 680 1)
(74205 59412.5 -99724.9 248 348 1)
(74220 -88581.8 63212.5 1 95 3)
(74223 -31113.5 89404.3 174 274 1)
(74231 -113632 -133773 237 337 3)
(74233 21209.5 -45434.7 427 527 1)
(74237 73566.9 -91721.5 459 559 1)
(74241 79503.9 86357.2 108 208 3)
(74244 -29114.9 -7171.17 277 377 1)
(74246 -72209.8 99689.3 532 632 1)
(74258 -19056.6 -99639.5 98 198 3)
(74259 -20086.1 -78539.9 1 96 1)
(74262 -4940.65 -96673.3 199 299 1)
(74266 94732.8 41166.6 476 576 1)
(74277 -55341 68378.1 572 672 1)
(74278 -15066.2 -116750 6 106 1)
(74283 -26268.7 -26501.5 239 339 1)
(74284 -28015.8 -97035.1 352 452 1)
(74287 -40206.2 12890.5 559 659 3)
(74289 -10021.2 -43454.4 628 728 1)
(74295 -87454 -54352.1 71 171 3)
(74298 29162.7 -18096 49 149 1)
(74301 -24994.6 93403.4 116 216 1)
(74306 -9888.5 -122169 331 431 3)
(74307 -27166.6 -12032.5 282 382 1)
(74308 1070.4 -70638.8 562 662 3)
(74311 63396.9 -147916 25 125 1)
(74315 -70363.7 43088.2 454 554 1)
(74325 -117754 80333.3 86 186 3)
(74330 -1894.66 34079.2 139 239 1)
(74334 122805 62253.9 263 363 1)
(74338 13150.6 -58447 139 239 1)
(74340 47377.6 52215.3 425 525 1)
(74348 32300.7 18984.4 594 694 3)
(74354 50337.1 -127865 167 267 1)
(74360 -3914.37 -35313.1 38 138 1)
(74364 -33194.7 11751.1 457 557 1)
(74370 -62280.9 66244.8 11 111 1)
(74373 88612.4 57173.9 136 236 1)
(74380 56552.9 -84568.5 579 679 1)
(74386 -1935.45 -52499.8 537 637 1)
(74389 -94473.1 -124895 90 190 1)
(74392 82711.8 -144139 516 616 1)
(74394 124899 -44435.8 397 497 1)
(74404 -13074.1 52198.2 332 432 1)
(74409 28211.8 -63460.6 54 154 1)
(74414 -118629 -193.686 172 272 3)
(74420 117753 -12143.4 96 196 1)
(74421 -43076.4 25707.3 145 245 1)
(74422 -94471.1 -119781 100 200 1)
(74426 122700 1957.86 94 194 1)
(74428 110884 -79517.7 311 411 1)
(74435 -29108.4 -100869 551 651 1)
(74451 17140.3 -44371.8 31 131 1)
(74460 14128.6 -100718 276 376 3)
(74467 41363.1 -63583.7 550 650 1)
(74471 -41218.9 -7149.07 271 371 3)
(74488 23215.1 -69620.9 581 681 1)
(74495 10134.1 -4178 506 606 3)
(74501 -62663.8 105726 476 576 1)
(74506 17167.9 49140.4 430 530 1)
(74519 -32173.1 139586 16 116 1)
(74528 46328.6 -114702 33 133 1)
(74544 -78431 90467.2 315 415 1)
(74546 -68401.6 -61533.3 505 605 3)
(74547 -30194.5 43183.7 584 684 1)
(74548 -88579.2 126581 405 505 3)
(74549 67513.6 -50444.3 449 549 1)
(74551 49389.6 3900.02 169 269 1)
(74557 -109619 33080.9 398 498 1)
(74562 -74337.3 -83543.7 1 98 1)
(74565 -12021.9 122619 283 383 1)
(74574 85640.5 -75682.1 579 679 1)
(74579 -33153.1 91460.6 502 602 3)
(74587 85714.7 -22242.7 463 563 3)
(74592 -85573.7 44259 585 685 1)
(74596 47385.6 38118 322 422 3)
(74597 -62380.3 -123003 585 685 1)
(74601 -21059.2 -19288.2 533 633 1)
(74607 84621 4926.72 500 600 1)
(74608 66415.4 -89593.4 47 147 1)
(74618 -61393.5 73333.3 571 671 1)
(74621 -6977.93 -70579.5 371 471 1)
(74623 23176.2 -55399.3 1 97 1)
(74625 116737 77334.5 196 296 1)
(74626 -5994.67 -41294.2 32 132 3)
(74632 113691 2961.42 206 306 1)
(74640 -87416.2 -67487.7 90 190 1)
(74644 -106576 -5234.34 217 317 1)
(74656 -44211.1 11923.3 360 460 1)
(74657 -57284.9 -7292.95 611 711 1)
(74659 -87512.9 -34422.4 564 664 1)
(74662 35294 75349.5 394 494 1)
(74663 -10119.8 38582.7 456 556 1)
(74665 100725 -32338.5 451 551 1)
(74666 -13394.3 -128045 545 645 3)
(74675 -29045 -81603.7 159 259 1)
(74676 26244.5 -113946 607 707 1)
(74678 -52277 25032.4 346 446 1)
(74681 88491.3 -17134.8 529 629 1)
(74686 106818 -89751.2 606 706 3)
(74698 91404 -77589.4 466 566 3)
(74704 -104622 92464.5 447 547 1)
(74710 94628.7 98247.4 221 321 1)
(74712 34265.8 -72460.5 71 171 1)
(74714 -28091.7 9746.59 259 359 1)
(74724 102297 -36386.5 513 613 1)
(74728 98688.5 -142108 424 524 3)
(74734 -91475.9 -18223.3 176 276 1)
(74737 -100618 -58521 493 593 1)
(74744 2073.99 6915.44 42 142 1)
(74749 -87025.4 -115804 563 663 1)
(74764 59446.6 -13223 368 468 1)
(74767 -20071.4 -45466.5 474 574 1)
(74773 40220.2 -70530.1 490 590 1)
(74781 112800 16177.5 241 341 3)
(74783 51441.8 53213.1 536 636 3)
(74785 -104675 -28252.2 354 454 1)
(74789 23217.5 -168.473 290 390 3)
(74793 70552.9 6113.07 318 418 1)
(74796 -44280.2 -114676 32 132 1)
(74806 76691.2 -88587.5 444 544 1)
(74807 -78340.5 51175.3 6 106 1)
(74811 68456 16981.2 147 247 3)
(74813 85493.9 -85579.4 11 111 1)
(74814 -31092.9 34082.3 1 96 1)
(74816 57419.9 -9185.04 484 584 1)
(74822 47689.6 2114.46 272 372 1)
(74831 11106 -15220.7 527 627 1)
(74832 88653.4 35109.1 477 577 1)
(74848 45401.4 -44404.1 510 610 1)
(74851 -31156.7 3864.66 522 622 3)
(74867 11178.1 -60646.5 93 193 1)
(74873 36163.7 -142946 1 98 3)
(74875 36338.9 -57481.9 372 472 1)
(74889 -96581.1 -75669.5 474 574 1)
(74895 -91570.1 -86750.6 578 678 3)
(74901 -32136.2 -83672 364 464 3)
(74902 74582.7 63356.1 623 723 1)
(74904 122984 927.562 290 390 3)
(74906 123841 -116857 334 434 1)
(74908 8138.86 -131983 402 502 1)
(74915 40287.7 17989 138 238 1)
(74919 87684.9 5897.66 547 647 1)
(74920 -16976.7 -25214.7 29 129 1)
(74937 44463.7 -138990 402 502 1)
(74938 23237.4 -80654.9 347 447 3)
(74941 24209.6 -66478.3 156 256 3)
(74946 -100734 94616.7 606 706 3)
(74947 81743 44473.8 166 266 1)
(74949 -90548.5 61272.9 521 621 1)
(74954 -120568 -45341.9 60 160 3)
(74960 -96552.5 58244.8 372 472 1)
(74962 -119749 -52420.6 493 593 1)
(74965 -74432.9 104560 432 532 1)
(74973 31321.9 -30317.8 430 530 1)
(74974 121908 -91788.7 574 674 3)
(74975 34303.9 50204 495 595 1)
(74978 -61327.7 -115841 155 255 1)
(74982 62366.1 -142880 27 127 3)
(74987 -28110.6 -89675.6 278 378 1)
(74996 111843 37124.2 552 652 1)
