(12012 -20648.8 34340.6 175 275 1)
(12016 121725 63223.1 23 123 1)
(12032 57426.2 -98799.3 397 497 1)
(12052 56576.2 73468.1 139 239 1)
(12055 70349.9 -1187.16 396 496 1)
(12058 102758 -148945 191 291 1)
(12067 96794.8 -78654.8 625 725 1)
(12068 67646.5 -111800 613 713 1)
(12070 -100521 -107737 159 259 3)
(12081 105813 -71652.1 587 687 1)
(12089 -115385 -52403.2 218 318 1)
(12097 -91532.3 -74631 463 563 3)
(12101 -58354.6 -135031 380 480 1)
(12107 72407.7 -146094 158 258 3)
(12108 48360.1 17985.4 293 393 1)
(12117 41256.4 -57461.7 247 347 1)
(12120 17174.2 70342.9 201 301 1)
(12125 -6934.91 -102670 1 101 1)
(12145 90677 -53476.8 436 536 1)
(12147 -30100.2 34081.4 171 271 3)
(12150 -74961.6 -14622.4 231 331 3)
(12168 106764 91428.3 349 449 3)
(12169 69455.1 -104711 157 257 1)
(12175 -11998.1 -22283.2 370 470 3)
(12178 97370.4 -68597 458 558 1)
(12179 -11027.5 43117.8 17 117 1)
(12183 38257.3 -9157.31 43 143 1)
(12190 52391.5 -102702 122 222 3)
(12210 -66355.2 11899.6 553 653 1)
(12212 114692 -50401.8 101 201 1)
(12213 48404.2 -139787 1 96 1)
(12215 -112617 101695 525 625 1)
(12216 -91470.8 13916.1 341 441 1)
(12228 -64372.9 -25411.3 573 673 1)
(12239 16179.8 -119944 449 549 1)
(12242 -56272.1 -20266.3 348 448 1)
(12244 -80227.9 -67200.9 99 199 1)
(12248 18154.9 40005 377 477 1)
(12249 -83463.6 -50412.1 184 284 1)
(12255 -32183.4 -149884 58 158 1)
(12265 19179.5 -29329.6 370 470 3)
(12279 -85737.4 45158.6 603 703 1)
(12289 115864 -47465 386 486 1)
(12293 -101566 -76654.7 13 113 1)
(12294 -43305.5 -48460.5 319 419 1)
(12305 99682.3 -62535 408 508 1)
(12309 -90440.8 -18190.9 13 113 1)
(12313 119846 93596.9 438 538 3)
(12316 -80503.7 89446.1 570 670 1)
(12327 50353.9 -133895 194 294 1)
(12329 -52339.4 98380.8 1 95 3)
(12335 -118613 -137895 126 226 3)
(12344 27260.3 44137.6 176 276 1)
(12345 113721 -133906 184 284 1)
(12347 5088.91 90409.8 28 128 1)
(12364 -122660 -148981 146 246 3)
(12365 -73395.5 48248.5 285 385 1)
(12370 -8961.06 -81540.9 93 193 3)
(12374 88559.9 -124850 167 267 1)
(12385 45373.8 33164.3 546 646 1)
(12389 -45032.9 -5198.25 102 202 1)
(12391 -53304.8 -119786 343 443 3)
(12393 -38139.2 -41247 120 220 1)
(12395 -16027.6 -10258.3 64 164 1)
(12403 -105591 5873.12 327 427 1)
(12405 37318.6 -17250.8 505 605 1)
(12409 109645 -39336.4 1 98 1)
(12413 114650 -42334.4 96 196 1)
(12439 93683 -104842 440 540 1)
(12457 80606.5 -96709.6 457 557 1)
(12463 92776.1 141858 460 560 1)
(12489 -90645.9 103544 458 558 1)
(12492 35272.8 -85738.5 572 672 1)
(12499 -95445.1 14960.1 167 267 1)
(12502 108675 -51420.6 164 264 1)
(12503 -21057.4 39129.5 146 246 1)
(12507 42350.3 105585 492 592 3)
(12509 49432.1 21006.1 278 378 1)
(12511 79570.5 -91696.1 355 455 1)
(12516 28419.1 -98779.8 152 252 1)
(12527 -47197 -70569.6 544 644 1)
(12528 1023.53 19047.5 71 171 1)
(12535 51420.7 -72539.1 107 207 1)
(12536 -27131.6 18972.6 462 562 1)
(12548 52433.8 51134.8 556 656 1)
(12556 -24108.6 -55465.4 245 345 1)
(12565 13149.7 -30333.9 423 523 1)
(12588 -12005.6 -89816.8 449 549 1)
(12593 -69419.1 23009.5 586 686 1)
(12597 -20060.8 -89692.5 325 425 1)
(12603 -109568 67274.4 112 212 1)
(12604 39185.1 -6307.53 562 662 1)
(12611 -998.68 -25254.3 309 409 1)
(12613 -17063.3 -125012 579 679 1)
(12635 9112.46 -30262.2 23 123 1)
(12641 -85441.9 -74553.4 213 313 1)
(12643 2951.05 48227 14 114 1)
(12655 -39196 -37404.9 168 268 1)
(12663 32239.8 101436 100 200 1)
(12664 -26099.6 2886.78 319 419 1)
(12667 38623.3 52048.1 1 94 1)
(12675 93598.8 39076.6 156 256 1)
(12678 -73725.2 87818.9 146 246 1)
(12685 -7985.72 -111885 456 556 1)
(12687 106704 -55434.4 71 171 1)
(12689 112659 28036.4 29 129 1)
(12695 -83506.9 -147066 372 472 1)
(12705 -20056.3 -76522.6 33 133 1)
(12706 -44277.9 11935.9 419 519 1)
(12708 70518.4 -51354.9 137 237 3)
(12713 -92303.4 -126035 290 390 1)
(12715 36309.6 -24297 253 353 1)
(12729 14186.4 -20306.5 559 659 1)
(12731 -104542 -134875 112 212 3)
(12736 91700.2 97630.2 365 465 3)
(12748 -118657 -102748 251 351 3)
(12759 -44284.4 -27331.8 472 572 1)
(12764 -78429.1 -114811 154 254 1)
(12769 -44169 -74523.3 110 210 1)
(12773 -61338.6 -42414.4 476 576 1)
(12777 -75968.2 -107808 96 196 1)
(12792 -33117.3 -63464.3 48 148 3)
(12798 -48249.2 -135997 366 466 1)
(12806 -47138 85357 90 190 1)
(12811 -75415.5 -146053 389 489 1)
(12823 26153.1 110421 65 165 3)
(12830 20174.6 -79555.5 101 201 3)
(12833 -948.444 14964.5 121 221 1)
(12835 117825 -108754 90 190 1)
(12840 -22230 -92444.1 491 591 1)
(12846 73613.6 -2042.31 1 93 3)
(12849 98752.7 115632 544 644 1)
(12873 -18045.3 -28331.6 448 548 1)
(12875 -96612.7 -41424 564 664 1)
(12881 -15903.7 -62681.5 81 181 1)
(12894 49367.9 85342.2 42 142 1)
(12895 95679.9 -72601.6 389 489 1)
(12909 -112697 124609 406 506 1)
(12912 65544.1 -125038 615 715 -1)
(12916 -61227 129699 515 615 1)
(12923 -116709 -126996 527 627 3)
(12928 16149 -59406.7 2 102 1)
(12938 -30105.5 142724 260 360 1)
(12944 57439.2 39117.9 150 250 1)
(12947 -18048.9 24023.9 462 562 3)
(12953 -103657 41138.2 524 624 3)
(12958 -69375.2 -143076 417 517 3)
(12960 60447.2 -65531.1 319 419 1)
(12970 53433.6 58057.1 430 530 1)
(12985 36316.2 -64604.6 459 559 1)
(12987 15191.8 -23236.6 297 397 1)
(12997 -13024.8 -140043 411 511 3)
(12998 25216.5 93445.5 270 370 1)
