(80004 38321.6 -58539.6 535 635 3)
(80015 24265.3 99549.6 583 683 1)
(80017 50382.2 -13227.7 416 516 1)
(80032 -92501.3 884.345 7 107 3)
(80035 -40124.5 -140994 215 315 1)
(80038 -105792 -131818 184 284 1)
(80045 -59369.6 -68648.6 451 551 1)
(80046 -100547 -62493.3 397 497 1)
(80054 107515 -68762.2 554 654 1)
(80064 92547.4 143670 41 141 1)
(80065 -8990 -115791 272 372 1)
(80072 51330.8 16965.4 44 144 1)
(80086 -69375.4 93503.2 474 574 1)
(80095 -8990.99 -47404.1 218 318 1)
(80118 76522.2 62303.3 328 428 1)
(80129 48353.5 68305 344 444 1)
(80130 43343.6 -45467.1 569 669 1)
(80135 -110368 -60543.9 15 115 1)
(80139 -36173 -101796 410 510 1)
(80147 -13031.7 -67533.4 223 323 1)
(80151 39345.8 59280.1 595 695 1)
(80155 -104752 -139070 474 574 1)
(80176 -31153.8 -55518.4 517 617 1)
(80177 94565.4 36094.7 253 353 1)
(80182 -17787.2 -36368.7 500 600 1)
(80183 107805 53218.7 625 725 3)
(80184 -23100.7 -81550.1 66 166 1)
(80185 -65195.9 57182 86 186 1)
(80190 40394.7 -9244.36 600 700 3)
(80192 -10016.5 -103728 270 370 1)
(80194 25156.2 118696 436 536 1)
(80202 62455.1 66407.3 318 418 1)
(80212 -83445.3 130677 269 369 1)
(80217 35546.3 -20385.6 39 139 1)
(80222 -11003 -137020 392 492 1)
(80224 -9062.34 -46406.4 165 265 1)
(80226 -84446.2 -116940 46 146 1)
(80227 -14033.3 -103789 349 449 1)
(80230 -2648.95 13059.9 319 419 1)
(80240 110863 -39422.2 582 682 1)
(80244 67545.3 20000.8 565 665 1)
(80247 64260.4 -7312.81 29 129 1)
(80249 -61340.5 -98803.5 475 575 1)
(80252 -64254.1 -149009 263 363 1)
(80255 -79467.6 -93702.6 311 411 1)
(80273 60408.8 -148968 155 255 1)
(80279 106667 2901.15 57 157 3)
(80281 -117653 -23046.7 24 124 3)
(80292 121777 39168.5 484 584 1)
(80296 -23085 -79627.2 304 404 1)
(80303 -14988 99461 526 626 3)
(80310 70455.9 60215.4 25 125 1)
(80315 4038.91 -144948 72 172 1)
(80316 -27135.8 -17179.6 400 500 1)
(80320 6093.97 -13092.5 169 269 1)
(80330 -17095.2 -55601.1 542 642 1)
(80346 -41235.9 25045 533 633 1)
(80348 -52200.7 137660 53 153 1)
(80352 -46213 -59448.2 115 215 3)
(80353 50619.7 -2876.1 586 686 1)
(80358 28272 -90613 216 316 3)
(80359 -84464 -117080 611 711 1)
(80364 -54279.7 146496 208 308 1)
(80370 -56316.5 -115986 458 558 1)
(80371 -123538 -129711 146 246 1)
(80378 3123.41 78743.2 568 668 1)
(80379 -9992.98 -137899 146 246 3)
(80381 -42242.1 -133872 449 549 1)
(80387 -23156.1 41021.1 49 149 1)
(80390 -69324 146691 71 171 1)
(80391 -61218.8 -5216.01 297 397 3)
(80393 9205.32 -93831.2 530 630 3)
(80394 63513.1 -34387.7 568 668 1)
(80397 -43277.4 -115852 323 423 1)
(80399 2984.79 -16160.4 28 128 1)
(80415 22201.4 -88739.2 424 524 3)
(80419 119834 -75685.6 265 365 1)
(80432 -22046.1 -27258.1 74 174 1)
(80437 -41.8643 33137.7 268 368 1)
(80441 -10030 -66537 248 348 1)
(80445 -90546.4 -63525 11 111 1)
(80454 46293.4 42177.5 255 355 1)
(80456 17143.4 -79520.8 1 96 3)
(80460 -31125.4 -141971 241 341 1)
(80464 32242.3 116536 143 243 3)
(80470 -27215.3 10199.4 37 137 3)
(80474 42363 93514.4 590 690 1)
(80477 54409.1 -72535.3 192 292 1)
(80479 -30134.8 -134885 100 200 3)
(80487 -15049.3 -105894 612 712 1)
(80490 90624.9 -77598 338 438 1)
(80491 37313.6 73317.7 271 371 1)
(80499 -16019.1 39065.1 101 201 1)
(80500 -6931.39 -96663.2 148 248 1)
(80507 3100.94 -12074.8 618 718 1)
(80512 -87517.6 59295.3 528 628 1)
(80527 11170.8 -95670.7 95 195 3)
(80530 -39253 -90823.5 407 507 1)
(80531 82426.6 -69658.4 138 238 1)
(80534 15241.7 -40176.6 23 123 1)
(80544 -30126.9 -39366.8 405 505 1)
(80546 12200.6 -97677.3 142 242 1)
(80548 -56298.6 85472.1 490 590 3)
(80562 6214.42 -139266 485 585 3)
(80574 13167.7 78316 168 268 3)
(80589 105786 -46464.2 595 695 3)
(80597 -55208.2 -88651.1 185 285 3)
(80598 -112578 -24251 140 240 1)
(80601 61395.2 -91621.7 86 186 1)
(80608 115730 -118771 134 234 1)
(80618 59446.4 -88635.2 452 552 1)
(80623 23187.6 -37339.3 140 240 3)
(80624 107765 -1176.27 326 426 1)
(80649 -71524.2 -6285.42 615 715 1)
(80652 -84414.6 6899.25 190 290 1)
(80661 -12120.8 -20355.5 130 230 1)
(80669 -17900.4 111597 53 153 1)
(80672 98770.7 -82608.4 465 565 3)
(80675 -52355.1 -79675 471 571 1)
(80687 35291.2 -93625.4 140 240 1)
(80698 -68464.2 -2141.48 487 587 1)
(80699 118614 130612 58 158 1)
(80703 -13984.2 -109907 461 561 1)
(80724 43247.7 -100910 53 153 1)
(80727 -59410.9 104443 298 398 1)
(80743 -67310.2 113447 54 154 1)
(80749 -105646 125705 501 601 1)
(80750 -116703 -126924 394 494 1)
(80752 17279.1 20945 464 564 3)
(80760 -82476.8 -142080 377 477 1)
(80765 30299.1 -149086 378 478 1)
(80767 37301.7 127616 154 254 1)
(80784 -91501.4 -73515.1 359 459 1)
(80789 15289.6 71339 406 506 1)
(80797 36245 61222.6 54 154 1)
(80810 77541.2 124642 315 415 1)
(80823 -11013 -37427.5 374 474 1)
(80831 111619 30135.4 166 266 1)
(80836 -33128.7 -126048 608 708 1)
(80844 -63275.6 -45302.9 36 136 1)
(80849 67464 120563 343 443 1)
(80850 41298.4 2888.07 148 248 3)
(80853 -14915.7 -51503.1 492 592 1)
(80860 18197.8 21014.3 451 551 1)
(80868 -80478.7 -28309.3 613 713 1)
(80870 -60265.2 17954 564 664 1)
(80873 51345.3 95464.1 94 194 -1)
(80879 -58416.3 135850 513 613 3)
(80880 119908 112613 400 500 1)
(80885 122888 -56511.5 456 556 3)
(80888 91727.9 133635 398 498 1)
(80894 -3900.55 -33361.7 525 625 3)
(80899 -106531 6829.96 16 116 3)
(80908 -37249.2 -62583.2 402 502 1)
(80910 21220.4 -8238.58 553 653 1)
(80911 -115732 -62564.4 505 605 1)
(80913 66371.3 49331.6 589 689 3)
(80922 -37175.1 16072.5 343 443 1)
(80939 100615 4929.3 34 134 1)
(80949 10133.3 -99612.7 289 389 1)
(80951 -7985.29 -118927 468 568 1)
(80953 57415.4 104508 246 346 1)
(80954 27259.5 64303.4 597 697 1)
(80971 -3390.04 109462 103 203 1)
(80980 28423 -98768.4 360 460 1)
(80983 78.9973 -103786 292 392 3)
(80986 106770 -1177.39 477 577 1)
(80995 -81461.7 -110857 386 486 1)
(80999 -25068.7 26035.2 150 250 1)
