(87018 -42313.6 111796 474 574 1)
(87025 -39175.3 -48395.8 132 232 1)
(87026 64776.8 -85428 620 720 1)
(87032 99796.5 143920 463 563 1)
(87040 -105583 48171.2 298 398 1)
(87041 -83459 -16134.4 551 651 3)
(87050 45368.2 -17196.4 251 351 1)
(87056 70526.1 122609 356 456 1)
(87061 5250.91 96279.5 174 274 1)
(87062 24087.3 -107733 375 475 1)
(87063 -47195.4 5897.91 472 572 1)
(87067 47260.2 -21137.4 453 553 1)
(87070 -55166.9 -31323 268 368 3)
(87072 97685.6 -22194.3 147 247 3)
(87074 -65417.6 94541.4 601 701 1)
(87088 -80589.5 121727 519 619 1)
(87093 -21117.7 -18211.2 372 472 3)
(87100 -86502.7 -44392 301 401 1)
(87103 -79531.3 -149044 343 443 1)
(87105 89702.4 -17231.4 566 666 1)
(87109 -33048.4 147701 164 264 1)
(87119 -97557.9 -106795 315 415 3)
(87120 -68368.2 -58532.7 307 407 3)
(87125 -38231.6 -52409.4 185 285 1)
(87127 -57308.8 -64530.8 366 466 1)
(87132 -111735 -59602.5 627 727 3)
(87135 54410.5 -87634.4 480 580 1)
(87138 -30129.6 -140042 490 590 1)
(87148 -27096.5 148725 78 178 3)
(87150 -28139.4 -3129.2 213 313 1)
(87154 77560 106745 618 718 1)
(87158 -11065.4 60237.2 222 322 1)
(87162 -118662 -56489 335 435 1)
(87183 54328.2 136741 198 298 1)
(87185 -78471.2 -131996 370 470 3)
(87189 96705.4 -46391.6 556 656 1)
(87190 65537 -133947 337 437 1)
(87191 89537.1 -56709.4 338 438 1)
(87212 85633.4 42131 465 565 1)
(87216 -50909.4 52840.9 8 108 1)
(87219 -69485.8 114612 522 622 3)
(87220 71445.5 -61447.4 77 177 1)
(87226 -10003 -23267.9 97 197 1)
(87227 -59243.7 -114702 49 149 3)
(87232 71652.7 -12254.2 329 429 1)
(87236 -11012.4 -76636.8 526 626 1)
(87237 51397.5 86469.2 597 697 3)
(87239 -68360.2 117731 393 493 3)
(87241 101723 -111024 583 683 1)
(87244 -106638 -115656 145 245 1)
(87245 55382.3 -60444.5 162 262 1)
(87256 -4048.64 66403.5 500 600 1)
(87257 49293.8 -73676.3 39 139 1)
(87261 -75455 -109836 485 585 1)
(87264 -35091.4 36148.3 123 223 3)
(87272 -64310 -4149.74 146 246 1)
(87279 -15335.8 -106056 420 520 1)
(87281 109670 118539 113 213 1)
(87283 56475.1 -59534.6 542 642 1)
(87286 -81420 -28188.9 24 124 1)
(87287 -83477.6 -82662.2 549 649 1)
(87292 -99658.3 -139147 627 727 1)
(87305 -61352 -97668 126 226 1)
(87309 26371.8 110315 142 242 1)
(87320 -39161.4 112523 96 196 1)
(87322 -6135.7 21055 531 631 3)
(87330 -4080.85 -80967.5 554 654 3)
(87339 -39235.3 34044.5 377 477 3)
(87341 21173.7 37102.6 215 315 3)
(87350 112801 15963 432 532 1)
(87352 60441.9 -76608.8 383 483 3)
(87354 26118.8 149866 59 159 3)
(87364 -109551 -143926 101 201 1)
(87373 10130.6 96447.3 244 344 1)
(87378 108679 50142.6 228 328 3)
(87379 -16878.7 68521.2 386 486 1)
(87388 70549.5 -99866.3 479 579 1)
(87395 -97528.3 -45359.7 475 575 1)
(87398 103753 -141995 291 391 3)
(87400 -57279.7 -127927 344 444 1)
(87401 -46257.6 -70681.2 573 673 3)
(87409 9564.65 -30613.1 223 323 1)
(87415 8137.81 -119007 511 611 1)
(87418 -24125.5 70380.8 615 715 1)
(87422 119932 119730 627 727 1)
(87427 -97625 -66549.8 618 718 3)
(87430 -87634.6 25023.4 341 441 1)
(87440 -31124.6 -18242.5 282 382 1)
(87445 -36225.3 129800 624 724 1)
(87450 47548.4 57461 441 541 1)
(87452 19292.3 -13957 223 323 3)
(87453 -66395.2 -67626.5 564 664 3)
(87457 -16035.6 -82687.6 482 582 1)
(87465 -40243.2 -147117 354 454 1)
(87468 41363.6 54249.7 318 418 1)
(87473 -69401.6 136987 593 693 1)
(87485 -50194.1 81486.7 500 600 1)
(87489 -74390.9 -17225.3 328 428 1)
(87490 -74386.8 -131939 217 317 1)
(87497 -70372 60239.6 269 369 1)
(87510 13154.9 -132036 504 604 3)
(87515 -31119.1 -65591 465 565 1)
(87520 -10007.5 -103879 564 664 1)
(87529 92775.1 -28263.6 554 654 1)
(87559 70508.6 -77600.6 412 512 3)
(87568 53524.4 -8300.67 101 201 1)
(87574 -41252.2 25974.3 561 661 1)
(87594 -52228.3 4970.85 170 270 3)
(87599 -33283.6 24068.7 541 641 1)
(87604 109643 -43346.8 35 135 1)
(87620 111733 80357.3 228 328 1)
(87644 -38229 -109894 501 601 1)
(87651 -87442.5 141918 587 687 1)
(87659 31384.3 -81377.5 163 263 1)
(87663 87704.3 -121774 149 249 1)
(87665 -5859.63 80350.5 195 295 1)
(87666 46403.6 26032.7 265 365 1)
(87669 105752 15966.6 427 527 3)
(87673 33308.8 10925.1 361 461 1)
(87675 -52328.8 -38475.4 479 579 1)
(87676 -89516.4 62307.7 462 562 1)
(87678 -28140.1 63337 269 369 3)
(87684 -111799 101526 371 471 1)
(87693 -78456.4 134767 476 576 1)
(87698 56438.1 40088.4 411 511 1)
(87699 -52308 98548.2 414 514 1)
(87705 -28239.3 -113022 431 531 1)
(87709 15156.6 -73598.6 344 444 1)
(87718 29272.4 -45461.9 614 714 1)
(87719 -51039.8 -124913 153 253 3)
(87728 -61428.4 -103777 253 353 1)
(87729 51398.1 -6136.29 1 93 1)
(87737 -29106.9 98492.5 496 596 1)
(87738 -944.301 -85.3626 273 373 1)
(87745 -55233.3 -72505.7 7 107 3)
(87751 -27100 -40444.8 620 720 1)
(87752 51423.6 -88749.3 519 619 1)
(87769 -44214.3 -2300.29 403 503 1)
(87776 -84452.1 136679 181 281 1)
(87779 110827 40170.6 390 490 1)
(87782 32310.4 -103866 516 616 1)
(87787 7091.38 -46477.1 617 717 3)
(87798 -9813.87 -71487.3 619 719 1)
(87810 -40118.3 12984.5 174 274 1)
(87819 -94488.9 -68454.4 109 209 1)
(87820 39354.7 -7182.91 409 509 3)
(87821 -50224.3 -83645.9 154 254 1)
(87824 -24047.1 -54390 197 297 1)
(87832 55455 -74639.6 581 681 1)
(87835 102839 -61634.9 628 728 1)
(87841 -26104.2 -51476.1 566 666 1)
(87846 -20064.8 -76619.2 356 456 3)
(87848 72468.9 91378.2 346 446 1)
(87849 -2958.53 76331.9 281 381 1)
(87858 66424.8 -94614.9 26 126 3)
(87889 105716 13968.1 93 193 1)
(87892 -66549.9 -4056.95 88 188 3)
(87893 119686 15931.3 353 453 1)
(87897 -13000.9 -144925 100 200 1)
(87898 -3951.83 53219.9 529 629 1)
(87910 116888 17942.7 536 636 1)
(87912 7127.53 -59559.8 581 681 1)
(87922 -78408.6 -109859 165 265 3)
(87925 -118657 -62693.4 549 649 1)
(87927 115817 73359 448 548 1)
(87938 46542.3 80431 312 412 1)
(87950 29224.9 -12204.4 241 341 1)
(87953 -23088.7 -134010 418 518 3)
(87977 43576.2 21953.8 500 600 1)
(87979 36357.9 77435.8 528 628 1)
(87982 -24143 53227.7 374 474 3)
(87983 -8106.26 64364.3 568 668 3)
(87985 -14007.1 69283.2 115 215 1)
(87992 -45225.3 -78382.9 93 193 1)
(87997 -109527 -59435 18 118 1)
(87999 -105543 -48388.9 138 238 1)
