(129001 13193.4 -38320.2 269 369 1)
(129003 64523.9 -36339.1 588 688 3)
(129007 73440.3 -78119.5 450 550 1)
(129009 19215.6 -143205 531 631 1)
(129014 89551.7 -4137.83 78 178 3)
(129027 116354 64186.7 611 711 1)
(129029 -122788 -77605.5 423 523 1)
(129048 -61352.1 -55452.8 319 419 1)
(129050 59469.9 -14088.8 360 460 1)
(129059 -18884.1 -135856 114 214 1)
(129069 119819 39108.9 373 473 3)
(129080 -62490.2 -58449.1 475 575 3)
(129086 -62208.3 60204.2 1 99 1)
(129097 18185.9 -22281.8 239 339 1)
(129103 112852 -34407.8 605 705 1)
(129108 -109475 -53443.4 242 342 1)
(129109 5942.02 91479.5 486 586 3)
(129110 -77441.3 -38490.3 421 521 1)
(129111 -63355.6 -81673 469 569 1)
(129114 41346.8 -17251 266 366 1)
(129116 68463.5 -61464.9 173 273 1)
(129119 -61332.4 57212.8 275 375 1)
(129127 -55325.7 -31321.8 564 664 1)
(129136 24113.6 66408.3 573 673 1)
(129143 -74369 105490 92 192 3)
(129154 -23083.8 -16288.4 237 337 1)
(129155 -6976.25 -90800.6 513 613 1)
(129158 -105584 6106.72 331 431 1)
(129159 22286.1 55238.9 81 181 3)
(129165 -20010.1 112447 127 227 3)
(129178 -75475.5 74351.1 351 451 1)
(129185 -53136.7 -54495.9 74 174 1)
(129187 65423 38046.8 507 607 1)
(129188 -24962.3 107302 12 112 3)
(129208 88649 -137059 335 435 1)
(129213 96564.4 -47370.9 65 165 1)
(129218 -32111.5 -19211.2 63 163 3)
(129219 38402.8 59036.6 79 179 1)
(129225 -95472.1 29135.6 351 451 3)
(129226 101584 -53353.7 45 145 3)
(129228 -86603.9 -46468.2 392 492 1)
(129233 -112516 -147005 531 631 1)
(129236 -4983.36 3870.83 578 678 3)
(129245 74.5015 -15287.7 349 449 1)
(129256 104836 47161.5 555 655 1)
(129258 41204.2 -95492.4 235 335 1)
(129263 -73424.8 -28235 137 237 3)
(129278 45321.2 39086.1 202 302 1)
(129287 -92613.9 55307 564 664 1)
(129294 -49230.2 -147873 10 110 1)
(129309 87569.1 -62529 302 402 1)
(129310 20198.3 -29302.2 20 120 1)
(129313 -11025.8 9900.96 627 727 1)
(129320 -106532 -128816 50 150 1)
(129325 -99440.9 27999 396 496 1)
(129332 -24077.8 -121765 32 132 1)
(129335 -44207.2 -37324.4 118 218 3)
(129348 31285.4 -146925 67 167 1)
(129356 -77397 -29403.2 346 446 1)
(129364 123794 -67436.2 226 326 3)
(129367 43341.4 -73592.4 289 389 1)
(129379 -81376.5 44109.3 66 166 1)
(129385 -45163.1 -148959 132 232 3)
(129393 98678.9 -73648.9 445 545 1)
(129397 14172.7 -37336.4 124 224 1)
(129399 53376 -123838 200 300 1)
(129402 79524.7 -124865 162 262 1)
(129406 -20076.1 -98835.4 583 683 3)
(129410 -27093.8 -13240.7 181 281 1)
(129416 -57314.9 25035 411 511 1)
(129421 -46227.9 58279.7 239 339 1)
(129422 -20046.2 -128953 373 473 1)
(129423 -67358.5 -38371.5 226 326 3)
(129426 95638.7 -98729.2 253 353 1)
(129427 -111033 -13154 310 410 1)
(129435 35260.2 -141848 17 117 1)
(129437 -86338.8 7945.92 47 147 1)
(129448 66516.9 128688 210 310 3)
(129449 78336.1 -93839.8 128 228 1)
(129452 -76457.4 134529 1 95 1)
(129453 -94564.3 -131062 516 616 1)
(129455 -969.177 75350.4 234 334 3)
(129457 77544.4 -137979 126 226 1)
(129460 -24000.8 129470 87 187 1)
(129461 -88427.3 143664 47 147 3)
(129462 -113509 108552 317 417 3)
(129475 26275.3 -93645.6 118 218 1)
(129478 22838.4 -37471.7 224 324 1)
(129481 -85335.1 55343.6 50 150 1)
(129490 -52292.9 77321.9 342 442 1)
(129495 121844 -95738.2 365 465 1)
(129511 103772 14925.6 509 609 1)
(129513 -81380.7 -144812 202 302 1)
(129514 68681.9 100583 519 619 3)
(129515 24279.5 -57469.7 499 599 1)
(129523 51337.4 -10153.8 18 118 3)
(129531 69541.4 -37407.8 559 659 1)
(129534 40340.8 -68581.8 263 363 1)
(129536 -108566 -29308.4 414 514 3)
(129537 64234.4 30759.2 45 145 1)
(129541 -48131.8 51833.3 152 252 1)
(129545 -105570 77337 78 178 3)
(129546 -53190.2 -25501.4 356 456 3)
(129552 -11007.3 -69490.6 49 149 1)
(129560 104719 118533 465 565 1)
(129564 -87494.9 -14340.6 101 201 1)
(129569 93596.6 123583 247 347 1)
(129573 102403 11972.7 164 264 1)
(129584 -81394.6 -114940 518 618 1)
(129588 88640.1 12902 487 587 1)
(129593 -124660 16978.3 168 268 1)
(129596 30295.7 50111.3 78 178 1)
(129601 -5987.31 -65503.7 281 381 1)
(129603 17202.7 -135946 244 344 1)
(129604 11152.4 -44342.6 71 171 3)
(129609 12123.6 68306.3 144 244 1)
(129611 -101621 141938 351 451 3)
(129612 -72338 -76512.6 7 107 1)
(129627 40376.9 -102887 523 623 1)
(129644 6097.46 30064.7 138 238 1)
(129646 -48092.5 14970.8 623 723 1)
(129650 -54268.7 77361.7 558 658 1)
(129661 44314.8 -21250.5 381 481 1)
(129665 30202 -95811.7 448 548 1)
(129680 12130.2 -48416.2 222 322 1)
(129682 -90434.6 -45306.8 29 129 1)
(129699 123828 -3251.45 359 459 1)
(129706 -22376.9 -113808 151 251 1)
(129708 -98527.7 -89656 335 435 1)
(129709 -29104.4 -76530.3 91 191 1)
(129713 88630.5 -83599.6 279 379 1)
(129716 -80344.5 73267.1 62 162 1)
(129721 109809 40144.2 399 499 1)
(129727 -101689 -104765 365 465 1)
(129728 -119666 69411.7 299 399 1)
(129730 -35107.2 9696.4 197 297 1)
(129732 21206.4 -31348.8 369 469 1)
(129739 7813.12 -34218.9 545 645 1)
(129741 -106595 -39342.8 329 429 1)
(129744 69426.4 945.616 33 133 3)
(129746 5119.88 -126893 316 416 3)
(129747 -48242.7 -99778.8 400 500 1)
(129755 67574.6 -103872 482 582 1)
(129770 65416.6 74276.7 63 163 1)
(129780 -5934.93 -80627.8 88 188 3)
(129781 41333.1 -30419.7 558 658 1)
(129794 -5881 -49245.4 392 492 3)
(129795 70483.7 65278.2 265 365 3)
(129798 114910 -31399.6 418 518 1)
(129801 54388.3 21000.7 329 429 1)
(129811 -37019.6 -72595.1 340 440 1)
(129831 -102667 34937.7 427 527 1)
(129833 83569.4 -88627.2 29 129 1)
(129839 -69342.1 -147023 186 286 1)
(129841 51375.4 95517.2 208 308 3)
(129851 -951.282 -20223.2 43 143 1)
(129857 -11014.7 45135.7 41 141 1)
(129861 111672 21002.5 35 135 3)
(129862 -66391 -103823 463 563 3)
(129863 -980.019 -119740 24 124 1)
(129872 -112822 35199.8 443 543 1)
(129877 49428.5 -21314.4 447 547 1)
(129880 51353.8 -108771 2 102 1)
(129883 -103629 58178.6 391 491 3)
(129884 102748 32025.7 277 377 1)
(129892 -51242.6 -9176.49 93 193 1)
(129897 53336.3 9134.24 135 235 3)
(129904 7129.4 136680 42 142 1)
(129905 -117594 -125611 145 245 1)
(129908 -99278.2 61167.1 13 113 1)
(129910 -18136 -89699.3 433 533 1)
(129928 -43259.8 136735 358 458 1)
(129930 67189.9 119384 8 108 1)
(129933 -39219.5 104578 545 645 1)
(129950 107826 -109837 379 479 3)
(129960 -21071 -77598.4 269 369 1)
(129962 -63335.1 -91.1738 300 400 1)
(129968 71604.9 -117812 325 425 3)
(129973 -78409 -121900 368 468 1)
(129974 19185.9 -96701.1 83 183 1)
(129975 9150.79 -74633.6 465 565 3)
(129977 113884 66336.5 271 371 1)
(129982 24185.6 81324.9 128 228 1)
(129983 -76217.4 69148.2 65 165 3)
