(19000 50471 -39615.1 105 205 1)
(19003 -51283 138793 540 640 1)
(19007 -31880.8 -69117.1 583 683 3)
(19012 92668 -21116.4 455 555 1)
(19020 63425 -104714 212 312 1)
(19024 97652.1 121761 497 597 1)
(19034 -80501.9 33084.9 586 686 1)
(19052 -55215.4 79335.1 172 272 1)
(19053 -32177.1 20968.4 624 724 1)
(19067 18195.5 73353.3 540 640 1)
(19073 -9961.01 104554 394 494 1)
(19074 77598.6 -31328.5 479 579 1)
(19080 -114805 -108020 364 464 3)
(19081 102805 -34409.7 606 706 1)
(19083 -38195.1 15973.9 583 683 1)
(19087 36294.5 2876 419 519 3)
(19095 -7043.53 -114131 546 646 1)
(19096 22112.5 111593 541 641 1)
(19110 49329.7 -91624 69 169 3)
(19114 113653 -125772 32 132 1)
(19118 -19146.5 72235.6 268 368 1)
(19122 -90557.1 -119972 560 660 1)
(19124 109877 64084.8 85 185 3)
(19126 89571.9 57231 210 310 1)
(19130 -74457.9 125730 566 666 1)
(19135 38318.2 -119633 299 399 1)
(19142 -110689 -113250 547 647 1)
(19173 14108.4 -56434.9 20 120 3)
(19177 75603.9 146825 443 543 1)
(19186 -8987.54 -30371 615 715 1)
(19202 124205 44171 122 222 1)
(19210 -34128.3 -9164.31 7 107 3)
(19214 77473 -14187.5 1 94 1)
(19215 48355 -51433.3 255 355 1)
(19218 -75363 45105.5 183 283 3)
(19229 -48230.1 -29354.3 17 117 1)
(19236 70515.3 -3180.31 380 480 3)
(19237 78580.3 -98768.2 378 478 1)
(19238 -47222.7 -132876 156 256 1)
(19240 -32238.3 111760 594 694 1)
(19244 67552.8 14938.9 603 703 1)
(19250 6086.98 99525.3 502 602 1)
(19256 -52314.7 -42425 481 581 1)
(19257 -6009.9 -132003 307 407 1)
(19259 81676.3 4882.29 546 646 1)
(19266 -1943.16 -35492.4 312 412 3)
(19277 13120.8 -10229.1 624 724 1)
(19292 -116811 -28280.5 366 466 1)
(19299 59465.4 -90770.8 549 649 3)
(19310 68568.4 -84517.2 519 619 1)
(19318 10115.6 120714 554 654 1)
(19322 -19070 -52461.4 398 498 1)
(19327 -68446 81340.2 266 366 3)
(19333 -34852.4 133088 170 270 1)
(19334 -70423.4 -98825.3 562 662 1)
(19343 -39708.4 15309.1 522 622 3)
(19344 1110.1 48234.3 530 630 3)
(19346 -11012.7 97704.2 588 688 1)
(19361 71480.7 121531 49 149 1)
(19362 121861 65321.7 446 546 1)
(19371 115593 116512 55 155 1)
(19372 -5542.13 36667.1 226 326 1)
(19393 -62489 60339.4 57 157 1)
(19401 -94498.4 -29230.2 121 221 3)
(19410 30246.4 -105792 370 470 1)
(19412 -27123.3 25033.3 610 710 1)
(19413 88517.7 -52310.3 250 350 1)
(19414 -6013.53 129717 409 509 3)
(19421 -109732 -95671.2 185 285 1)
(19425 -31171.2 -47500.5 557 657 1)
(19427 -57426 141812 591 691 1)
(19434 -23988.7 51200.1 104 204 1)
(19435 117768 34086.7 415 515 1)
(19442 65280.9 110559 154 254 3)
(19443 -24124.5 -117816 97 197 1)
(19452 67441.9 -13222.5 134 234 1)
(19458 11007.7 -15317.1 140 240 1)
(19459 3178.67 -12271.9 503 603 1)
(19460 -120774 -86619.7 301 401 1)
(19466 119745 80330.3 193 293 1)
(19471 21216.6 -112932 551 651 1)
(19477 -100541 -37369.7 45 145 1)
(19478 -58443.4 26059.3 461 561 1)
(19480 -970.107 -23224.1 334 434 1)
(19485 93679.8 -128926 351 451 1)
(19491 50525.7 137916 236 336 1)
(19501 29218.4 -107831 135 235 3)
(19503 -45241.9 39119.9 477 577 1)
(19516 -35013.3 -148983 338 438 3)
(19518 28039.4 31050.5 322 422 3)
(19531 -26093.3 -17262.8 386 486 1)
(19536 -35297.8 -90732.8 625 725 3)
(19540 -29141 -2156 574 674 3)
(19545 13144.4 -59582.5 99 199 1)
(19556 -44170.8 110502 43 143 1)
(19557 97707.4 19001.8 454 554 1)
(19568 -28092.7 -56617.3 332 432 1)
(19571 -29124.2 -67488.9 70 170 1)
(19572 -35061.7 -132050 547 647 1)
(19574 -118565 -20077.2 12 112 3)
(19583 -54368.5 -121905 120 220 1)
(19589 47452.3 -109955 621 721 1)
(19594 -9999.75 -49404.3 154 254 1)
(19602 -45297.1 -26180.7 489 589 1)
(19605 9074.67 -129786 20 120 1)
(19606 86689.3 -133068 566 666 1)
(19607 -82429.4 -61514 493 593 1)
(19611 -110613 130686 202 302 1)
(19614 -40257.8 51180.6 231 331 1)
(19615 -86503.5 53199.8 490 590 3)
(19619 -112642 81393.8 456 556 3)
(19620 14129.9 62243.2 121 221 1)
(19623 35291 -112686 1 98 1)
(19640 113704 142734 4 104 1)
(19641 -90431 -66654.3 374 474 1)
(19642 -107636 120589 455 555 1)
(19646 94566 8933.76 55 155 3)
(19647 -8955.44 -95758.6 252 352 1)
(19648 -97514.6 22035.9 368 468 1)
(19657 2058.45 -52491.4 328 428 1)
(19659 -78437.6 102537 446 546 1)
(19660 -21102.7 -53602.1 150 250 1)
(19671 -87567.3 -14236.7 543 643 3)
(19674 116700 -77507.7 261 361 1)
(19676 -61318.5 -42484.3 321 421 1)
(19685 -63303.9 -8166.43 87 187 3)
(19686 -46153.6 -8194.78 385 485 3)
(19687 67465.3 -1162.73 375 475 3)
(19692 -92502 -72592.9 360 460 1)
(19694 -82487.2 16956 572 672 1)
(19697 82648.7 -69585.5 505 605 1)
(19699 103613 29048.2 189 289 1)
(19701 -24054 -90726.4 428 528 3)
(19702 -18061.3 140710 186 286 1)
(19711 5119.17 -63598.7 521 621 3)
(19730 38193.3 28126.7 393 493 1)
(19732 47388.4 -15249.7 522 622 1)
(19733 -92443.5 66179.8 423 523 1)
(19744 -48244.9 -53438.8 265 365 1)
(19746 -2018.9 138608 195 295 3)
(19751 -18898.5 -3346.2 244 344 1)
(19753 33293 116664 312 412 3)
(19762 30261.3 4825.36 130 230 1)
(19767 19218.1 -56498.8 327 427 1)
(19777 26320 -138179 420 520 3)
(19784 105.328 -102808 362 462 3)
(19793 -39158.5 -83731.5 523 623 3)
(19795 18171.7 80424.6 496 596 1)
(19801 -43185 -119770 56 156 1)
(19814 -48258.9 50197 405 505 1)
(19830 23187.3 -133861 406 506 1)
(19836 -55310.1 -144158 564 664 1)
(19839 9238.33 20042.3 378 478 1)
(19841 -71361.8 132653 178 278 3)
(19845 -4072.55 82239.4 341 441 1)
(19848 -37085.7 -136000 443 543 1)
(19849 47389.8 93501.3 476 576 3)
(19852 -9997.18 53194 379 479 1)
(19855 -68517.7 114581 539 639 1)
(19856 33310.9 -51501.9 528 628 1)
(19857 -68265.8 7165.82 175 275 1)
(19861 42360.5 -73589.7 435 535 1)
(19878 18156.3 139641 56 156 1)
(19883 115631 87355.6 51 151 1)
(19913 -58257.4 73318.2 153 253 3)
(19914 15148.5 -148098 434 534 3)
(19916 -8007.98 108589 215 315 3)
(19921 79601.7 -36344.2 329 429 3)
(19923 -104676 -120886 522 622 1)
(19934 -23086.6 -1121 156 256 1)
(19935 -57219.2 108443 58 158 1)
(19941 7222.9 127695 384 484 1)
(19946 120420 -89625.5 193 293 1)
(19957 3083.13 -54517.1 503 603 3)
(19959 37358.1 117623 250 350 1)
(19962 87569 131681 110 210 1)
(19963 -61324.2 -86637.2 239 339 1)
(19966 -8209.42 -100999 611 711 3)
(19969 -73404.3 -28318.3 365 465 1)
(19972 -70341.4 33075.8 109 209 3)
(19973 -50029.9 -97749.9 173 273 1)
(19974 -25107.9 47256.4 530 630 1)
(19977 73409.9 21443.1 38 138 3)
(19979 -30139.3 -128764 23 123 3)
(19980 113812 -103796 376 476 3)
(19988 -56310.4 -81511.1 81 181 1)
(19996 28199.3 52140.3 148 248 3)
