(128002 -53275.4 -85677.1 279 379 1)
(128005 -8948.65 148793 86 186 1)
(128010 -2895.19 9984.44 123 223 1)
(128017 -87492 59211.7 382 482 1)
(128019 -42182.8 -142899 47 147 1)
(128034 -1957.76 -52438.8 395 495 1)
(128047 41385.8 -79599.7 398 498 1)
(128051 -84641.3 -120848 60 160 1)
(128058 -44427.4 -145290 595 695 1)
(128059 74578.2 -15246.4 468 568 1)
(128063 87527.2 -39294.2 136 236 1)
(128067 -122809 -126896 552 652 1)
(128077 -30131.6 -45429.7 402 502 1)
(128078 69701.2 -55374.9 383 483 1)
(128079 -97607.3 -48476.1 557 657 1)
(128094 120930 -103882 623 723 3)
(128095 112698 -135904 158 258 3)
(128101 20176.3 147732 119 219 3)
(128102 -81499 136793 578 678 1)
(128104 57979.9 -73354.9 31 131 1)
(128111 104870 95494 578 678 1)
(128114 51539 38019.9 412 512 1)
(128117 109732 -38398.8 365 465 1)
(128125 75450.3 36089.8 109 209 1)
(128126 73615.8 8897.2 576 676 1)
(128127 90666 6916.54 478 578 1)
(128132 -110751 -70656.8 540 640 3)
(128133 30301.9 68345.4 576 676 1)
(128134 -59347.1 4877.51 541 641 1)
(128136 -102620 -45475.6 511 611 1)
(128142 -47299.1 -96758.6 218 318 1)
(128148 -115672 -197.579 230 330 3)
(128152 -35463.2 18190.9 7 107 1)
(128156 4103.44 50189.9 466 566 1)
(128162 -82536.5 -76650.1 624 724 1)
(128165 -12078.7 -114773 529 629 1)
(128166 -80409.7 -73537 131 231 3)
(128173 46291.8 125624 55 155 1)
(128185 81483.8 121708 349 449 1)
(128196 97832.6 50204.2 587 687 3)
(128197 -97299.1 84631.9 113 213 1)
(128201 -51250 -122859 343 443 3)
(128211 -56224.3 74248.8 306 406 3)
(128219 -27057.6 -118830 119 219 1)
(128221 -73332.1 -78563.8 43 143 1)
(128226 5131.08 20995.4 1 94 3)
(128239 -7975.24 -115951 505 605 1)
(128246 25225.5 93371.2 162 262 1)
(128253 -7969.65 108742 624 724 1)
(128254 88707 -76505.6 268 368 1)
(128256 -44179.2 114477 8 108 1)
(128262 -14838.1 58243.2 67 167 1)
(128280 -61109.8 -40288.6 334 434 1)
(128286 84610.9 -95687.6 192 292 1)
(128289 38383.9 24262.9 557 657 1)
(128299 -88456.3 -5191.01 180 280 1)
(128314 11178.1 -15033.7 249 349 1)
(128326 -3980.23 117633 441 541 1)
(128331 -92491.1 9918.44 228 328 1)
(128340 31235.9 72311.6 255 355 1)
(128357 31247 -32384.2 455 555 3)
(128360 -67351.8 118612 335 435 1)
(128367 119849 -125000 537 637 1)
(128369 -21062.3 -100834 563 663 3)
(128378 -99652.1 -26314 556 656 3)
(128380 9140.31 -59570 600 700 1)
(128390 -15030.2 68266.6 154 254 1)
(128407 -29962.3 -38601.7 375 475 1)
(128410 -30107.4 -147951 32 132 1)
(128412 -106645 -78668.8 457 557 1)
(128420 -35077.7 27226.8 95 195 1)
(128437 80626.1 -84656.1 393 493 1)
(128439 66465.3 -134898 299 399 3)
(128450 90396.1 -139852 100 200 1)
(128460 6081.57 -101721 221 321 1)
(128470 -78428.7 -27318.2 440 540 1)
(128478 -8894.53 1825.53 519 619 3)
(128481 105629 104470 36 136 1)
(128490 5089.26 2894.89 318 418 3)
(128496 90673.4 -20288.8 516 616 1)
(128505 58450.1 -36395 1 93 1)
(128506 -6957.48 114567 274 374 3)
(128515 -72258.9 -51352.4 399 499 1)
(128516 97787 115664 446 546 3)
(128519 67677.8 -13218.1 152 252 1)
(128520 -105571 -52517.2 217 317 1)
(128525 -9993.09 -69556.1 297 397 1)
(128527 21224.3 137707 376 476 3)
(128533 -47272.5 148739 142 242 1)
(128534 40333.9 -77643.3 503 603 1)
(128538 -43555.1 -83661.1 268 368 1)
(128540 10943.6 -146220 468 568 1)
(128545 108816 105585 556 656 1)
(128546 -65483.1 -115667 262 362 1)
(128547 -72321.8 13995.3 481 581 1)
(128551 -76356 -60442.5 34 134 1)
(128559 1068.61 -101690 138 238 3)
(128560 -9999.58 -49371.8 11 111 3)
(128563 58432 110478 19 119 1)
(128565 16176.1 -108049 494 594 1)
(128567 -78377.6 102418 74 174 1)
(128568 -44248.4 11912.2 615 715 1)
(128571 -50096.1 86325.8 61 161 1)
(128572 -63388.5 122711 592 692 1)
(128584 -97566.7 -11235.1 450 550 3)
(128586 121723 67226.5 192 292 3)
(128588 -63341.4 -61556.4 525 625 1)
(128605 -101512 -122820 178 278 3)
(128612 -97598.3 -31323.5 352 452 3)
(128614 49365.2 121603 259 359 1)
(128615 103640 -111820 211 311 1)
(128617 14153.1 -88671.6 287 387 1)
(128618 54421.7 -16261.1 363 463 1)
(128620 -20047.7 81349.7 196 296 1)
(128625 113720 -106747 187 287 1)
(128627 -43201 -89671.4 279 379 3)
(128634 81452.2 -14234.3 68 168 1)
(128643 109809 -97797.3 495 595 1)
(128656 83691.7 -41466.9 533 633 3)
(128659 123834 -144040 168 268 1)
(128673 -104490 99695.5 7 107 3)
(128674 76537.3 -120873 295 395 1)
(128698 -75452.1 -25287.6 428 528 1)
(128705 52427 6915.63 480 580 1)
(128710 -38165.4 -1299.27 328 428 1)
(128719 -74494.5 99527.9 431 531 1)
(128722 -117763 56265.2 600 700 1)
(128726 106754 -106717 279 379 1)
(128731 91575.5 -97714.8 339 439 1)
(128735 -103479 -136851 225 325 1)
(128737 -86468.6 -91713.6 217 317 1)
(128740 -114646 -15234.1 331 431 3)
(128750 88580 35148.8 522 622 1)
(128758 84571.7 -97675.2 187 287 1)
(128762 45461.7 -1256.33 446 546 1)
(128770 43341.7 31086.2 351 451 1)
(128783 86805.7 -66498.4 529 629 1)
(128800 1064.22 -74540.9 133 233 1)
(128803 -14072.9 -137050 354 454 1)
(128818 -29113.5 37112 270 370 1)
(128820 -6977.62 103570 500 600 3)
(128823 -44210.2 -108798 187 287 1)
(128830 64366.5 84250.9 22 122 1)
(128839 8016.84 -40323.6 601 701 1)
(128848 -75407.8 26866.7 383 483 3)
(128874 51515 -134996 372 472 1)
(128895 -22075.6 -36364.1 541 641 1)
(128901 -11039.2 127592 197 297 1)
(128905 6086.29 -69483.7 38 138 1)
(128907 95665.9 -132899 18 118 1)
(128908 1068.33 79338.4 167 267 1)
(128911 -71234.5 53295.2 56 156 1)
(128920 -92556.5 22004 402 502 1)
(128944 -86430.6 -46323.6 178 278 1)
(128950 94529.7 -145008 174 274 3)
(128954 46377 38134.9 459 559 1)
(128963 73497.7 -145995 221 321 1)
(128975 -35236.6 62166.3 227 327 1)
(128980 -46238.5 64288.4 355 455 1)
(128991 33319.4 99588.2 619 719 3)
(128995 37275.3 32099.9 201 301 3)
