(134003 -64420.6 84398.5 179 279 1)
(134011 38382.5 -145146 586 686 1)
(134012 -63293.1 -84585 225 325 3)
(134013 84632.2 -62605.6 576 676 1)
(134029 -44944.1 55253.6 26 126 1)
(134033 -39257.8 81446 587 687 3)
(134040 -8994.71 -140896 117 217 1)
(134044 40317.1 94519.7 417 517 1)
(134045 55418.3 46152.5 422 522 1)
(134047 1056.96 148702 37 137 3)
(134049 -93472.8 104482 300 400 1)
(134054 119911 57246.2 605 705 3)
(134057 65312.3 -34249.1 553 653 1)
(134060 -7141.32 -125790 385 485 1)
(134067 46344.3 13990.7 153 253 3)
(134074 -7974.41 -9208.52 568 668 1)
(134079 -120626 -115777 137 237 1)
(134081 77506.8 -104842 436 536 3)
(134083 13256.8 -47529.4 283 383 1)
(134085 14025.5 37119.2 170 270 3)
(134088 -43193.6 96440.3 110 210 1)
(134091 -1056.52 14940.1 564 664 1)
(134092 -123682 58260.6 306 406 1)
(134093 -31144.9 44160.3 538 638 1)
(134095 -59372.1 -136986 335 435 1)
(134097 43342.3 -51421.5 586 686 3)
(134100 -79500.9 -98837.5 576 676 3)
(134103 117831 64292.2 359 459 1)
(134108 -113648 -23109.8 389 489 1)
(134118 -40209.4 -65588.9 533 633 1)
(134123 -70297.7 22986.9 95 195 1)
(134129 8284.03 119656 412 512 1)
(134131 -32161.3 106648 424 524 1)
(134133 -16037.5 -68612.8 533 633 3)
(134134 25266.8 30128.7 502 602 1)
(134139 -105706 -124992 85 185 3)
(134141 -106574 -14181.8 198 298 3)
(134146 -123410 -144895 44 144 1)
(134150 -87543.6 -141137 593 693 1)
(134156 -96552.7 108757 470 570 1)
(134159 34310.8 95783.5 501 601 1)
(134160 -107671 32894.9 17 117 1)
(134166 56409.9 -77561.6 272 372 1)
(134171 -55412.2 23147.7 535 635 1)
(134172 -19052.5 -33478.1 56 156 1)
(134173 27184.4 -11215.1 39 139 1)
(134176 -26049.7 141804 449 549 1)
(134177 -114578 -127894 168 268 1)
(134185 -11002.7 -143062 442 542 1)
(134188 46427 -19280.2 453 553 1)
(134191 114879 127748 575 675 1)
(134192 113740 2817.19 176 276 1)
(134195 -36160.7 -29265 144 244 1)
(134215 -37164.5 -43353.7 10 110 3)
(134227 15162.3 -129963 474 574 1)
(134229 -98556 -74629.6 41 141 1)
(134233 80707.1 -8959.76 141 241 1)
(134241 -29141.9 68284.7 331 431 1)
(134242 4167.24 35247.8 1 93 1)
(134244 105729 65271.8 162 262 3)
(134246 -31133.2 -61518.9 339 439 -1)
(134251 18177.5 -25287.6 296 396 1)
(134256 -16913.4 -132820 103 203 1)
(134270 -68321.4 112530 115 215 1)
(134272 -115689 -44469.7 505 605 3)
(134277 -9994.98 -104746 227 327 3)
(134281 20171.2 135699 163 263 1)
(134287 13113.7 -126815 187 287 3)
(134288 51345.8 -124816 138 238 1)
(134290 111712 -140982 197 297 1)
(134295 -107573 7973.39 90 190 1)
(134298 -26089.1 69245.4 22 122 3)
(134302 53412.5 113738 605 705 1)
(134304 -59205.1 9729.45 54 154 1)
(134315 -1894.1 -55456.2 105 205 3)
(134316 48371.4 54164.7 344 444 1)
(134339 111527 -59912 425 525 1)
(134349 -65287.5 24978.4 616 716 1)
(134357 14170.4 -37406.5 558 658 1)
(134361 -124809 -126023 554 654 1)
(134363 -109493 -56474.6 71 171 1)
(134370 112915 61193.4 599 699 1)
(134376 31301 -3164.25 477 577 3)
(134380 108742 -27374 244 344 1)
(134392 9365.68 96728.6 526 626 1)
(134399 113841 -57436.5 363 463 1)
(134403 108799 28899.1 302 402 3)
(134412 52361 -7148.38 122 222 1)
(134419 91758.6 77397.7 536 636 1)
(134428 42377.9 -79723.5 609 709 1)
(134430 -58301.5 19918.1 223 323 1)
(134431 -45199.2 17047.4 122 222 3)
(134434 14112.7 -91802.9 558 658 1)
(134450 37284.5 -86450.8 229 329 1)
(134457 -24187.1 -20408.1 281 381 1)
(134470 9053.53 57088.4 613 713 1)
(134473 -9972.16 -119899 62 162 1)
(134477 -90530.1 12938.9 431 531 1)
(134512 29218.9 71334.4 457 557 1)
(134517 53120.5 16864.5 496 596 1)
(134518 118720 -145981 118 218 1)
(134521 -22112.7 83415.4 520 620 3)
(134523 25028.2 36306 585 685 1)
(134524 -26104.1 -137942 311 411 1)
(134529 1080.07 69191.8 227 327 1)
(134533 75570.3 -65563 444 544 1)
(134534 -8966.58 89360.1 1 100 1)
(134536 -102969 -7276.96 231 331 1)
(134545 95613.4 31050.7 71 171 1)
(134546 -64342.2 137712 201 301 1)
(134560 65521.9 54273.4 100 200 1)
(134561 -60491.2 -127890 486 586 1)
(134562 29226.1 -109820 227 327 1)
(134565 101667 -18179.7 95 195 3)
(134566 93548.2 108271 140 240 1)
(134569 -103527 -96673.7 170 270 1)
(134575 -36313.8 -51445.4 560 660 1)
(134577 35259.8 -46364.1 111 211 1)
(134581 -15084 -139023 480 580 1)
(134589 73486.1 -92666.6 166 266 1)
(134593 -101622 -130076 554 654 3)
(134601 42466.8 61327.1 416 516 1)
(134602 -36197.3 78349.9 268 368 1)
(134610 24278.4 50232.2 573 673 3)
(134612 41264.5 -39257.1 113 213 1)
(134613 -43159.1 -49496.9 187 287 1)
(134626 -118705 6908.2 428 528 1)
(134629 100503 28008.4 272 372 1)
(134633 100827 -86626.1 572 672 1)
(134635 -55845 10902.2 467 567 3)
(134637 -94587 31064.7 595 695 1)
(134656 36134.2 37304.1 393 493 3)
(134658 -87421.8 -116746 64 164 1)
(134659 51363.8 -75527 199 299 1)
(134668 -116605 20007.4 132 232 1)
(134669 21165.6 16973.4 1 93 1)
(134673 -66264.6 -32222 437 537 1)
(134674 -7992.53 139651 114 214 1)
(134677 70237.9 -41390.1 234 334 1)
(134678 55613.7 -47439.7 522 622 1)
(134684 -21129.7 21097.7 532 632 1)
(134698 -122681 -76593.7 285 385 1)
(134699 113740 100450 253 353 1)
(134703 76552.2 -120657 149 249 1)
(134710 -59301.5 -125820 37 137 3)
(134714 -82601.9 -84639.4 524 624 1)
(134717 -22109.7 28017.6 316 416 1)
(134719 -69377.8 91464.4 179 279 1)
(134731 99785.8 -17290.8 399 499 1)
(134742 -119663 44163.1 361 461 1)
(134748 103674 -58420.4 28 128 1)
(134754 -45242.8 -145985 230 330 3)
(134755 -51290.6 89466.9 529 629 1)
(134765 86610.2 8923.15 522 622 3)
(134766 36405.9 81361.3 596 696 1)
(134769 -75310 -89559.4 100 200 1)
(134781 41398.5 -127004 531 631 3)
(134786 -85520 51216.1 545 645 3)
(134787 -101424 95697.3 388 488 1)
(134790 -82521.1 -142870 500 600 1)
(134793 33292.2 19977.4 290 390 1)
(134794 -19162.7 -131053 453 553 1)
(134796 -38454.1 -75559.9 384 484 1)
(134801 9990.94 -136090 119 219 1)
(134803 41312.3 -62547.5 489 589 3)
(134814 -79264.4 132661 112 212 1)
(134823 95670 20992.7 379 479 3)
(134826 80544.3 116551 292 392 3)
(134829 -84414.8 17003.3 58 158 3)
(134831 56417 -14286.1 629 729 1)
(134841 59.9916 -102732 210 310 3)
(134843 -46261.9 -59786.8 416 516 1)
(134850 106909 -82747.6 571 671 1)
(134863 23234.7 16991.9 443 543 1)
(134866 112799 -84533.5 269 369 3)
(134869 -56307.7 -67581.7 371 471 1)
(134874 62498.1 -140.608 435 535 1)
(134875 28309.1 -56555.3 165 265 1)
(134890 -91449.4 887.547 69 169 1)
(134897 -34139.5 -42449.1 554 654 1)
(134901 -111867 -71675.6 191 291 1)
(134908 -3236.3 53083 492 592 3)
(134914 -58398.7 -109725 98 198 3)
(134915 32327 19929.9 38 138 1)
(134920 -41117.2 5863.97 421 521 3)
(134929 -16034.9 128668 265 365 1)
(134939 -10908.9 32294.7 414 514 1)
(134943 -93472.5 41114.9 128 228 3)
(134950 102768 55195.5 551 651 1)
(134953 29250 3881.9 368 468 1)
(134960 -82402.8 -54548.1 142 242 1)
(134968 -28139.2 -77602.8 609 709 1)
(134969 -112548 16972.9 48 148 1)
(134983 71235.3 -84.1276 100 200 1)
(134988 -95457.3 -12130.6 50 150 1)
(134989 -109243 139874 262 362 3)
(134996 10117.1 -78556 41 141 1)
(134998 -4015.9 2857.34 422 522 1)
