(76000 -842.589 -79659.2 408 508 1)
(76005 -1946.89 39110.5 197 297 3)
(76007 -102597 -140017 407 507 1)
(76010 -54250.3 -140064 425 525 1)
(76011 106607 10948.7 130 230 1)
(76027 -18105 138873 516 616 1)
(76032 -47180.1 -52249.4 102 202 1)
(76049 30252.5 7900.7 503 603 1)
(76054 45379.4 -115959 585 685 1)
(76069 -21075.4 -10207.5 326 426 1)
(76070 40505.7 123732 418 518 1)
(76073 -72434 -40520.7 483 583 1)
(76074 -87525.9 -101838 559 659 3)
(76075 8114.6 -82759.6 582 682 1)
(76076 -4962.92 -10092.4 530 630 3)
(76082 93661.5 16200.7 112 212 3)
(76115 -103633 29030.9 270 370 1)
(76123 123709 20041.4 53 153 1)
(76127 43338.8 865.77 495 595 1)
(76154 46344.9 105539 313 413 1)
(76155 -21076.2 -146079 408 508 3)
(76166 -104500 46166.6 212 312 3)
(76173 48627.4 23534.1 280 380 1)
(76174 -36147.7 -12200.5 161 261 1)
(76179 5116.11 -89773.1 582 682 3)
(76180 103819 14798 431 531 1)
(76183 118902 -67614.5 616 716 1)
(76185 4139.84 -126757 44 144 1)
(76200 69553.2 -28351.7 552 652 1)
(76214 -911.889 42154.5 406 506 1)
(76223 -114832 -127527 330 430 1)
(76227 59504.8 -43423.2 523 623 1)
(76239 -97588.4 -106843 455 555 1)
(76240 11213.3 10757.9 498 598 1)
(76241 -81476.8 -103841 489 589 1)
(76244 -103542 112528 332 432 1)
(76265 28195.9 -51442.8 343 443 1)
(76267 1060.43 -76568.1 308 408 1)
(76269 79566.8 108565 369 469 1)
(76271 79633.2 24025.2 564 664 1)
(76272 67448.7 -45391.5 183 283 1)
(76280 -63318.7 72273.2 91 191 1)
(76298 -46253.1 2928.84 295 395 3)
(76299 55437 59252.6 410 510 1)
(76312 117785 -41388.2 308 408 1)
(76316 29302.9 -123070 591 691 1)
(76321 12120 -29327.6 506 606 1)
(76333 5074.59 38051.5 546 646 3)
(76337 -92603 -66588.2 444 544 1)
(76338 -27070.5 148792 136 236 1)
(76342 98843.7 -135978 290 390 3)
(76361 49395.4 -81712.8 558 658 1)
(76363 -16037.7 3882.31 16 116 1)
(76364 119796 -87888.8 249 349 1)
(76372 -95613.6 8899.13 607 707 1)
(76373 68495.8 20157.9 140 240 1)
(76374 1131.22 -62498.1 220 320 1)
(76377 -15033.2 112644 173 273 3)
(76386 -35151.9 36098.5 304 404 1)
(76393 58538 26034.9 622 722 1)
(76395 58516.4 21061.7 517 617 1)
(76402 72639.9 -89796.4 315 415 3)
(76407 32292.8 -113703 85 185 1)
(76409 83561 -105789 258 358 3)
(76410 -58287 -66558.8 328 428 1)
(76411 70503.3 131729 459 559 1)
(76412 -76366.6 138701 342 442 1)
(76413 -73384 -85694.2 509 609 1)
(76426 -31912.8 -86605.4 555 655 1)
(76429 -30051.2 91223.9 40 140 1)
(76431 27213.1 -31329.6 27 127 1)
(76434 46341 -108705 128 228 1)
(76435 -57299 20999.2 258 358 3)
(76453 -52248.5 133672 249 349 1)
(76458 96.677 2898.56 285 385 1)
(76459 -63360.8 -72504.6 145 245 1)
(76464 17015.1 -142803 80 180 3)
(76473 -19947.4 48203.9 582 682 1)
(76474 -27078.1 -131899 212 312 1)
(76478 114838 87443.5 439 539 3)
(76479 98805.6 76431.8 432 532 1)
(76482 -35181.6 -80694.5 524 624 1)
(76483 61509.3 -56350.7 509 609 1)
(76484 5028.39 -95763.1 240 340 1)
(76486 -73416 -9148.19 336 436 1)
(76487 -35113.2 -22100.8 88 188 3)
(76493 -81483.1 -60555.1 472 572 1)
(76500 112671 -41315.9 3 103 1)
(76501 54366.3 -82572.4 68 168 1)
(76514 -81621.4 -74553.6 332 432 3)
(76517 16165.9 32071.4 581 681 1)
(76526 -29091.6 -47329.3 488 588 1)
(76535 82626 14004.9 185 285 1)
(76536 8113.47 -136914 139 239 1)
(76539 -75432.9 108677 459 559 3)
(76545 104471 105302 32 132 1)
(76555 -30145.4 -101767 42 142 1)
(76564 23190.5 -119898 445 545 1)
(76573 -71349.3 -135882 88 188 1)
(76579 44279.3 -26407.5 288 388 3)
(76581 8108.73 -106752 143 243 1)
(76586 64535.2 -141159 628 728 1)
(76588 51328.2 53152.8 265 365 1)
(76594 -66298.2 98376.2 1 98 1)
(76597 -108531 -36297.3 5 105 1)
(76606 63475.2 61258.1 395 495 1)
(76611 -1961.83 22025.1 42 142 1)
(76619 10184.8 15900 310 410 1)
(76658 91555.4 -37333 32 132 1)
(76661 -83452.5 -99670.8 536 636 1)
(76663 111928 -69687.6 587 687 1)
(76669 -99507.9 -31294.8 102 202 1)
(76675 -20119.4 3029.24 335 435 1)
(76686 92615.8 -13138.1 145 245 1)
(76694 -56292.8 -92747.7 378 478 3)
(76714 86656.6 7925.24 455 555 1)
(76718 -7944.37 -148064 400 500 3)
(76722 40354.5 -13246.5 554 654 3)
(76738 -12138.4 129517 137 237 3)
(76752 19234.2 28050.6 433 533 1)
(76767 -80457.5 -41422.1 423 523 3)
(76770 -18053.1 4886.51 552 652 3)
(76773 115786 123638 330 430 3)
(76777 24243.7 8945.1 530 630 3)
(76779 -10134.1 -20139.9 202 302 1)
(76789 90689.7 -50523.8 428 528 3)
(76797 122748 11914.2 13 113 1)
(76806 -111850 19885 435 535 1)
(76808 39315.8 -85670 335 435 1)
(76810 83233.1 -22268.3 125 225 1)
(76818 -27093.9 34063.4 336 436 1)
(76819 115.783 15919.8 624 724 1)
(76821 -4005.76 -40337.6 210 310 3)
(76825 27240.5 -34318.1 385 485 1)
(76829 -42161.7 -10158.4 28 128 1)
(76836 72743.1 -57218.5 11 111 1)
(76843 -109569 97617.3 273 373 3)
(76850 -24900.4 11817.1 44 144 3)
(76853 -23347.7 -91443 386 486 1)
(76854 81615.9 -71633.3 508 608 1)
(76867 76579.9 -78738.5 413 513 3)
(76872 -62307.4 -147910 36 136 1)
(76876 -99601 41132.7 426 526 1)
(76877 22234.3 118702 419 519 1)
(76882 30242.6 -32295 379 479 3)
(76894 -4957.98 -111798 321 421 1)
(76895 -94518.2 -53456.8 276 376 3)
(76902 3090.11 -102847 295 395 3)
(76903 -31128.5 -57400.7 212 312 1)
(76909 40140.1 51380.1 313 413 1)
(76911 39414.4 -136922 323 423 1)
(76912 97389.4 143313 242 342 1)
(76914 -34253 -16274.8 499 599 1)
(76915 -56278.2 -143015 370 470 1)
(76922 -19068.7 -92614.4 42 142 1)
(76933 -75464.6 -82725.8 586 686 1)
(76937 -51192 -122968 461 561 1)
(76938 36290 88435.4 373 473 3)
(76941 -103551 102506 130 230 1)
(76948 -17972.4 -102629 507 607 1)
(76954 -7999.87 136762 159 259 1)
(76958 -96573.2 -45408.9 401 501 3)
(76962 54212.2 -111336 4 104 1)
(76965 27253.8 -38282.9 320 420 1)
(76968 32292.5 23022 554 654 3)
(76978 29231.8 69306.8 306 406 1)
(76985 -111583 -72679.6 391 491 3)
(76997 93033.7 130572 260 360 1)
