(104002 -9808.34 -129019 466 566 1)
(104007 38402.2 -42493.1 513 613 1)
(104009 -122618 -117928 322 422 3)
(104018 -35172.6 -1149.01 500 600 1)
(104031 -11070.2 -137876 33 133 1)
(104033 -2970.91 109584 345 445 1)
(104039 15324.4 41990.6 606 706 1)
(104043 12125.3 -117848 202 302 3)
(104045 -90566.5 -129072 383 483 1)
(104054 -58335.6 134764 442 542 1)
(104073 108617 52248.6 42 142 1)
(104080 -31122 -138895 97 197 3)
(104085 99864 94569.6 537 637 3)
(104101 22162.6 -113669 370 470 1)
(104106 -98485.1 -54584.9 535 635 1)
(104107 65398.7 -37442.7 495 595 1)
(104115 -921.579 -50481 468 568 1)
(104116 -54237.5 67294.8 360 460 1)
(104122 22085.3 136737 232 332 1)
(104126 110654 -122.196 59 159 1)
(104131 83607.9 63265.1 348 448 1)
(104144 119742 -52417.2 78 178 1)
(104145 -118730 52204 457 557 3)
(104147 -103505 97413.3 26 126 3)
(104154 -15021.8 -95634.9 33 133 3)
(104163 24231 -139820 105 205 1)
(104185 -72450.9 -42457.9 423 523 1)
(104186 -5966.12 79498.2 573 673 1)
(104187 5192.23 -11010.5 220 320 1)
(104190 69832 -28264.6 334 434 1)
(104199 -24127 -67643.1 222 322 1)
(104200 85531 -31187 85 185 1)
(104204 -878.708 74356.9 74 174 1)
(104205 -113710 -127991 469 569 1)
(104208 61416.9 -46454.1 388 488 1)
(104217 100686 -112846 353 453 1)
(104219 -14030.4 -44394.4 304 404 3)
(104231 -26069.5 -47363.4 76 176 1)
(104233 100412 149826 138 238 1)
(104266 40344.2 34095.2 245 345 1)
(104268 78625 38182.2 378 478 3)
(104271 101746 -87669 421 521 1)
(104273 -22059.8 -99667.9 89 189 1)
(104275 57387.1 -24260.3 91 191 1)
(104279 86580.7 19994.8 191 291 3)
(104280 71500.6 30053.7 280 380 1)
(104288 -112683 -49457.7 507 607 1)
(104293 -57306.7 -109852 405 505 1)
(104299 80538.8 141733 273 373 1)
(104302 228.804 -108163 509 609 1)
(104309 12114.3 -37364.9 219 319 1)
(104312 105850 -148168 589 689 1)
(104317 -118869 -110949 553 653 1)
(104319 -62325 -110802 295 395 1)
(104320 20156.6 -94798.2 408 508 1)
(104322 -49242.2 -93734.1 308 408 1)
(104323 9121.27 23008.7 185 285 1)
(104336 -104619 -149046 375 475 3)
(104339 6107.57 97410 360 460 1)
(104345 24203.2 -41363.2 178 278 1)
(104347 68447 -82620.2 287 387 1)
(104349 16192.7 20998.4 428 528 1)
(104362 -34152.2 -83539.7 45 145 1)
(104371 1543.35 124911 33 133 3)
(104379 -55232.6 118548 223 323 1)
(104380 -9023.97 -45370.1 201 301 3)
(104382 -79517.4 20958.3 20 120 1)
(104393 -49248.1 7697.69 628 728 1)
(104394 -28131.7 39120.3 445 545 1)
(104408 68779.5 99549.5 618 718 1)
(104414 -11980.9 21032.3 243 343 1)
(104417 24223.6 -27346.3 337 437 1)
(104419 -104708 -100846 566 666 1)
(104421 12140.2 -23280.1 308 408 3)
(104426 13182.9 67329 478 578 1)
(104428 -122798 -137885 425 525 3)
(104429 -37135.7 129646 146 246 1)
(104431 -34144.9 -33327.3 308 408 3)
(104435 87584.3 44157 276 376 1)
(104437 -124626 -32282.3 37 137 1)
(104460 -5910.54 -83002.9 360 460 3)
(104480 119699 -83723.1 449 549 1)
(104486 106777 101567 457 557 1)
(104493 -43243.5 102362 48 148 1)
(104495 61520.3 130761 529 629 1)
(104496 94590.3 96053 278 378 1)
(104516 -78429.8 914.826 505 605 1)
(104521 -26130.1 -58577.9 562 662 1)
(104526 -108619 73344.9 436 536 3)
(104528 -13361.1 -65721.6 218 318 3)
(104529 43541.6 -103777 394 494 3)
(104532 -5967.03 -49463.6 388 488 3)
(104533 -101533 90366 174 274 1)
(104536 54408.8 -78574.6 204 304 1)
(104539 -66203 3896.99 622 722 3)
(104540 -43970 -65401.6 31 131 1)
(104541 47362.7 72544.1 611 711 1)
(104542 -108658 -79615.8 247 347 1)
(104543 -9932.18 -134975 273 373 3)
(104545 49606.1 146935 506 606 1)
(104558 83489.4 142654 5 105 1)
(104560 80631.4 -8184.73 557 657 1)
(104569 25239.7 2871.81 462 562 3)
(104572 -97517.9 -82639.7 250 350 1)
(104575 104559 64428.6 531 631 1)
(104576 -102579 -32327.8 329 429 3)
(104578 -1873.75 68327.7 495 595 1)
(104591 -94394.2 45148.5 482 582 1)
(104592 39297.3 96454.9 260 360 1)
(104595 83546.3 104480 175 275 1)
(104600 -76381.5 92406.5 152 252 1)
(104602 -72364.7 -125812 117 217 3)
(104606 79499.5 -23241 80 180 1)
(104612 -104304 11934.3 484 584 1)
(104613 -109743 -123813 271 371 1)
(104624 -1933.13 36059.3 168 268 1)
(104625 60597.4 33103.3 232 332 1)
(104645 47426.6 -130675 265 365 1)
(104646 -10010 -98775.1 452 552 1)
(104648 -68599 -69349.8 13 113 3)
(104661 -115672 -70584.6 380 480 1)
(104667 -58313.6 48189.8 144 244 3)
(104676 -63298.9 -106720 96 196 1)
(104689 21156.1 42049.9 142 242 1)
(104691 -67333.4 -14132.9 130 230 1)
(104715 -30126.4 -148206 488 588 3)
(104719 92557.1 93431 61 161 1)
(104731 -16979.1 -136036 517 617 3)
(104737 11156.6 -93804.5 596 696 1)
(104738 23212.7 36098.6 275 375 1)
(104740 42041.9 -10305.8 39 139 1)
(104742 -17370.8 83478 234 334 1)
(104759 70526.5 136723 183 283 3)
(104769 105615 -35304.1 1 95 1)
(104771 27242.7 99465.2 194 294 1)
(104772 45307.3 -121835 243 343 1)
(104773 3906.4 -149962 56 156 1)
(104782 -19054.8 111647 26 126 1)
(104783 22383 -62601 510 610 1)
(104794 -52285 38153.4 353 453 1)
(104816 -48217.1 60178.2 9 109 3)
(104817 27261.4 78245 239 339 1)
(104819 -31092.7 -61491.2 299 399 1)
(104832 -7001.36 -19241.2 27 127 1)
(104833 82556 -54448.1 200 300 1)
(104837 -57331.8 43172.6 591 691 3)
(104849 43483 -14061.8 220 320 1)
(104851 -118595 104458 89 189 1)
(104856 -45273.2 -88762.5 602 702 3)
(104860 -3914.9 112611 584 684 1)
(104868 -77369.4 82372.1 370 470 1)
(104877 78571.1 12947.1 347 447 1)
(104890 24131 98471.4 26 126 1)
(104901 -27117.1 1909.27 319 419 1)
(104909 -20110.8 149847 546 646 1)
(104910 -114550 22024 1 96 3)
(104914 -27121.2 97497.9 411 511 1)
(104916 94627.4 116643 339 439 1)
(104919 -29184 120675 146 246 1)
(104924 9146.64 87397.7 266 366 3)
(104940 -51362 -121001 342 442 1)
(104955 -5924.41 -146094 492 592 1)
(104968 35410.4 -11127.8 449 549 1)
(104971 123939 68318 593 693 1)
(104976 -80428.6 -8022.94 104 204 1)
(104982 88593.1 943.234 5 105 1)
(104986 56400.9 -5172.35 516 616 3)
(104990 106730 -34405.6 536 636 1)
(104992 92065.5 -84868.7 81 181 1)
(104997 -105565 -29386.6 339 439 3)
