(197000 -19092.5 -60696.5 566 666 3)
(197005 82615.1 -127963 422 522 3)
(197017 -50270.7 -97724.1 441 541 1)
(197018 -59460.2 -54390.8 544 644 1)
(197020 -39160.8 -141893 67 167 1)
(197021 65514.2 -5173.28 565 665 1)
(197024 105685 113560 211 311 1)
(197031 35312.9 -126015 546 646 1)
(197033 -70393.4 -57493.4 141 241 1)
(197044 72477.4 40113.2 90 190 3)
(197046 -114715 4133.25 465 565 3)
(197054 57381.3 -7205.33 305 405 3)
(197062 -3794.24 -65506.4 128 228 1)
(197066 -96414.7 75269.2 285 385 1)
(197069 63516 41156.8 547 647 1)
(197072 26111.3 -90785.4 176 276 1)
(197073 -95558.5 -98819.9 554 654 1)
(197078 60452.5 -40428 495 595 1)
(197079 -40208.2 -92713.5 344 444 1)
(197097 -4951.17 25064.4 514 614 1)
(197109 -89313.6 -124.448 172 272 1)
(197122 119840 88438.9 409 509 1)
(197131 -120590 -93730.1 67 167 3)
(197136 -28098.9 62220 29 129 3)
(197147 -2878.11 58391.2 489 589 1)
(197150 44336.2 -27278.1 116 216 1)
(197155 -118666 -40414.5 141 241 3)
(197156 34054.9 -138975 88 188 1)
(197162 -107669 55262.1 462 562 3)
(197169 -124852 108643 409 509 1)
(197171 -61303.7 93440.6 257 357 1)
(197179 -92461 104467 109 209 1)
(197181 -21068.4 -119864 290 390 1)
(197185 68509.5 23010.2 337 437 1)
(197194 21198.2 -2140.64 376 476 1)
(197197 53492.6 -96799.2 509 609 1)
(197207 17219.9 -39263.8 515 615 1)
(197212 -118756 -118974 575 675 1)
(197219 78579.8 -100799 402 502 1)
(197233 -61326.3 -45488.5 586 686 1)
(197241 111762 27648.1 364 464 1)
(197242 -68375.8 -23357.3 137 237 1)
(197261 -106579 -126970 189 289 1)
(197262 71696.7 84528 593 693 3)
(197264 14173.4 -140119 610 710 1)
(197290 65285.1 -57285.8 462 562 1)
(197295 107813 127753 465 565 3)
(197297 -45211.6 47171.6 203 303 1)
(197298 31208.2 -77541.8 165 265 1)
(197299 -75348.1 20952.8 332 432 1)
(197307 -31176.8 -117916 413 513 1)
(197309 -46191.4 49146.2 44 144 1)
(197315 -16970.8 -134038 520 620 3)
(197330 13063.1 67265.4 257 357 1)
(197331 16092.5 60404.8 585 685 1)
(197335 78545.6 31059.4 316 416 1)
(197337 60480.9 -7223.08 496 596 1)
(197340 7016.45 139792 31 131 1)
(197344 -93590.9 18985.1 564 664 1)
(197348 -123593 -128818 95 195 1)
(197355 21193.1 -45487.9 466 566 3)
(197356 23135 -38348.9 292 392 1)
(197361 53452.6 13948.8 612 712 1)
(197363 -9946.35 71329.2 558 658 1)
(197365 -2011.07 -28355.5 486 586 1)
(197376 -117601 17983 45 145 1)
(197381 62430.4 121597 169 269 1)
(197392 -56812.3 -146420 387 487 1)
(197399 120792 -63524.6 348 448 1)
(197408 -20040.3 33081.5 195 295 1)
(197411 -17044.3 36022.6 58 158 1)
(197419 -104533 -6138.86 144 244 1)
(197421 -69479.5 -5236.39 438 538 1)
(197425 10110.4 -88638.4 129 229 1)
(197432 36203.9 -94637.6 237 337 1)
(197441 -121737 -53441.4 320 420 1)
(197446 -13048 -113861 143 243 1)
(197448 69501.8 -136977 343 443 1)
(197457 11153.2 -129057 601 701 1)
(197458 -104700 56011.3 517 617 1)
(197459 -31234.2 67283.8 446 546 1)
(197463 -63420.1 -114997 493 593 1)
(197472 -123796 68354.3 412 512 1)
(197476 32247.6 -66627.1 577 677 1)
(197478 -96561.4 68234 559 659 1)
(197479 -51233.3 -57603.7 213 313 1)
(197487 -44215.7 -91743.6 429 529 1)
(197505 -122577 -54475.5 1 97 3)
(197509 -98629.4 141812 81 181 1)
(197512 -49207.2 4964.82 338 438 1)
(197516 80582.2 51250.6 530 630 1)
(197518 -120648 -46386 168 268 1)
(197520 11098.2 -116827 297 397 1)
(197521 -13063.6 -27297.4 77 177 1)
(197524 65486 51146.3 17 117 1)
(197528 19168.9 -112753 115 215 1)
(197544 -19056.4 -31265.1 27 127 1)
(197545 115791 -7207.51 437 537 1)
(197546 67515.7 -43423.2 472 572 1)
(197549 39277.6 98421.8 135 235 1)
(197551 67485.1 -19242.1 194 294 3)
(197555 -46284.1 -5083.44 377 477 1)
(197558 -16023.4 -68533.7 531 631 1)
(197559 -108525 -59411.4 83 183 1)
(197561 -49225.1 130692 296 396 1)
(197565 -45199.3 -65653.5 602 702 1)
(197572 116.188 -102836 295 395 1)
(197573 115717 -32306.8 147 247 1)
(197578 -8111.35 -20261.4 81 181 3)
(197601 -1945.14 -19257.9 371 471 1)
(197611 -79451.1 12943.8 487 587 1)
(197617 -56298.3 31074.2 188 288 1)
(197625 -48265.3 84367.2 60 160 1)
(197628 -65279.8 -34287.2 158 258 1)
(197629 -96385 -11224.6 124 224 1)
(197631 83550.6 -46392.9 192 292 1)
(197637 15087.3 -77654.5 105 205 1)
(197647 -65323.4 -72595.9 410 510 3)
(197649 -52218.2 -131824 38 138 1)
(197652 14072.2 32157.3 209 309 1)
(197660 -38200 -72559.8 239 339 1)
(197676 -76329.4 -87749.3 117 217 3)
(197686 99604 -12192.3 140 240 1)
(197687 47359.5 -73778.4 546 646 1)
(197688 -32125.2 47180.8 61 161 3)
(197694 -4017.93 71302.7 4 104 1)
(197695 -99625.7 -23350.1 355 455 1)
(197699 -54105.3 -16382.4 352 452 1)
(197714 -124723 -50467.1 376 476 1)
(197716 42420.2 10989.4 364 464 1)
(197722 -5975.77 70284.4 128 228 3)
(197723 -1947.95 79419.3 310 410 1)
(197725 122710 6920.78 250 350 1)
(197730 -120666 46135.6 220 320 1)
(197735 -50392.7 -122827 202 302 3)
(197736 86525.1 -40312.5 101 201 1)
(197746 -33116.3 -93790.8 414 514 3)
(197754 -119544 122448 242 342 3)
(197758 -64377.2 3880.17 528 628 1)
(197765 22208.6 112565 303 403 1)
(197767 -109396 14020.8 62 162 3)
(197769 11057.5 -8083.5 224 324 1)
(197772 13171.2 -9214.35 589 689 1)
(197774 41271.7 -62455 116 216 1)
(197775 91654.4 -62616.6 460 560 3)
(197776 -5936.03 -60640.8 122 222 3)
(197779 -117639 -99682.1 131 231 3)
(197793 86673.3 -23299.1 556 656 1)
(197796 1052.98 -83706 440 540 1)
(197808 -67324.8 -93749.4 123 223 1)
(197830 -45273 -125927 270 370 1)
(197833 -117605 111334 34 134 1)
(197849 42537.9 18396.1 555 655 1)
(197850 102825 -104840 420 520 3)
(197858 -23041.6 146444 16 116 1)
(197860 -17068.6 41094.3 103 203 1)
(197862 92695.4 -112905 546 646 1)
(197863 46306.5 -13179.2 31 131 1)
(197864 -41210 -14224.4 571 671 3)
(197878 68515.1 29055.9 425 525 1)
(197892 -10010 -64463.2 121 221 1)
(197906 -119731 -147128 563 663 3)
(197908 108775 -100777 350 450 1)
(197921 50445.5 68284.4 364 464 3)
(197943 30300.2 -99290.4 223 323 3)
(197945 81543.7 134638 194 294 1)
(197954 2173.67 98570.6 408 508 1)
(197955 22183.9 -22247.4 101 201 1)
(197968 -65295.5 115575 157 257 1)
(197969 -42257.2 50239.7 495 595 3)
(197996 21223.3 104576 475 575 1)
(197998 -90440 53173.3 156 256 3)
