(4 44315.5 48154 178 278 1)
(7 -20054.2 -39345.4 114 214 3)
(11 8265.72 -28144.7 188 288 1)
(22 6067.82 -72362 534 634 1)
(28 50358 -73561.8 215 315 1)
(29 -85506.2 -48622.2 199 299 3)
(36 -17040.5 100446 165 265 3)
(42 80746.9 -66453.8 296 396 1)
(44 110700 -53486.2 144 244 1)
(50 101729 -108850 438 538 1)
(52 -58276.3 -10179.1 209 309 1)
(53 -17206.2 73323.6 437 537 1)
(69 31246 -43312.6 323 423 1)
(70 22229.2 -107816 364 464 1)
(71 88582.1 -10161.9 144 244 3)
(73 -108646 -100761 409 509 1)
(79 -114770 114599 606 706 1)
(80 48417 147778 465 565 1)
(81 105672 -9177.71 168 268 1)
(88 91683.4 -24357.4 601 701 3)
(96 -29112.3 22080.2 116 216 1)
(97 909.506 86305.6 87 187 1)
(98 54310.3 88443 46 146 3)
(111 -103680 100558 568 668 1)
(120 -94497.7 8943.78 202 302 1)
(132 33299.9 70209.3 420 520 1)
(137 21042.4 -119059 547 647 3)
(139 -52241.1 -70505.9 124 224 1)
(152 -23116.1 12925.6 373 473 1)
(159 -54063.1 83234.9 344 444 1)
(173 -69389.2 -75733.2 234 334 1)
(176 -101574 -36309.2 227 327 1)
(181 -18048.2 -17320.6 474 574 1)
(186 37300.8 -48434.4 380 480 1)
(189 -68399.9 -107996 601 701 1)
(194 -40272.8 76377.2 488 588 1)
(195 73513.4 23014.1 294 394 3)
(205 44144.3 -44457.5 367 467 3)
(211 45339.6 39115.1 399 499 1)
(212 66526.5 -2172.59 474 574 1)
(215 94892.2 96666.9 515 615 3)
(227 21194.4 133722 382 482 3)
(250 38276.4 -93645.7 210 310 1)
(254 -50295 53137.2 295 395 1)
(257 95603.2 -39401.1 183 283 1)
(261 -27103.2 54228.1 348 448 1)
(264 -33073.9 -82702.2 335 435 1)
(273 -43244.1 14230.2 109 209 1)
(288 17135 -70499.4 119 219 1)
(296 -24056.4 -3249.72 290 390 1)
(307 61475.4 -149104 483 583 1)
(308 13037.4 42286.5 99 199 3)
(320 -98540.7 -79569.3 226 326 1)
(321 3467.27 -75391.8 534 634 1)
(323 47318.7 -101741 31 131 3)
(331 -77484.2 -83672.8 314 414 1)
(334 -38125.1 -84520 45 145 1)
(336 22148 -107530 345 445 1)
(340 84584.4 -36317.9 162 262 1)
(343 -107657 -14076.6 330 430 3)
(345 -22053.5 -147063 346 446 1)
(350 65297.1 117561 77 177 1)
(368 -70773.7 -66710.7 616 716 1)
(369 6122.87 4909.03 492 592 1)
(378 82618.3 -65480.5 198 298 1)
(383 107648 55250.5 333 433 3)
(385 72346.1 -13326.6 613 713 3)
(395 -35233.5 -84754.7 599 699 1)
(397 -83508.1 -107901 481 581 1)
(402 -37182.2 -126962 418 518 1)
(411 32271.3 -99760 75 175 1)
(412 -40182.1 125624 309 409 3)
(420 26269.1 -117.266 274 374 1)
(427 120845 69318.7 368 468 1)
(428 -47163.1 28024.7 57 157 1)
(435 -34082.6 -120013 431 531 1)
(446 -85448.2 46140.6 112 212 3)
(453 -33287.5 -90687.8 587 687 1)
(454 37494.6 18051 210 310 1)
(457 20164.9 6903.78 314 414 1)
(466 98712.6 -100825 480 580 3)
(469 39346.9 136809 586 686 3)
(476 -96471.1 58189 186 286 1)
(477 -23071.7 85452.2 557 657 1)
(480 -30116.8 37161.2 106 206 1)
(482 -74706.9 50144.8 452 552 3)
(483 18255.2 -66414.4 98 198 1)
(490 23218.8 71324.6 379 479 1)
(502 -47220.3 -80584.5 170 270 1)
(513 12162.7 -25323.2 612 712 1)
(514 36167.6 -60418.9 265 365 1)
(519 -1935.28 -64550.6 182 282 3)
(527 -12996.1 -19235.1 66 166 1)
(528 -37182 -61586.8 591 691 1)
(531 71561.3 -117908 470 570 1)
(537 20183.6 119684 436 536 3)
(544 -5989.57 -46434.6 345 445 1)
(546 -74351.6 54192.8 45 145 3)
(549 -90403 -23307.5 1 98 1)
(552 -21071.8 -116812 207 307 1)
(554 103648 3936.32 106 206 3)
(563 -87439.6 45146.6 134 234 1)
(565 65411.8 -64431.6 24 124 1)
(573 -80375.8 9966.49 179 279 3)
(594 -55280.3 -22829.5 320 420 3)
(603 -31169.2 -73575.3 185 285 1)
(605 -21036.6 8825.2 199 299 1)
(611 24196.1 -22293.2 448 548 1)
(614 -25057.1 -58652.8 424 524 1)
(622 -48176.7 52188.7 1 97 1)
(637 -34166.1 -12156.3 68 168 1)
(638 -55437.7 -56502.5 96 196 1)
(640 70503.4 62259.3 339 439 3)
(644 11142.4 -29355.5 509 609 1)
(647 -37160.4 -70567.2 321 421 1)
(649 -74433.3 -115884 532 632 1)
(655 -56218.4 41112.1 25 125 1)
(659 -103616 -56507.1 469 569 1)
(669 -69442.8 69381.4 471 571 3)
(682 61225.6 -142974 2 102 1)
(683 -34152.1 108529 229 329 1)
(691 91538.2 -26243.1 17 117 3)
(692 16157.8 -142936 154 254 1)
(695 2059.11 -22251.2 464 564 1)
(696 -56277.5 24003.4 268 368 1)
(701 120656 -85517 127 227 3)
(713 -122780 -69634.9 483 583 1)
(717 -91605.5 -49709.1 624 724 1)
(726 -115804 -34362.6 263 363 1)
(727 -122737 65300.1 301 401 3)
(735 -82380.3 -28423.9 432 532 1)
(740 -60268.7 145569 35 135 1)
(742 52378.2 81333.9 190 290 1)
(744 62696.6 121493 588 688 1)
(770 97.1447 -122013 561 661 1)
(777 -16013 66154 381 481 1)
(795 -23087 73401.1 320 420 1)
(803 -85490.4 -105759 317 417 1)
(805 102603 -90604.2 16 116 1)
(809 59470.5 91474.3 540 640 1)
(814 -10999.2 -26300.9 414 514 3)
(815 -120698 148848 97 197 3)
(816 5115.43 63242.2 209 309 1)
(817 -4974.15 39113.3 432 532 1)
(820 -120560 -20255.7 44 144 1)
(826 -96641.3 -120052 517 617 1)
(833 -14033.2 -49423.6 237 337 1)
(835 88669.7 55238.1 508 608 1)
(836 84714.2 -49428.2 508 608 1)
(837 79600.5 -11235.3 532 632 1)
(843 -18882 -65614.9 487 587 3)
(846 -64360.6 106666 514 614 1)
(852 -48155.3 -138909 196 296 3)
(855 -13017.6 -72599.9 578 678 1)
(873 -48438 115462 350 450 1)
(881 107804 57382.5 384 484 1)
(896 -124790 -129875 190 290 1)
(906 8117.98 -79598.9 199 299 1)
(907 48347.3 -48535 450 550 3)
(910 -112692 -44438.9 382 482 1)
(911 110801 4898.49 505 605 3)
(914 -80416.2 -28291 362 462 3)
(920 -73452.2 -28348.6 591 691 1)
(922 -115660 -3207.21 54 154 1)
(926 -22073.3 30056.1 564 664 1)
(931 14141.4 43126.5 311 411 1)
(937 -102429 -82575.8 112 212 1)
(939 -67246.6 -95829.7 120 220 1)
(947 63611.6 105667 357 457 1)
(951 -109657 -21290.4 277 377 1)
(956 -91585.8 -48432 440 540 1)
(957 104732 141873 390 490 1)
(959 -116578 147756 42 142 1)
(961 -2961.56 22010.8 80 180 1)
(984 -38226.5 -91832.5 555 655 3)
(990 103759 -115856 264 364 3)
