(22003 103738 78367 415 515 3)
(22005 -19150 44186 31 131 1)
(22009 24215.5 -135063 484 584 1)
(22012 31257.5 -29330 444 544 1)
(22015 -62319.7 -67498.3 124 224 3)
(22018 38335.5 -62589.4 530 630 1)
(22028 -1897.45 -74720.7 570 670 1)
(22029 87517.9 11971 128 228 1)
(22037 70459.8 41124.9 297 397 1)
(22044 -24119.1 -81728.5 562 662 1)
(22047 42243.7 -61411.8 160 260 1)
(22051 75469.7 -47290.3 142 242 1)
(22059 -18046.7 105475 138 238 1)
(22067 115686 25023.4 73 173 3)
(22071 -64414.4 -105843 473 573 1)
(22077 -50275.4 140776 444 544 1)
(22080 15138.7 -111738 15 115 1)
(22086 97789.4 -76669.8 621 721 3)
(22087 39301.9 -5158.78 357 457 1)
(22089 65415 -23315.3 332 432 1)
(22096 -114658 -48460.3 371 471 1)
(22097 45405.2 -147224 542 642 1)
(22100 -14006.8 79499.2 494 594 1)
(22111 74598.9 74390.7 553 653 1)
(22114 6997.18 -64627.2 145 245 1)
(22119 72539.2 -53500 432 532 3)
(22122 1113.94 -43475 407 507 1)
(22128 42330.3 85292.9 399 499 1)
(22129 -46289.7 -34305.5 98 198 1)
(22132 1079.7 110616 498 598 1)
(22138 88457 71242.3 21 121 3)
(22139 -76290.4 137571 133 233 1)
(22141 29223.1 -29292.9 243 343 1)
(22145 -67483.3 3859.36 487 587 3)
(22151 4151.68 136834 571 671 1)
(22158 26167.6 -30071.7 362 462 1)
(22162 -4957.55 -111859 477 577 1)
(22163 25234.7 35097.9 407 507 1)
(22166 -96490 -23249.2 104 204 1)
(22169 54429.4 -54374.7 326 426 3)
(22171 -107840 94197.7 618 718 1)
(22172 -98495.7 -125826 110 210 1)
(22178 -82460.6 -140010 342 442 1)
(22183 80657.8 -72625.1 450 550 3)
(22187 62424 117566 203 303 1)
(22188 39325.3 42138.4 353 453 1)
(22190 57347 -110710 71 171 3)
(22195 -11978 20017.5 577 677 1)
(22201 -117615 -97677.3 43 143 3)
(22202 32251.3 73313.3 228 328 1)
(22204 -25128.8 -91824.5 580 680 1)
(22217 -22109.8 9935.55 133 233 1)
(22225 8071.07 -55430.6 66 166 1)
(22228 17174.6 -39330.9 51 151 1)
(22251 -95321.8 17022.5 66 166 1)
(22256 29242.4 64250.9 168 268 1)
(22267 -91515.1 -95737.7 357 457 3)
(22275 -25109.1 -10198.7 441 541 3)
(22285 74582.1 -145117 505 605 3)
(22291 -79437.2 -46376.9 171 271 1)
(22292 -105545 -22289.2 284 384 1)
(22320 -35815.6 121877 554 654 1)
(22325 24213.4 -111847 345 445 1)
(22329 -18055.4 37086.6 237 337 1)
(22334 64532.3 2895.73 629 729 3)
(22341 -78357.7 -49397.7 77 177 3)
(22345 -87454.7 17952.6 144 244 1)
(22347 86580.6 -133111 477 577 1)
(22349 -96664.2 -146233 483 583 3)
(22352 -13968.2 -44464.3 359 459 3)
(22363 -53335.9 -43481.6 13 113 1)
(22365 -109586 -13224.7 207 307 1)
(22366 54475.8 -104895 531 631 1)
(22371 13204.8 -135176 500 600 1)
(22377 -85474.2 -120901 357 457 3)
(22381 -54249.6 -82565.8 76 176 1)
(22382 -104565 -25289.6 278 378 1)
(22386 -54393.3 -72515.2 68 168 1)
(22389 -104518 -111785 241 341 1)
(22395 112834 -33391.8 576 676 1)
(22410 79480.2 62248.1 50 150 1)
(22420 -54240.4 -102663 9 109 -1)
(22423 -98496.8 72291.9 100 200 3)
(22429 115789 55118.2 170 270 3)
(22440 -42323 -50377.5 11 111 1)
(22442 53396.9 -18246.1 377 477 1)
(22444 -9005.68 41008.5 273 373 3)
(22452 87678.1 106600 287 387 1)
(22455 63494.5 29103.6 318 418 3)
(22460 33277 96458.9 292 392 3)
(22463 76479.1 -88575.1 1 96 1)
(22475 34281.6 82367.1 331 431 1)
(22478 -26303.7 -7037.83 289 389 1)
(22486 -50303.3 48209.3 522 622 1)
(22487 -4947.78 8911.95 508 608 3)
(22505 -111781 -104989 596 696 1)
(22526 52144.2 106421 215 315 1)
(22537 5104.51 -47402.6 61 161 3)
(22538 22230.7 -136878 95 195 1)
(22546 81471.6 -111772 164 264 1)
(22549 -68328.4 19990.6 117 217 3)
(22558 123830 -127908 280 380 1)
(22561 -106617 83393.3 412 512 1)
(22563 120923 72312.4 511 611 1)
(22580 -36254.2 -75578.7 365 465 1)
(22582 -7973.9 -85600 164 264 1)
(22583 -28315.5 16183.1 350 450 1)
(22591 68347.2 -94713.6 126 226 1)
(22596 -91491.4 61276.3 284 384 1)
(22600 11116.7 19978.2 373 473 3)
(22601 85663.3 -66654.9 625 725 3)
(22605 24146.5 -7146.07 433 533 3)
(22606 -91528.4 85478 231 331 1)
(22609 -97603 -78496.6 407 507 1)
(22612 -124659 63129.9 203 303 1)
(22619 21200.7 -72542.4 44 144 1)
(22621 24133.1 -47334.2 23 123 1)
(22623 76509.5 -140961 247 347 1)
(22625 3146.85 -122779 187 287 1)
(22649 -102656 -83572.4 47 147 1)
(22652 -114770 -12214.6 482 582 1)
(22662 86542.7 -11177.4 127 227 1)
(22672 -20919.1 -133959 131 231 3)
(22683 103811 -15230.1 517 617 1)
(22689 -6063.66 -55762.1 628 728 3)
(22690 97910.2 -125193 94 194 1)
(22693 -99639.8 -36436.5 617 717 3)
(22696 7144.18 -94722 301 401 1)
(22702 -51414.2 42306.5 611 711 3)
(22705 -24113.6 -88807.2 280 380 3)
(22720 64377.5 -47459.2 182 282 1)
(22724 -84492.4 114528 373 473 1)
(22728 -89551.3 -41395.3 385 485 3)
(22730 -36188.2 -195.791 533 633 3)
(22735 118840 -6191.85 305 405 3)
(22741 -95398.6 -21120.3 112 212 1)
(22742 -117692 -96760.4 422 522 3)
(22766 28459.2 -48351.1 399 499 1)
(22779 13162.9 -113916 496 596 1)
(22781 15151.3 -36248 376 476 1)
(22786 59429.7 19992.8 207 307 1)
(22788 -109606 -76650.3 451 551 1)
(22792 13116.5 -95649.7 144 244 3)
(22795 50407.2 -110804 408 508 1)
(22805 -29107.5 -29978.7 70 170 3)
(22806 -94001 -77507.9 332 432 1)
(22807 58436.5 -60515.7 360 460 1)
(22818 80561.3 -27295.8 306 406 1)
(22819 -39171.5 8925.24 188 288 1)
(22820 -3909.11 -131237 545 645 1)
(22825 13179.4 10920 535 635 1)
(22834 47347.5 -16186.6 472 572 3)
(22849 -121788 -98797.4 615 715 3)
(22860 -70592.3 14778.7 624 724 1)
(22861 74448.7 95527.4 81 181 1)
(22867 62344.7 -21414.8 410 510 1)
(22873 -53273.1 -15260.4 340 440 1)
(22877 96613.8 -87615.9 158 258 -1)
(22880 -93551.5 148844 516 616 1)
(22884 18205 -48473.9 609 709 3)
(22912 34167.6 10883.4 383 483 1)
(22919 73463 -100828 3 103 1)
(22923 -118622 56204.2 148 248 1)
(22928 -55281.7 -88673 152 252 1)
(22941 -124789 23003.7 528 628 1)
(22952 -78370.7 -9179.09 248 348 1)
(22953 -75438.7 38529.1 517 617 3)
(22955 28242.6 -52444.5 224 324 1)
(22960 -38201.6 -17262.1 607 707 1)
(22982 -115749 -18297.9 579 679 3)
(22983 -16039.8 -82582.9 202 302 1)
(22990 42374.1 -68635.1 504 604 1)
(22992 -108517 54177.7 23 123 1)
(22996 -3715.33 -124958 516 616 1)
(22999 81650.8 4886.83 604 704 1)
