(110001 -89681.1 1857.52 493 593 1)
(110018 -7991.28 -138864 35 135 1)
(110027 -30021.4 -22261.9 537 637 3)
(110031 -48204 48875.6 315 415 1)
(110034 74.5135 869.403 587 687 1)
(110047 -9981.85 -60516.4 324 424 3)
(110051 -59351.9 -1166.13 589 689 3)
(110058 27531.8 8087.6 339 439 1)
(110061 -37189.7 21014.4 64 164 1)
(110070 103664 -13225.4 377 477 3)
(110073 -23071.5 -16220.9 154 254 1)
(110084 6890.06 -29.304 346 446 1)
(110116 -21051.5 -108886 496 596 3)
(110118 104807 -53455.8 460 560 1)
(110122 -953.236 149757 153 253 3)
(110123 -66333.7 -13188.4 472 572 1)
(110124 -35171.3 9989.5 204 304 3)
(110135 -43185.6 -42362.2 162 262 1)
(110141 -47098.3 125708 628 728 1)
(110142 115909 -130089 624 724 1)
(110155 -36150.9 -76672.9 378 478 1)
(110163 18944.8 55964.6 1 97 1)
(110164 -10016.3 -29297 26 126 1)
(110168 -43216.3 -18213.6 404 504 3)
(110170 30215.7 -34467.5 268 368 1)
(110180 66505.4 -5181.13 453 553 1)
(110183 44307.9 -59391.3 582 682 1)
(110184 91647.3 -84054.7 395 495 1)
(110198 84550 17909 342 442 1)
(110211 -69424.4 -40453.6 443 543 1)
(110212 -73406.9 -26298.1 196 296 1)
(110217 -42175.7 -142966 203 303 3)
(110227 -113613 64266.3 186 286 1)
(110246 19271.3 38134.6 560 660 1)
(110249 -107574 129629 53 153 1)
(110254 52553.2 51287.3 543 643 3)
(110257 -123692 79394 347 447 1)
(110258 61519.6 99537.8 520 620 1)
(110263 19274.1 112657 626 726 1)
(110265 -43240.8 8951.41 503 603 3)
(110274 -99706.5 -60573.5 526 626 1)
(110283 44348.6 7953.51 567 667 1)
(110284 -10004.8 -47367 60 160 1)
(110285 44308.1 15959.4 188 288 1)
(110295 78545.2 -12209.4 592 692 1)
(110296 -32118.9 111483 15 115 1)
(110297 45143.7 127531 21 121 1)
(110301 22195.9 32053.2 387 487 1)
(110304 -118605 66311.1 290 390 1)
(110315 38337.5 52225.4 490 590 1)
(110317 8128.99 -71643 524 624 1)
(110321 89514.5 -87593.6 35 135 3)
(110322 93498.4 -33215.6 1 96 1)
(110329 84662.4 -102817 424 524 1)
(110346 42.5206 -85598.6 79 179 1)
(110351 -116667 -65519.6 98 198 1)
(110370 -44330 16010.2 113 213 1)
(110375 -115578 -99722.1 146 246 1)
(110384 -82449.4 18809.5 428 528 1)
(110390 23249.2 -15456.2 475 575 1)
(110394 -29137.5 -98799.3 472 572 1)
(110396 -37109.9 -84574.7 38 138 1)
(110401 33299.3 -106848 549 649 1)
(110416 20158.1 -134921 205 305 3)
(110428 -30322.6 100419 349 449 3)
(110451 113737 -131954 246 346 1)
(110461 -43189.6 -125015 558 658 1)
(110463 16137 73263.5 146 246 1)
(110464 -18165.4 101506 159 259 3)
(110475 33273.4 119561 189 289 1)
(110480 -99580.3 146770 496 596 3)
(110482 -100558 -51528.4 127 227 1)
(110485 -59365.5 52137 65 165 1)
(110492 12117.6 -110752 166 266 3)
(110495 64237.4 -45412.5 375 475 3)
(110504 -59871.1 -145807 162 262 1)
(110505 25396.8 9977.98 52 152 1)
(110506 -24093 13046.1 616 716 1)
(110528 121744 82332.1 283 383 1)
(110530 -105511 126718 274 374 3)
(110531 -86459.7 71279.9 201 301 3)
(110535 -69330.4 -53504.9 336 436 3)
(110573 -42200.3 -119928 382 482 1)
(110576 -91408.6 -26086.3 29 129 1)
(110582 -119671 3921.6 205 305 1)
(110585 -28433 -115783 251 351 1)
(110590 -112561 58204.1 32 132 1)
(110604 -34141.3 -98743.8 307 407 1)
(110618 -72430.5 113753 289 389 1)
(110625 2092.56 -96832.8 606 706 1)
(110627 22237.8 66313.7 294 394 1)
(110632 7114.19 -64518 281 381 1)
(110633 57415.5 -29285.8 1 101 1)
(110645 -5920.32 96443.9 120 220 3)
(110649 -51312.9 46229.7 308 408 1)
(110653 14147 -49355 23 123 1)
(110657 -110681 126672 321 421 3)
(110661 5910.62 -19496.2 404 504 1)
(110665 -37229.6 -9234.93 490 590 1)
(110674 2114.1 -137173 490 590 3)
(110677 -52229.3 -136089 481 581 1)
(110688 -105839 -29627.3 626 726 1)
(110693 -77392.8 39122.1 55 155 1)
(110700 33219.3 -11233.9 168 268 3)
(110706 -16985.9 16980.2 103 203 1)
(110713 29326.5 -81641.7 151 251 1)
(110715 -103699 -56457.1 513 613 1)
(110719 -59447.1 38264.5 513 613 1)
(110720 -97573.1 61261.7 415 515 1)
(110722 40307.3 -130847 77 177 1)
(110739 99649.5 -126041 362 462 1)
(110743 5104.36 -100735 243 343 1)
(110746 -34127.3 -106844 435 535 1)
(110751 -50572.1 27955.6 563 663 3)
(110752 42340.1 1953.74 143 243 3)
(110759 87815.1 83513.9 435 535 1)
(110769 -71519.7 -22272.4 441 541 3)
(110774 -110707 -151.093 602 702 1)
(110788 70475.7 -24311.1 451 551 1)
(110789 -35142.4 -8174.79 96 196 1)
(110794 24543 -21065.2 485 585 1)
(110802 -40108.4 2890.22 12 112 1)
(110815 -22095.4 35084.7 589 689 1)
(110821 -100638 -97826 582 682 1)
(110824 -97531.7 -42438 262 362 1)
(110838 5093.62 -84690.7 518 618 3)
(110840 -40163.3 -77623.2 79 179 3)
(110842 -38167.7 -36253.9 411 511 1)
(110843 -51264.2 -113843 273 373 1)
(110851 68482.4 -136058 495 595 1)
(110858 4028.28 -131989 229 329 1)
(110861 119723 -51490.4 149 249 1)
(110862 69490.6 -97781.8 474 574 1)
(110871 -89472.2 95449.1 217 317 1)
(110879 -32156.2 -105892 523 623 1)
(110880 -36195.9 -39505.9 556 656 1)
(110881 30261.5 -73605.5 360 460 1)
(110885 -40282.1 -13259.7 377 477 1)
(110897 -18052.5 67309.8 158 258 1)
(110906 120708 119592 133 233 1)
(110912 -34213.2 77434.1 226 326 1)
(110917 -41232.6 25843.6 11 111 1)
(110920 -55295.6 -79684.7 429 529 3)
(110921 -88511.8 -6214.98 613 713 1)
(110926 -80435.8 -130956 409 509 1)
(110931 -89539.6 -16260.5 543 643 1)
(110934 -95603.2 78342.3 613 713 3)
(110940 40293.8 -61481.7 209 309 1)
(110942 -74197.9 76308.3 243 343 1)
(110948 25537 50768.2 33 133 1)
(110951 9098.06 -68460.4 90 190 3)
(110963 -44355.8 -82657.3 286 386 1)
(110967 57459.5 128589 86 186 1)
(110976 -80402.3 33064.2 179 279 1)
(110980 123768 104476 172 272 1)
(110983 23214.9 68306.3 461 561 1)
(110994 23234.1 65188.5 563 663 1)
(110996 38956.9 -87906.2 548 648 1)
(110999 61345.2 98362.4 141 241 3)
