(113000 80631.9 5746.68 148 248 3)
(113008 -113547 112478 12 112 1)
(113023 51366 50182.1 147 247 1)
(113033 103828 26066.7 603 703 1)
(113034 -122077 82106.4 381 481 1)
(113035 -43026.7 68372.5 488 588 1)
(113038 -107666 -38413.7 498 598 1)
(113040 46199.2 -13220.2 158 258 3)
(113041 -23118.6 10935.7 127 227 1)
(113043 -104632 -67559.5 309 409 3)
(113047 85667.3 36087.1 455 555 3)
(113048 1173.55 25022.3 278 378 1)
(113052 -35152.7 42121 155 255 1)
(113054 -89587.8 20976.2 447 547 1)
(113060 71519.3 -59497 323 423 1)
(113069 1059 -58537.7 235 335 1)
(113072 -85507.1 9879.5 462 562 1)
(113075 28269.6 -17394.4 163 263 1)
(113076 -47229.1 -5098.06 228 328 1)
(113077 -92663.1 -99530.3 21 121 1)
(113079 66429.9 -5084 324 424 1)
(113095 -100635 14954.6 345 445 3)
(113100 21163.8 43089.9 182 282 3)
(113117 -2928.03 12948.7 211 311 1)
(113120 75561.2 1854.8 431 531 1)
(113123 81659.5 -31362.4 409 509 3)
(113130 44251.5 -84794.7 619 719 1)
(113131 -115877 25051.3 334 434 1)
(113134 36307.6 144866 593 693 1)
(113142 -120520 -115880 123 223 1)
(113146 19050 -74494.1 166 266 1)
(113150 83226.2 3611.48 113 213 1)
(113167 -45275 -87788.2 573 673 3)
(113176 93604.2 85346.3 144 244 1)
(113190 -62311.5 18974.7 415 515 1)
(113199 -23136.8 143933 533 633 1)
(113209 110635 -130910 145 245 3)
(113214 27165.5 -104688 1 99 1)
(113216 -75373.5 -130800 47 147 1)
(113230 -65858.7 -105399 491 591 1)
(113232 33263.9 -48382.9 47 147 1)
(113233 -62346.9 -93755.4 438 538 1)
(113243 12192.9 -21356.5 277 377 1)
(113244 1891.4 -141386 41 141 1)
(113253 21201.8 -146273 231 331 3)
(113262 83698.4 124726 596 696 1)
(113263 -24902.4 -26388.4 418 518 1)
(113280 5126.73 80465.5 615 715 1)
(113287 24273.7 58352.5 207 307 1)
(113289 -48213.8 -39209.1 1 96 1)
(113294 -86504.5 -65577.1 468 568 1)
(113295 -75416.6 -119945 463 563 1)
(113296 -96494.4 -18082 26 126 1)
(113304 29238.2 144762 192 292 1)
(113307 32242.6 81376.1 224 324 3)
(113308 -12060 -50361.4 433 533 1)
(113312 -2870.93 -46298.2 58 158 1)
(113313 -51204.4 -12693 268 368 1)
(113315 -43223.1 39141.2 625 725 1)
(113328 42339.3 -76637.1 370 470 1)
(113339 -96591.8 -101839 524 624 1)
(113343 -5071.17 62385.6 284 384 1)
(113344 -35062.6 24115 450 550 1)
(113350 -9998.28 -12198.7 323 423 3)
(113352 -98471.9 -46314.1 109 209 3)
(113353 -42083.7 121611 23 123 1)
(113368 26222.2 123591 170 270 1)
(113374 65606.3 -142809 462 562 1)
(113377 -74434.5 92554 393 493 3)
(113387 -77398.2 -67499.6 144 244 1)
(113398 12025.6 15066.8 125 225 1)
(113405 -73440.9 16944 256 356 1)
(113414 -5819.8 -110264 594 694 1)
(113420 -84456.6 -30369 289 389 1)
(113422 9188.91 13057.5 330 430 1)
(113434 47310.4 134229 443 543 1)
(113435 -25097.5 29060.1 353 453 1)
(113440 68549.4 -11286.5 304 404 3)
(113443 21179.7 -46300.6 238 338 1)
(113444 -107583 -88643 202 302 1)
(113445 -23086.1 104466 143 243 1)
(113449 77563.7 5892.66 411 511 1)
(113453 50384.1 -20349.1 504 604 1)
(113456 -54202.6 -11140.4 331 431 1)
(113459 -79512 -37415.9 601 701 1)
(113460 76525.9 100481 258 358 1)
(113473 60386.7 -18225.5 34 134 1)
(113478 112727 24997.8 295 395 1)
(113486 -42134 -67514.1 73 173 1)
(113488 103794 -64579.3 539 639 1)
(113497 32264.5 -106767 403 503 1)
(113502 48349.8 -51453.2 238 338 1)
(113510 37274 -106737 160 260 1)
(113517 32256.3 -76561.8 209 309 1)
(113537 -27044 103496 482 582 3)
(113540 37271.4 38086.1 135 235 1)
(113546 57475.6 81431.1 588 688 1)
(113562 -21092.5 20991.1 488 588 3)
(113563 39323.3 -145165 549 649 1)
(113570 21264.1 104577 376 476 3)
(113586 93704.5 94510 502 602 1)
(113594 -57237.8 -22308.2 244 344 3)
(113598 99781.9 31243.8 558 658 1)
(113599 -14034 -95690 170 270 1)
(113633 -118770 13951.1 597 697 3)
(113645 6092.34 82351.2 123 223 1)
(113646 -34087.1 -1099.69 510 610 1)
(113650 -98505.5 -12182.8 124 224 1)
(113652 -42180.1 -63346.2 88 188 1)
(113653 -67326.8 6945.63 89 189 1)
(113655 69863.1 -37144.1 266 366 1)
(113671 -63354 -39380.5 164 264 1)
(113683 -21083.1 -66501.4 163 263 1)
(113688 -50284.1 96564.2 366 466 1)
(113697 -64465.1 12071.1 586 686 3)
(113705 -45206.6 -80557 104 204 3)
(113720 -110348 -25435.3 164 264 1)
(113722 12154.7 -19267.3 552 652 3)
(113727 -25084.1 -111721 17 117 1)
(113729 -31087.5 -58555.4 484 584 3)
(113734 47349.7 115584 316 416 1)
(113737 -43128.8 20980 457 557 1)
(113751 -71075.2 -103726 545 645 1)
(113755 -54257.4 -113965 576 676 3)
(113757 -71358.7 90348 577 677 1)
(113765 -74362.9 -13204.4 121 221 1)
(113767 118753 -73518.2 134 234 1)
(113773 -14041.1 50209.3 246 346 1)
(113783 -3957.94 -102864 565 665 1)
(113784 33227.3 -15274.8 457 557 3)
(113791 67459.7 147731 158 258 1)
(113797 47423.4 -121753 321 421 1)
(113805 40274.6 -63449.2 59 159 1)
(113813 73530.3 -25286.4 190 290 3)
(113819 25239.2 -32364.4 591 691 3)
(113827 -38149.5 -75505.6 321 421 1)
(113835 72470.9 -74598.9 91 191 1)
(113836 -55266.1 -128806 132 232 1)
(113840 -57315.7 -141076 443 543 -1)
(113841 -46215.8 7892.68 274 374 1)
(113845 -26070.1 -140904 137 237 1)
(113849 -60266.9 -79828.4 156 256 1)
(113859 1117.75 61329 319 419 1)
(113861 -73393 -75587 253 353 3)
(113864 29161.1 -15193.1 135 235 1)
(113872 3895.95 -23080.9 312 412 1)
(113875 91690.2 -80691.5 509 609 1)
(113882 -60158.7 54184.9 100 200 3)
(113884 -9005.3 -51515.1 577 677 3)
(113892 -84330.9 -135894 152 252 1)
(113909 40274.8 30069.4 24 124 1)
(113913 54367.1 -42451.6 387 487 3)
(113923 -96592.9 -118868 388 488 1)
(113927 107811 -21286.4 509 609 1)
(113928 -22116.8 38237.2 501 601 1)
(113936 21190.1 -60497.5 252 352 -1)
(113942 -10000.8 71370.7 617 717 1)
(113944 -7971.13 -33318.9 48 148 1)
(113949 -60728.8 -42584.9 9 109 1)
(113952 -117717 -5151.42 397 497 3)
(113959 40375 97548.3 603 703 3)
(113975 -30115 -41407.3 124 224 1)
(113979 85636.5 -48471.1 466 566 1)
(113983 7083.39 -37290.4 7 107 1)
(113984 55237.2 -124980 384 484 1)
(113986 90657.7 -26311.1 370 470 3)
(113987 52387.8 61320 198 298 1)
(113989 -59197.1 95443.1 87 187 3)
(113995 51264 -33260.1 71 171 1)
