(51000 -106724 -81760.9 615 715 1)
(51011 -82416.4 -9202.11 181 281 1)
(51028 34263.2 18792 346 446 1)
(51030 42340.5 -146062 369 469 -1)
(51032 9146.18 13887.7 281 381 1)
(51038 -79567.4 10686.9 504 604 1)
(51048 -65409.5 68325.6 557 657 1)
(51050 31205.2 -93851.3 472 572 3)
(51052 91595.4 110535 326 426 1)
(51053 10081.4 -123871 139 239 1)
(51054 47327 -46530.8 627 727 1)
(51059 16153 -101745 202 302 1)
(51070 6063.64 131637 118 218 1)
(51072 111589 -49326 1 96 1)
(51073 72591.5 -7142.94 544 644 1)
(51076 27192.3 34148.7 252 352 3)
(51084 48294.8 -31400.5 608 708 1)
(51094 -43270.5 141709 545 645 1)
(51102 20214 10863.6 430 530 1)
(51113 -46937.2 -124859 475 575 3)
(51115 -121668 -101715 331 431 3)
(51119 23209.1 -147945 176 276 1)
(51161 122916 100520 212 312 3)
(51168 21103.5 149671 16 116 1)
(51181 -28058.1 -56496.1 194 294 3)
(51188 26200.8 123683 387 487 1)
(51191 -109579 -130902 142 242 1)
(51194 53383.5 -19227.3 188 288 1)
(51198 -41277.6 -58633.1 501 601 1)
(51201 68473.9 60179.9 51 151 1)
(51208 -28140.8 -16284.7 425 525 1)
(51210 23191.6 43110.3 120 220 1)
(51217 22226.9 21006.5 525 625 1)
(51223 6086.85 122757 617 717 1)
(51227 -84524.6 -68609.9 619 719 1)
(51237 83493.7 -16195.1 224 324 1)
(51240 -37149.8 -82577.3 47 147 3)
(51245 29230.3 -97756.4 264 364 1)
(51248 78611.7 -10360 547 647 3)
(51251 -24080.8 -1044.32 217 317 3)
(51254 -79427.8 -27295.9 284 384 1)
(51257 -101466 -118758 132 232 1)
(51258 -47276.8 -9179.15 527 627 3)
(51260 97533.5 -121860 445 545 1)
(51262 44335.6 13952.1 310 410 1)
(51263 120722 148715 68 168 1)
(51265 45311.4 -105741 134 234 1)
(51277 76584.3 9926.51 502 602 1)
(51283 -101525 -79571.8 73 173 1)
(51288 113775 52423 384 484 1)
(51294 103639 -68503.7 114 214 1)
(51299 41375.8 -135142 422 522 3)
(51303 -123757 82411.1 454 554 1)
(51316 -87388.3 107393 1 94 1)
(51319 5061.65 63234.5 102 202 1)
(51327 66456.9 124570 147 247 3)
(51331 57452.6 -60389.2 195 295 1)
(51333 56476.3 109633 607 707 1)
(51338 -49881.7 60157.3 104 204 3)
(51347 -98473.1 -86668.8 275 375 3)
(51355 115727 -82610.4 184 284 1)
(51356 -39159.6 -12204.7 133 233 3)
(51363 105767 -142087 477 577 1)
(51368 -15000.8 -69554.4 209 309 3)
(51384 -30120.4 60295.6 386 486 1)
(51395 -10028.7 78406 369 469 1)
(51398 36353.4 -13194 202 302 1)
(51403 -41200.4 -96746.7 368 468 3)
(51405 25262.8 -67601.2 551 651 1)
(51407 73429.1 -60522.8 205 305 1)
(51418 27223.2 147721 191 291 1)
(51421 15164.8 30062.5 347 447 1)
(51422 -19037.3 -102752 253 353 1)
(51425 64632.3 79252.8 163 263 1)
(51433 58390.4 -49392.6 181 281 1)
(51437 44375.3 -4290.12 11 111 3)
(51438 46412.4 12869 450 550 1)
(51449 21305.7 112594 235 335 3)
(51455 56361.5 -33286.1 49 149 1)
(51458 -79427.9 55217.5 271 371 1)
(51476 -51266.2 45194 376 476 1)
(51479 -71362 -107752 202 302 1)
(51486 89640.7 19003.8 413 513 3)
(51496 -12028.9 121593 20 120 1)
(51497 12149.4 14067.3 265 365 3)
(51504 -114476 102433 3 103 1)
(51508 -85525 -34351.5 491 591 1)
(51524 122983 80444.7 462 562 1)
(51526 -97815.6 50142.2 336 436 1)
(51527 -46270.7 -111951 618 718 1)
(51529 -81494.1 -2230.03 301 401 1)
(51531 -37117.4 -1073.36 159 259 1)
(51547 6087.2 -140984 311 411 1)
(51555 45383.4 -53515.7 561 661 -1)
(51572 -27261.5 -17618.7 31 131 1)
(51575 41449.1 54119.2 424 524 1)
(51577 -103507 -105705 22 122 1)
(51583 -80282.6 124859 559 659 1)
(51588 124889 -125938 434 534 1)
(51594 -5985 -120752 5 105 1)
(51595 57457.9 858.442 280 380 3)
(51597 -102601 -137028 494 594 1)
(51598 -67388 97487 400 500 1)
(51611 -18068 90526.3 476 576 1)
(51618 112684 -19220.3 80 180 3)
(51620 1081.35 -139077 497 597 1)
(51635 13167.1 -63471.1 252 352 3)
(51642 78647.9 22048 431 531 1)
(51647 -118745 -3160.88 467 567 1)
(51656 40351.1 142048 585 685 1)
(51665 61392.4 49185 227 327 1)
(51684 74420.2 -7024.48 91 191 1)
(51687 -108724 -23224 262 362 1)
(51692 11188.6 -86550.6 560 660 1)
(51693 54189.5 866.828 10 110 1)
(51694 -25109.3 38109.1 314 414 1)
(51696 -69347.9 77288.6 104 204 1)
(51704 36256.5 49179 79 179 1)
(51711 31377.3 -16059.2 582 682 1)
(51717 -79419.9 -76638.4 417 517 1)
(51721 78463.2 -123973 295 395 1)
(51724 -37278.6 -60611.4 386 486 1)
(51731 84527.3 82411.4 497 597 3)
(51757 -48354.7 -13260.6 578 678 1)
(51763 -4934.2 -4168.51 367 467 1)
(51765 19211.9 -60623.8 519 619 3)
(51767 -110585 -89633.4 305 405 1)
(51779 73333.1 -17835.1 389 489 1)
(51785 27252.4 28076.3 159 259 1)
(51786 -14029.2 56204.1 136 236 1)
(51789 -9050.97 115646 171 271 3)
(51793 -36234.5 -147003 183 283 1)
(51798 35262.3 99406.4 13 113 1)
(51800 55433.4 148922 34 134 3)
(51802 -21055.1 30072.4 534 634 3)
(51803 -111641 -127990 449 549 1)
(51804 38215.7 -137737 93 193 3)
(51805 71339.6 -9094.21 170 270 1)
(51806 -72426.4 65286.1 506 606 3)
(51811 -7980.1 -32325.6 229 329 1)
(51813 32292.8 -57503 406 506 1)
(51818 -21095 -86673.9 418 518 1)
(51819 59413.5 -91662.8 333 433 1)
(51821 38345.3 -144150 505 605 1)
(51822 -115904 -40428.6 459 559 1)
(51824 -107541 -62611.4 499 599 3)
(51826 -69217.9 -29139.6 8 108 1)
(51828 -31099.4 -4102.17 14 114 1)
(51835 30190 -97521.4 20 120 1)
(51840 34192 62295.3 494 594 1)
(51842 -116599 -29244 86 186 1)
(51845 78490 -106736 134 234 1)
(51864 68478.4 45176.4 96 196 1)
(51869 8113.59 -30332.2 357 457 3)
(51873 -17036.4 75233.2 168 268 3)
(51887 -88496.4 -24268 414 514 3)
(51908 -86465.7 -18039.6 607 707 1)
(51909 122790 -37272.5 388 488 1)
(51916 59446.4 16948.5 578 678 1)
(51923 -39254 7898.33 129 229 1)
(51936 -42185.9 -98709.2 259 359 3)
(51938 -116128 -127059 561 661 1)
(51941 -51233.6 -123764 86 186 1)
(51944 100483 -80534.7 103 203 1)
(51945 101814 49169.9 401 501 3)
(51957 -28134.4 -27266.9 446 546 1)
(51977 -89419.8 -93619.4 57 157 1)
(51979 34313.9 101555 421 521 1)
(51985 -55323.2 -26397.8 431 531 3)
(51988 22202.8 46193.3 275 375 1)
