(126002 14166.3 94508.6 547 647 3)
(126003 116799 -11135.2 193 293 1)
(126006 79468.5 15966.6 30 130 1)
(126007 -74429.4 99480.1 239 339 1)
(126011 -79519.1 -54588.6 499 599 1)
(126024 -121697 31203.9 604 704 1)
(126032 46270.8 80306.4 27 127 1)
(126034 -96607.2 -45257.8 145 245 1)
(126037 -112553 -16150.5 262 362 3)
(126040 -28072.1 -41357.6 335 435 3)
(126042 29230.8 -135129 561 661 1)
(126047 46442.3 147983 372 472 1)
(126056 -77846.7 37052 559 659 1)
(126064 10216.6 -140921 141 241 1)
(126066 123749 -31272.6 380 480 1)
(126068 -28134.3 -74845.5 610 710 3)
(126071 41324.6 -85664.9 360 460 3)
(126079 -98599.8 25072.3 535 635 1)
(126086 -82121.1 -59376.8 20 120 3)
(126087 -49020.7 102609 231 331 1)
(126089 23447.8 106615 531 631 1)
(126100 -62303.5 -113714 40 140 1)
(126110 98778.4 -14268.5 374 474 3)
(126114 109856 112655 627 727 1)
(126116 -68207.1 -126655 273 373 1)
(126117 -91552.4 -69609.7 346 446 1)
(126118 27353.3 -117886 342 442 1)
(126121 -22064.1 -132835 25 125 3)
(126125 28138.4 52129.3 341 441 1)
(126127 49438.9 -66633.1 342 442 1)
(126137 -121587 -147913 15 115 1)
(126141 68531.8 94488.8 487 587 1)
(126145 -39211.4 -33370.1 416 516 1)
(126146 -23081.9 25943.5 272 372 1)
(126153 -5964.97 -118797 108 208 1)
(126163 -91533.1 28024.1 475 575 1)
(126174 -9906.91 -145002 239 339 1)
(126180 -78423.6 132682 302 402 3)
(126184 -109569 -84722.7 446 546 1)
(126189 81588.7 17068.4 370 470 3)
(126210 112522 -137978 174 274 1)
(126212 -61214.6 93515.3 401 501 1)
(126219 -7926.05 -32324.2 180 280 1)
(126225 -9018.44 -11182.4 414 514 3)
(126237 105646 -56425.6 287 387 1)
(126239 -13165.1 15963.2 363 463 3)
(126243 -31113.1 -124787 29 129 1)
(126250 70395.5 -122801 6 106 1)
(126251 -24975.6 -30316.3 88 188 1)
(126260 19173.4 -141987 393 493 1)
(126261 -61227 -109743 466 566 1)
(126275 -72325.2 -106720 79 179 1)
(126276 45341.4 118600 202 302 3)
(126277 -33210.2 -20256.7 391 491 1)
(126282 10031.8 -1972.42 323 423 1)
(126285 21139.1 -124812 120 220 3)
(126286 32229.2 -68484.6 7 107 1)
(126290 69379.5 -27331 362 462 1)
(126294 -107636 41136.1 449 549 1)
(126301 71398 76366.9 63 163 3)
(126302 76592.4 -103820 462 562 1)
(126303 9160.07 64390.6 629 729 3)
(126308 9556.62 -146109 180 280 1)
(126313 84697.4 -65460.5 291 391 3)
(126316 -79745.3 71387.5 516 616 1)
(126318 -105678 -26407.6 532 632 1)
(126319 69552.2 -33334.6 397 497 1)
(126339 28744.7 -33099.1 580 680 3)
(126351 -31125.3 -61532 420 520 3)
(126353 120761 108544 37 137 1)
(126367 -48289.6 -87578.8 1 100 1)
(126370 33268.1 10080.8 346 446 1)
(126372 39416.2 127742 452 552 3)
(126380 93673.8 -110899 438 538 1)
(126381 -75413.9 -91739.3 436 536 1)
(126383 -40213.6 -92739.2 417 517 3)
(126387 -44167.6 31136.1 3 103 1)
(126388 -30140.8 -20291.6 489 589 1)
(126400 -107.126 -85861.1 73 173 1)
(126401 74562.9 -41424.7 594 694 3)
(126410 -34055.1 95469.9 32 132 1)
(126411 -38139.8 -116777 63 163 3)
(126418 29253.3 -99794.1 428 528 3)
(126437 -54211.5 -132866 384 484 3)
(126441 101721 -63465.6 241 341 1)
(126442 -116733 19997.3 582 682 1)
(126443 61489.5 134853 438 538 1)
(126453 46353.3 -23274.2 329 429 3)
(126454 -97458.3 136739 432 532 1)
(126459 -26111.5 -72654.1 579 679 3)
(126466 122744 112517 123 223 3)
(126467 -46245.4 -2150.41 598 698 1)
(126472 -38213.6 -139106 572 672 1)
(126478 117779 -69540 264 364 1)
(126482 7349.65 -146131 375 475 1)
(126486 -73363.3 142857 462 562 1)
(126492 -65353.2 98515.1 556 656 1)
(126506 58386.8 -48425.6 186 286 3)
(126514 24242.1 3880.86 399 499 1)
(126518 -15076.6 -86748.8 315 415 1)
(126524 -123600 -98671.8 200 300 1)
(126527 -122872 -17196.1 531 631 3)
(126540 -27095.2 -88613.6 94 194 1)
(126542 65320.7 -26248.9 226 326 1)
(126543 18243.2 -15223.4 451 551 3)
(126550 86629.5 -120905 325 425 3)
(126552 37333.1 -28334.8 545 645 3)
(126556 -40127.9 -39497.7 39 139 1)
(126557 -99533.4 -61481.3 215 315 1)
(126564 25.6521 -147324 614 714 1)
(126567 -87554.1 -96880.1 582 682 1)
(126568 57381.1 11870.3 57 157 1)
(126581 73478 32026.6 55 155 1)
(126585 3076.28 53188.2 156 256 3)
(126594 46351.9 -67560.9 360 460 1)
(126597 -101628 -34284.3 520 620 1)
(126602 75574.8 -60517.5 578 678 3)
(126607 23213.3 100498 230 330 1)
(126614 -24061 99402 395 495 3)
(126618 27234.1 -112997 201 301 1)
(126632 -16060.2 -108734 150 250 1)
(126636 62398.4 -77542.2 51 151 1)
(126649 -80369.9 -148143 595 695 1)
(126651 -108568 88386.4 451 551 3)
(126653 114096 65229.1 593 693 3)
(126675 -115663 -57571.8 361 461 1)
(126681 -67372.3 34116 201 301 1)
(126683 -18131.7 -16277.7 420 520 3)
(126686 -41077 69533.7 309 409 1)
(126687 95439.2 -85798 287 387 1)
(126693 -13034.2 -68490.4 44 144 1)
(126697 5121.36 15964.4 606 706 1)
(126700 -22085 40123.6 283 383 3)
(126706 3956.18 -119570 195 295 1)
(126709 -58331.6 -134867 206 306 1)
(126710 88724.8 149668 612 712 3)
(126711 3127.09 -147260 545 645 1)
(126717 95752.6 17795.2 13 113 1)
(126719 87601.9 4886.19 364 464 1)
(126726 -7144.69 131645 378 478 1)
(126739 -44081.2 43128.8 307 407 3)
(126744 97572.1 -4051.83 3 103 1)
(126753 -41166.8 -135792 110 210 1)
(126754 40345.8 148834 390 490 3)
(126759 16174.7 -122898 320 420 3)
(126762 -113709 66407.9 465 565 1)
(126773 -38157.8 -97702.1 169 269 3)
(126780 73478.8 33162.5 123 223 1)
(126783 -76341 -29631.3 48 148 1)
(126784 27293.1 49158 343 443 1)
(126785 1100.31 -137988 331 431 1)
(126787 93707.8 14940.7 388 488 1)
(126793 -53338.1 2873.44 440 540 1)
(126797 10047.2 -131950 99 199 1)
(126802 98593.3 -68501.2 118 218 1)
(126804 64551.3 -89619.5 418 518 3)
(126811 -88481.5 -66468.3 343 443 1)
(126815 -101564 -80649.8 308 408 1)
(126827 -49158.4 1773.42 75 175 1)
(126831 26290.9 3895.38 388 488 1)
(126839 20198.4 -35324.2 340 440 1)
(126842 42.8931 25944.8 29 129 3)
(126844 40446.5 -47366.1 260 360 1)
(126845 -32127.3 -64538 318 418 1)
(126858 -78404.6 -115856 370 470 1)
(126865 -66395 -38586.3 607 707 1)
(126873 46363.4 30071.9 536 636 1)
(126876 -33159.3 -12204 389 489 3)
(126881 85556.2 -48349.5 322 422 1)
(126882 -55359.9 -66409.2 32 132 1)
(126884 65378.2 119569 507 607 3)
(126892 29223.6 -27173.1 146 246 1)
(126899 -109639 -144074 369 469 3)
(126902 -84396.6 -27245.5 1 99 3)
(126910 11198.9 -43526.3 620 720 1)
(126911 54451.5 126617 218 318 1)
(126915 110710 77347.6 190 290 1)
(126919 -67304.1 87340.4 95 195 3)
(126921 61437 -103858 610 710 1)
(126924 -42336.9 -48317.8 63 163 1)
(126928 22725.4 -48412.1 408 508 1)
(126931 -35209 -145948 380 480 1)
(126935 98583.9 24064 163 263 1)
(126936 -31112.4 -19300.1 467 567 1)
(126938 -122790 -65724.1 48 148 1)
(126960 -57350.2 83391.7 176 276 1)
(126963 -59298.4 -90730 94 194 1)
(126971 -75342.6 18970 110 210 1)
(126980 -39267 149836 374 474 1)
(126985 77518.6 -8193.64 439 539 1)
(126986 20156.2 6910.64 21 121 3)
(126989 -35283.4 -8107.24 29 129 1)
(126993 104855 -66649.1 563 663 1)
(126995 39415.6 114631 334 434 1)
(126996 -32115.2 42159.8 460 560 1)
