(157010 41274.1 -99777.6 141 241 3)
(157012 18176.7 30044.1 447 547 1)
(157016 -45258.5 -146198 548 648 1)
(157017 62488.7 69303.8 559 659 1)
(157020 -44026.6 12987.6 126 226 3)
(157021 -42187.3 51166.4 133 233 3)
(157022 -58251.5 -11172.1 58 158 1)
(157023 -88563.9 -99845.2 608 708 1)
(157035 -87482.3 15967.4 327 427 1)
(157038 -45149.6 78317.9 546 646 3)
(157041 -13016.7 -141119 44 144 3)
(157047 -11041.7 25048 537 637 1)
(157048 -82372.3 -144982 103 203 1)
(157050 54439.1 -42422.4 266 366 1)
(157052 66524.8 -71563.3 119 219 1)
(157055 113488 -70547.3 1 99 1)
(157059 62427.4 16970.1 309 409 3)
(157071 9103.51 -137079 551 651 1)
(157079 -83506.4 60270.1 516 616 1)
(157081 -124687 -63403.5 57 157 1)
(157093 -21077.7 56230.6 200 300 1)
(157097 -103585 88338.5 62 162 1)
(157099 -5970.51 -117937 511 611 1)
(157101 17267.5 -112820 342 442 1)
(157107 -85704.3 26062.5 473 573 1)
(157108 8094.14 -109698 31 131 1)
(157123 11087.8 -21325.3 62 162 1)
(157129 36315.8 86356.6 233 333 1)
(157139 -10025.6 27041.9 434 534 1)
(157144 106595 -34199.5 235 335 3)
(157147 -60338.1 -126015 555 655 1)
(157159 75433.7 42206.9 64 164 1)
(157170 -123635 -82582.8 71 171 3)
(157174 -33118.1 -90574 61 161 1)
(157175 -5044.42 136663 5 105 1)
(157178 -100581 -147955 310 410 1)
(157179 9176.49 -20277 325 425 1)
(157181 17169 -27301.9 354 454 1)
(157187 -57270.5 -89614.1 375 475 1)
(157193 21228.6 -18266.7 583 683 1)
(157196 -35127.9 -57474.4 185 285 3)
(157198 -90506.1 97435.8 265 365 1)
(157208 -60374.3 74248.8 105 205 1)
(157226 60473.6 33336.8 220 320 1)
(157228 -98544 62350.1 87 187 3)
(157229 91677.1 -27374.1 603 703 1)
(157239 -20012.8 27983.2 253 353 1)
(157240 94381.2 9636.38 280 380 1)
(157247 -32145.8 21002 392 492 1)
(157251 -58150.3 39257.6 517 617 1)
(157254 46434.8 148021 547 647 1)
(157256 26477.7 39956.6 393 493 1)
(157266 48385.6 -32312.9 157 257 1)
(157274 -2944.55 -22253.3 223 323 1)
(157291 69445.7 -139787 206 306 3)
(157299 88627.8 -83676 357 457 1)
(157307 123899 -112917 504 604 1)
(157313 -20058.6 21069.3 186 286 3)
(157314 104673 -69535.9 251 351 3)
(157319 19182.6 -23317 558 658 3)
(157330 55464.2 143941 615 715 3)
(157331 36242.4 -55508.8 275 375 1)
(157333 -3961.84 138688 279 379 1)
(157336 7326.33 -95498 16 116 1)
(157350 41342.4 -61547.5 474 574 3)
(157357 -46311.6 114584 625 725 1)
(157368 -89435.3 -113716 8 108 1)
(157372 -107570 79350.3 195 295 1)
(157373 -18037.8 140855 610 710 1)
(157378 -82396.7 -13297.3 126 226 1)
(157389 28319.2 -56485.3 358 458 1)
(157396 -71414.7 70309 208 308 1)
(157399 -30154.2 4871.5 145 245 3)
(157402 -41202.9 -90652.5 258 358 1)
(157403 -4977.55 -23364.8 54 154 1)
(157405 115776 72327.1 310 410 1)
(157413 118794 97480.4 254 354 1)
(157416 73547.8 85419 412 512 1)
(157422 -5966.79 -12189 130 230 3)
(157423 -6975.1 -127996 500 600 1)
(157430 -47924.1 50140.8 18 118 1)
(157444 -115671 80155.9 529 629 3)
(157453 -13024.9 -31345.3 170 270 1)
(157461 -28093.9 -25250.1 14 114 1)
(157466 -37166.5 -119825 175 275 1)
(157469 -124696 98122.7 473 573 1)
(157470 90581.1 -66480.9 113 213 1)
(157473 37301.5 17957.8 266 366 1)
(157474 86591.8 20081.9 614 714 1)
(157480 9110.66 -52503.6 255 355 3)
(157483 -33162.2 -9272.04 581 681 1)
(157488 -121790 -39409.6 589 689 1)
(157493 22252.8 -51494.9 616 716 1)
(157499 82600.8 -90551.1 140 240 3)
(157504 54432 138565 62 162 1)
(157505 -3005.18 85312 362 462 1)
(157509 -124629 19975 79 179 1)
(157521 54446.5 -24298.2 390 490 1)
(157529 25193.4 -8176.18 156 256 1)
(157536 36341.6 8911.75 366 466 3)
(157540 16054.9 -84853 320 420 1)
(157544 26318.4 -92771.7 293 393 1)
(157548 20093.3 -53558.4 564 664 1)
(157551 -27270.8 51073.1 399 499 1)
(157554 -6954.8 -136127 611 711 1)
(157558 -121579 -30261.7 32 132 1)
(157559 60495.9 52509.3 611 711 1)
(157563 -63941.4 -25178.3 131 231 1)
(157578 -89417.3 -107711 1 100 3)
(157592 -86497.2 58235.8 292 392 1)
(157601 -36148.8 133742 151 251 -1)
(157602 -17061.2 126757 574 674 1)
(157612 -109459 15903.7 142 242 1)
(157613 24256.9 110631 314 414 1)
(157615 -114632 -108813 283 383 1)
(157627 11259.2 -115904 423 523 3)
(157632 44297.8 105429 16 116 1)
(157639 -23083.7 -87663.2 275 375 1)
(157640 6106.38 -47396.2 215 315 1)
(157642 29213.5 -66499.8 47 147 1)
(157650 31148.4 -135979 293 393 3)
(157654 -18022 -36330.8 128 228 1)
(157660 66542.9 71416.2 287 387 3)
(157667 45374.8 3796.18 285 385 1)
(157668 -9982.43 -144963 149 249 3)
(157677 -107606 -53449.8 284 384 1)
(157680 33270.1 -40342 128 228 1)
(157687 -63320.8 -135890 159 259 1)
(157698 6094.64 -88722.4 438 538 1)
(157699 -45206.7 66250.5 126 226 1)
(157709 14140.8 21010.3 291 391 1)
(157725 -112736 119688 511 611 3)
(157726 95600.5 81328.7 109 209 3)
(157737 -964.573 66235.5 138 238 3)
(157741 20193.4 -5111.88 34 134 1)
(157742 80517.7 -96595.3 15 115 1)
(157743 -54264.9 -102741 244 344 1)
(157748 4105.23 -133069 574 674 1)
(157755 87574.9 139662 144 244 1)
(157770 99451.4 141819 284 384 1)
(157773 7050.59 1891.18 69 169 1)
(157780 -122682 -3049.55 54 154 1)
(157786 -61284.2 31035.2 354 454 1)
(157788 32349.5 -62334.4 337 437 3)
(157791 15176.6 111654 392 492 1)
(157797 98674.3 51190.8 323 423 1)
(157812 113656 -90612.7 46 146 1)
(157813 48412.4 -137116 624 724 1)
(157814 -38151.7 -41266.5 564 664 1)
(157816 -21063.4 -25329.4 572 672 3)
(157817 36288.3 109547 291 391 1)
(157830 -67364.4 12975.9 131 231 1)
(157840 115829 -113927 480 580 1)
(157844 34233.5 147791 179 279 1)
(157846 67316 -128699 36 136 1)
(157856 20174.7 -21241.4 131 231 1)
(157858 -69421.9 -128066 407 507 3)
(157866 40389.2 43179.2 575 675 1)
(157870 44302.2 -20247.2 157 257 3)
(157880 -114663 -53446.2 319 419 1)
(157886 85554.2 38106 112 212 1)
(157891 64416.9 68250.9 166 266 1)
(157909 86645.2 69311.6 455 555 1)
(157915 -121965 57212.6 286 386 1)
(157919 -1960.13 18991.8 417 517 1)
(157925 118722 -48404.2 173 273 3)
(157926 107226 -138409 99 199 1)
(157928 89700 69289.2 621 721 1)
(157932 33270.2 4895.22 363 463 1)
(157940 37480.4 25071.9 544 644 1)
(157944 -87483.8 -96744.5 351 451 1)
(157949 -29109.7 -56326.3 173 273 1)
(157952 -13116.8 -109703 273 373 1)
(157954 -14000 68309.6 204 304 1)
(157961 13136.5 -40356.4 356 456 1)
(157974 -119718 -109699 230 330 1)
(157989 27244.6 30227 251 351 1)
