(168005 -77440.3 -4172.26 154 254 1)
(168006 1914.42 -136720 34 134 1)
(168021 15161.7 -118881 344 444 1)
(168025 28229.5 114561 238 338 1)
(168032 16186.4 -52437.2 209 309 1)
(168046 -69377.9 -95740.2 361 461 1)
(168047 9060.82 84318.4 42 142 1)
(168048 -3948.99 67300.1 409 509 3)
(168051 -16057.3 -10174.2 35 135 1)
(168053 -91507.1 -133963 298 398 1)
(168058 -79583.1 147780 230 330 1)
(168071 120834 55281.1 519 619 1)
(168072 54253.3 -90627.8 178 278 1)
(168075 -30040.2 -7082.24 96 196 1)
(168076 -60247.3 -88484.1 155 255 3)
(168081 26254.7 -77564 91 191 1)
(168083 -40155.3 -57505.5 422 522 1)
(168090 61341.8 86368 182 282 1)
(168093 -11090.9 -27378.5 448 548 1)
(168098 25403.8 -91543.7 625 725 1)
(168100 98642.2 -72561.2 223 323 1)
(168111 -75403.6 -5202.63 305 405 1)
(168112 -34150.2 -130.073 99 199 1)
(168115 109784 -87769.9 504 604 1)
(168120 -45208.4 -79562.1 276 376 1)
(168124 24236.5 -117022 601 701 1)
(168125 40280.4 -6168.08 108 208 1)
(168133 75575.5 108596 392 492 1)
(168139 -114591 -41353.3 118 218 3)
(168141 100645 -12210.3 109 209 1)
(168143 -9000.73 130720 193 293 1)
(168151 -86374.3 9181.24 146 246 1)
(168158 72479.1 -88603.5 171 271 1)
(168163 73591.1 -104875 579 679 3)
(168176 110737 5774.78 180 280 1)
(168183 36269.8 23021.8 110 210 3)
(168188 24198.8 -49461.2 169 269 1)
(168195 -62486.2 96344.9 178 278 1)
(168201 -30182.9 -115830 459 559 1)
(168203 41341.1 -142025 311 411 1)
(168212 26217.6 -73564.5 224 324 1)
(168218 -38194.8 -17217.1 107 207 3)
(168220 60367.8 55238.2 45 145 1)
(168227 2012.28 55174.1 195 295 1)
(168234 -89500.4 145634 383 483 3)
(168247 24236.9 -52501.8 527 627 1)
(168249 32240 -3103.83 91 191 1)
(168253 49431.3 -96907.6 619 719 1)
(168257 -4980.05 4857.66 186 286 1)
(168261 -59249.9 -141999 177 277 1)
(168266 -65372.6 -107733 553 653 1)
(168282 -43214.7 56225.5 277 377 1)
(168290 64480.7 -137020 374 474 1)
(168292 -25067.1 94521 375 475 1)
(168303 74584.6 -47475 607 707 1)
(168305 -69382.4 -122970 443 543 1)
(168309 105917 -53121 370 470 1)
(168317 -17051.4 117600 283 383 1)
(168324 -38125.9 39098.5 16 116 1)
(168326 44342.8 -128890 140 240 3)
(168329 -88531.6 -112906 512 612 3)
(168335 12095.7 35299.8 62 162 1)
(168339 -48229.1 -58402.7 205 305 1)
(168342 -33924.3 -6142.95 322 422 1)
(168343 -25285.7 -80505.2 277 377 1)
(168352 107844 76331.2 419 519 1)
(168355 36298.5 123682 406 506 3)
(168357 -69331.3 -58594.1 559 659 3)
(168367 9093.04 -82731.8 523 623 1)
(168370 75668.6 109589 364 464 1)
(168373 -33131.8 106508 200 300 1)
(168378 999.526 146143 443 543 1)
(168384 34100.5 -13229.4 317 417 1)
(168385 -122758 127574 455 555 1)
(168389 -93592.2 12947.5 575 675 1)
(168394 84496.5 17993.7 12 112 1)
(168396 78708.3 29090.7 606 706 1)
(168409 -57317.3 4655.3 371 471 1)
(168411 -62303.7 -127820 282 382 3)
(168413 58246.9 -86440.3 243 343 1)
(168423 59377.5 -86592.9 58 158 1)
(168431 -93606.5 -148114 549 649 3)
(168438 -20058.5 -30419.7 529 629 1)
(168443 56484.5 -123018 604 704 1)
(168470 -29116.1 -16235.8 302 402 1)
(168480 93564.1 58231.5 182 282 1)
(168483 -101591 148779 488 588 1)
(168489 105978 143881 146 246 1)
(168490 5062.86 -126720 31 131 1)
(168492 -84386.3 136651 24 124 1)
(168507 64036.6 21395.5 329 429 1)
(168519 -72430.4 63289.1 554 654 3)
(168526 28367.9 -39513.2 122 222 1)
(168537 -28127.3 -13278.7 562 662 3)
(168541 83548.9 14963.8 194 294 1)
(168542 -114753 89478.7 617 717 1)
(168543 17131.4 39069.5 470 570 1)
(168551 -9825.73 52147.5 360 460 3)
(168556 87620.3 -113726 249 349 1)
(168559 33265.5 57222.8 29 129 1)
(168560 33281.8 43152 548 648 1)
(168562 13924.5 19008.5 175 275 3)
(168584 13168.9 -29249.7 66 166 3)
(168589 -89512.8 137843 569 669 3)
(168595 -10104 -89636.7 146 246 3)
(168597 -124768 -15255 368 468 1)
(168599 -37233.2 40148.1 557 657 1)
(168609 47346.1 -67384.8 281 381 1)
(168624 -45184.5 -7130.93 14 114 1)
(168627 -40269.1 -121157 441 541 1)
(168634 -16961.3 -325.783 386 486 1)
(168642 11145.4 99600 270 370 1)
(168644 60394.9 113570 213 313 3)
(168647 37305.8 -89712.6 366 466 1)
(168649 -42066.2 -108980 432 532 1)
(168650 84667.6 -64604.7 561 661 1)
(168653 -123640 123574 18 118 1)
(168654 -31945.4 132613 437 537 1)
(168679 -4019.51 -62458.6 135 235 1)
(168683 -15034.2 23016.1 592 692 1)
(168688 103.931 93506.7 235 335 1)
(168695 105789 118644 484 584 1)
(168699 -105553 -47400.8 169 269 3)
(168716 66313.3 -1232.41 1 100 1)
(168722 64738.6 76212.1 250 350 1)
(168731 -51296 -69661.5 595 695 3)
(168735 -37179.8 25046.8 240 340 1)
(168740 -3026.57 34344.4 433 533 3)
(168751 6100.66 -78669.6 528 628 1)
(168754 39343.4 -81980.1 518 618 1)
(168764 13147.2 9895.27 219 319 1)
(168767 78325.7 -3078.63 38 138 1)
(168768 -15037.7 -25258.2 159 259 1)
(168782 71480.8 -48326.8 90 190 3)
(168788 12099.2 -123184 418 518 1)
(168795 -65315.5 -12202.6 106 206 3)
(168801 -34854.2 66388.2 241 341 1)
(168802 -30064.5 -56298.1 357 457 3)
(168803 -14003.9 1708.2 326 426 1)
(168805 107710 -19298.9 266 366 1)
(168807 16286.6 128821 611 711 1)
(168812 99634.7 25036.8 69 169 1)
(168815 -44276.7 -66.0892 340 440 1)
(168818 5118.27 -16225.1 239 339 1)
(168824 80565.6 -50443.6 436 536 1)
(168831 82581.4 -82764.3 413 513 1)
(168832 58395.6 56203.7 200 300 1)
(168839 101337 -72501.1 541 641 1)
(168843 98745.5 -21290.9 517 617 1)
(168859 107759 -78659.7 387 487 3)
(168863 -10060.7 -12337.3 305 405 1)
(168865 -11180.5 34022.8 34 134 1)
(168867 29268.9 -54476.9 413 513 3)
(168870 -47240 -76596.5 323 423 1)
(168872 107673 -142896 85 185 1)
(168874 -60377.3 -24287.7 624 724 1)
(168882 17206.1 -41332.7 186 286 1)
(168884 -34143.1 -106755 266 366 1)
(168886 -75399.3 -137033 437 537 3)
(168887 -38131.3 28053.2 41 141 1)
(168896 105796 -117487 198 298 3)
(168899 88587.8 126671 253 353 1)
(168901 -59237.2 28887.6 176 276 3)
(168906 -20031.6 85314.3 339 439 3)
(168917 5104.71 -105883 567 667 1)
(168921 -6990.53 29013.9 570 670 1)
(168930 22885 -16394.6 122 222 1)
(168934 12215.8 -67440.6 83 183 1)
(168935 96660.2 -4150.48 431 531 1)
(168940 -13014.8 -68577.9 400 500 3)
(168942 17952.7 -138039 532 632 3)
(168944 100770 96367.4 307 407 1)
(168945 -10005.1 -111733 82 182 3)
(168949 -71367 -143005 167 267 1)
(168950 -25089.3 -93879.1 628 728 3)
(168952 -69306.3 -72516.9 86 186 1)
(168954 -48213.9 -48419 355 455 3)
(168958 25191.4 -74515 84 184 1)
(168963 107854 -86768.6 626 726 1)
(168967 -69390.3 -34275 39 139 1)
(168971 22197.6 144764 446 546 1)
(168978 -95473.6 -23217.3 259 359 1)
(168984 -10094.3 59331.6 499 599 3)
(168991 -82768.5 32262.8 378 478 1)
(168995 -124711 -63663.6 483 583 1)
(168997 -11959.2 136660 143 243 1)
(168999 -39066 95431.1 125 225 1)
