(8000 75474.3 134618 89 189 1)
(8002 10349.3 -32307.4 243 343 1)
(8006 100741 -42439.7 493 593 1)
(8008 111793 -57806.6 503 603 3)
(8012 76503.6 -114791 245 345 3)
(8015 -57298.1 75364.8 413 513 1)
(8025 -83399.7 -42347.7 56 156 1)
(8028 2075.88 79348.2 218 318 3)
(8031 65612.5 57196 74 174 3)
(8032 -10022.3 94407.4 45 145 1)
(8041 19174 76333.8 267 367 3)
(8043 31301.7 -29336.4 365 465 3)
(8045 -68428.8 149645 37 137 1)
(8054 68460 -17246.4 558 658 1)
(8055 -93511.6 -51549.3 329 429 3)
(8064 -119700 -80545.1 117 217 1)
(8067 -26115.2 -20274.8 420 520 1)
(8071 -25078.5 25054.4 1 101 1)
(8086 -61290.1 66356.6 475 575 1)
(8095 -80515.4 82278.7 173 273 1)
(8097 30228.8 -36443.7 367 467 1)
(8098 -61386.1 -70615.1 521 621 1)
(8104 -110579 -147114 336 436 1)
(8119 -43194.6 -52445.7 571 671 3)
(8120 74585.2 16963.6 553 653 3)
(8134 5098.66 -32335.8 520 620 3)
(8139 -107502 114490 51 151 3)
(8140 3120.82 -79598.6 146 246 1)
(8143 36243.1 -60440.8 88 188 1)
(8145 32303.9 -26335.9 611 711 1)
(8155 -78458.6 -92711.3 393 493 1)
(8159 -2885.44 -31294.3 226 326 1)
(8160 6092.35 -78641.8 491 591 3)
(8170 21208.4 127771 391 491 1)
(8173 -22044.9 -54400.2 50 150 1)
(8177 34298.8 -45442.7 478 578 1)
(8178 108855 124789 555 655 1)
(8186 -65366.6 59289.4 390 490 3)
(8196 -10942.4 -81620.1 289 389 1)
(8198 88554.4 35141.2 218 318 3)
(8200 83755.1 -96835.7 524 624 1)
(8204 90703.7 -28349.2 568 668 3)
(8205 -87530.8 -121009 519 619 1)
(8212 -51234.8 -31366.9 245 345 1)
(8215 121836 -21266.3 103 203 1)
(8220 -52291.9 1893 391 491 1)
(8221 87634 89424 189 289 1)
(8238 -88440.8 -25281.6 202 302 1)
(8241 -2957.79 -11180.4 128 228 3)
(8255 -115740 -40279.6 66 166 3)
(8263 62374.4 129553 70 170 1)
(8269 80619.2 -98775.3 486 586 1)
(8275 -37054.5 149864 581 681 1)
(8284 55416.7 -149079 361 461 1)
(8286 43357.8 32102.9 296 396 3)
(8287 -23047.4 -21164.5 124 224 1)
(8303 -112738 -116089 447 547 1)
(8310 22191.4 -55450.8 211 311 1)
(8323 5121.72 -47382.3 80 180 1)
(8331 -65419.2 14962.3 347 447 1)
(8334 -67375 -77494.3 206 306 1)
(8339 13143.7 26058.3 33 133 3)
(8352 985.749 124896 588 688 1)
(8359 14092.9 104605 141 241 1)
(8361 29278.2 -132958 278 378 3)
(8368 -76481.8 -45462.7 473 573 1)
(8377 118856 -68588.4 432 532 3)
(8378 119897 -13214 467 567 1)
(8379 14158.4 -36373.5 590 690 1)
(8395 112706 -15292.4 87 187 1)
(8401 -41195 -98718.9 249 349 1)
(8409 23242.4 -81660.8 408 508 1)
(8427 -67323 113504 220 320 3)
(8428 -29053 -20290.9 428 528 3)
(8430 -73336.9 -61667.2 433 533 1)
(8432 -44185.6 -101692 133 233 3)
(8449 65470.8 100549 314 414 1)
(8455 39322.9 -34435 461 561 3)
(8456 -46227.3 49204.8 427 527 1)
(8472 46334.6 126710 1 96 1)
(8477 8108.6 -148967 147 247 1)
(8480 -112660 -138925 298 398 1)
(8504 -12997.1 114793 574 674 1)
(8528 -5982.02 -35287.3 47 147 1)
(8529 60452.3 136877 523 623 1)
(8531 -23290.7 9766.55 183 283 1)
(8534 119647 -148138 198 298 1)
(8535 11155.6 126690 513 613 3)
(8538 -90558.6 25024.5 563 663 1)
(8541 -31082.6 -110754 179 279 3)
(8542 -18094 -50528.4 243 343 1)
(8555 -1863.15 -90571.6 370 470 1)
(8563 -9889.82 -142095 342 442 1)
(8587 -19034.6 -144876 4 104 1)
(8590 -27088.7 -95716 232 332 1)
(8604 -5974.48 -21228 136 236 3)
(8612 -81389.4 -61444.9 29 129 1)
(8623 -50305.8 -44452.5 565 665 1)
(8625 -104637 -136149 598 698 3)
(8641 -110590 54099.1 519 619 3)
(8644 -122708 -80654.3 328 428 1)
(8646 -20967.5 104537 609 709 1)
(8659 -52251.4 18975.6 490 590 1)
(8662 -22073 109516 202 302 1)
(8666 -80370.9 22012 98 198 1)
(8678 70490.5 -111770 345 445 1)
(8689 -54230.2 58214 105 205 1)
(8703 81621.4 -82765.8 589 689 1)
(8706 -37182.1 60255.3 243 343 3)
(8707 -49275.5 23035 511 611 3)
(8708 21239.7 -86654.5 361 461 3)
(8716 -98733.1 26076.7 531 631 1)
(8719 -93485 -148863 14 114 1)
(8726 99584 -12209 140 240 1)
(8735 9101.98 -36386.4 465 565 1)
(8740 96418 24972.8 71 171 3)
(8757 -36194.7 -18268.5 566 666 1)
(8758 -100603 24087.2 131 231 1)
(8761 -37091.8 143917 441 541 1)
(8764 -113633 28038.7 187 287 3)
(8765 -86539.8 -101832 601 701 1)
(8768 -41253.9 -73514.4 587 687 3)
(8773 -23065.1 -76614.4 360 460 3)
(8782 -65584.1 -100787 454 554 3)
(8785 121845 67250.7 334 434 1)
(8786 -85462.5 39938.2 80 180 1)
(8792 63680.6 44162.5 163 263 3)
(8793 -95664.1 -107958 522 622 1)
(8796 -59125.1 -42444.2 103 203 3)
(8799 -34185 80389.5 552 652 3)
(8800 -60367 102568 273 373 1)
(8805 76691.5 -37422.4 371 471 1)
(8812 27262.6 135731 487 587 1)
(8819 11126.3 106581 384 484 3)
(8824 96610.6 145711 142 242 1)
(8827 81502.5 -32286.2 1 98 3)
(8830 57452.8 -109899 477 577 1)
(8841 108845 -34394.5 621 721 1)
(8844 81311.7 -62847.6 541 641 1)
(8846 20311.6 -84500.2 256 356 3)
(8848 -25059.5 45143 8 108 3)
(8853 -54873.8 94224.2 549 649 1)
(8857 -3980.28 52206 225 325 3)
(8861 27318.4 -89748.7 261 361 1)
(8862 41324.1 84432.7 466 566 1)
(8864 3092.02 -48431.1 289 389 1)
(8871 12150.4 -10204.7 455 555 3)
(8872 -58415.5 -129756 150 250 1)
(8876 11156.7 -38365.6 428 528 1)
(8880 -87513.2 127708 488 588 1)
(8882 -115643 -38604.4 625 725 1)
(8883 -18021.5 -128861 121 221 3)
(8885 -87406 -102708 119 219 1)
(8889 -25073.5 147862 128 228 1)
(8890 -50227.2 81346.9 132 232 1)
(8893 111754 -19306.5 361 461 3)
(8894 51407.2 56201.5 239 339 1)
(8912 53396.6 -98770.8 437 537 3)
(8914 85647.2 2881.4 501 601 1)
(8916 54373 10925.6 236 336 1)
(8918 -74302.6 -34304.9 27 127 1)
(8926 -52446.1 -53118.8 422 522 1)
(8927 -63201.6 -81301.6 73 173 1)
(8929 42306.5 11940.7 232 332 3)
(8935 51382.6 -143124 452 552 1)
(8971 19201.8 13985.3 329 429 1)
(8973 41406.7 24023.2 103 203 1)
(8978 56429 -14318 441 541 3)
(8985 -73386.2 70299.3 255 355 1)
(8986 -91491.5 -43393.4 272 372 3)
(8988 -116403 -80216.2 92 192 1)
(8993 -40177.7 72429.3 239 339 1)
(8998 -117657 112583 189 289 1)
