(43006 -82448.1 -3146.97 323 423 3)
(43007 -16866 123888 477 577 1)
(43009 -32168.3 -115970 613 713 1)
(43010 -63297.5 -101584 136 236 1)
(43021 30258.2 -12202.3 92 192 3)
(43025 -74441.9 4859.55 417 517 1)
(43027 -66309.2 -22223.4 1 95 3)
(43031 21194.7 137798 446 546 1)
(43032 -36162.2 -61591.6 486 586 1)
(43033 -28156.5 16084.3 288 388 3)
(43034 -111559 34085.3 152 252 1)
(43035 75549.8 -63424.3 190 290 1)
(43039 -82498.8 -87716.9 480 580 1)
(43043 -26131.1 -131096 627 727 1)
(43045 122705 84357 45 145 3)
(43066 -38170 -77539.3 39 139 1)
(43080 61396.8 -119747 40 140 1)
(43082 10102.3 -138997 282 382 1)
(43124 -123766 -105859 507 607 1)
(43130 -36150.6 -28299.9 278 378 3)
(43133 -108311 21281.8 430 530 1)
(43143 51375.8 -78486.6 78 178 1)
(43146 -51181.4 -33181.4 552 652 1)
(43147 51526.2 -56468.9 233 333 3)
(43160 -64371.2 -38401.1 572 672 1)
(43163 52337.7 -75515.6 21 121 1)
(43176 -7959.13 -122786 15 115 1)
(43177 -101580 23022.9 618 718 1)
(43180 32234.2 21004.1 94 194 1)
(43186 40404.9 17993.8 564 664 1)
(43194 4101.15 74327.5 400 500 1)
(43198 -61352.3 50267.7 9 109 1)
(43206 1078.84 17982.1 186 286 1)
(43213 -10049.4 -62462.6 353 453 3)
(43214 -30135.2 -117846 237 337 1)
(43234 84504.8 -95654.3 182 282 3)
(43250 12274.1 -39386.6 229 329 1)
(43259 -81368.3 26108 292 392 3)
(43263 53448.5 -82721 616 716 1)
(43266 21227.2 23991.5 338 438 1)
(43268 -43229.2 -3162.54 360 460 3)
(43270 99669 53134.4 545 645 1)
(43271 25243.6 -68517.5 106 206 1)
(43272 -66388.4 -44414.3 194 294 3)
(43280 72562.8 -27328.6 516 616 1)
(43290 -51285.8 81348.5 6 106 3)
(43291 -47265.5 -21299.1 576 676 1)
(43294 -20345.8 -84913.9 89 189 3)
(43297 124976 41233.2 590 690 3)
(43298 119708 114550 137 237 1)
(43300 64585.2 -59539.7 356 456 3)
(43303 15186.3 -41388.4 401 501 1)
(43304 -57337.1 -47499.7 275 375 1)
(43307 -111568 -13221 202 302 1)
(43326 18185.5 107568 447 547 3)
(43336 82539 79342.1 183 283 1)
(43338 64506.9 78393.3 472 572 1)
(43339 2131.16 -84453.5 554 654 3)
(43357 36275.9 107496 155 255 1)
(43362 -118802 76393.6 330 430 3)
(43368 50315.3 -37372.8 403 503 3)
(43369 -12921.5 -70661.3 520 620 1)
(43386 -91431.2 -74509.6 29 129 3)
(43387 -50267.2 149859 439 539 3)
(43390 -56316.4 -21281.6 486 586 3)
(43391 109739 62258.9 256 356 1)
(43399 -30731.7 -143293 535 635 1)
(43403 -60208.3 143700 243 343 1)
(43404 38325 108539 223 323 1)
(43406 108855 44392 463 563 3)
(43410 -23108.5 141783 250 350 1)
(43414 -62369.8 -87709.4 329 429 1)
(43422 -12007.5 138512 14 114 1)
(43428 -90516.4 -128983 406 506 1)
(43430 -765.486 -9408.59 540 640 3)
(43432 -60288.3 -57418.6 202 302 1)
(43434 62505.1 -120992 582 682 1)
(43435 -52333.1 11928.7 517 617 1)
(43437 17193.7 -62541.5 429 529 1)
(43446 89552.7 51203.7 104 204 3)
(43447 -124749 -10101.4 535 635 1)
(43448 -70441.3 -117891 490 590 1)
(43454 -65968.3 129293 484 584 3)
(43463 33338.4 -72506.9 583 683 3)
(43469 -101553 50202.7 189 289 1)
(43472 -7090.09 27157.4 311 411 1)
(43474 49.68 -46367.5 239 339 1)
(43478 5019.8 -115912 498 598 1)
(43484 -112805 -72687.3 545 645 1)
(43489 10247.6 106683 62 162 1)
(43493 45351 100472 159 259 1)
(43495 122779 -80668.2 241 341 1)
(43497 -10003.2 74430.4 171 271 3)
(43504 -30136.9 58301.2 330 430 1)
(43506 47373.6 -46620.1 203 303 1)
(43507 34283.1 -32229.9 107 207 3)
(43511 -25.4288 -62577 151 251 3)
(43527 3030.35 -76551.6 55 155 1)
(43533 99735.7 -14296.3 489 589 1)
(43536 -93447.5 -62444.3 151 251 1)
(43537 -23076.9 -28272.8 61 161 1)
(43539 -83459.8 10143.8 504 604 3)
(43542 72605.9 129751 264 364 1)
(43546 -75487.2 -50450.5 316 416 3)
(43566 -95618.9 23997.1 605 705 1)
(43574 -6016.01 -101852 459 559 1)
(43575 102702 -149048 336 436 1)
(43581 104718 -60335.3 179 279 1)
(43585 -65323.5 119649 188 288 1)
(43591 -38364.1 125809 252 352 1)
(43600 -120722 106530 356 456 1)
(43602 -83531.6 89432.5 416 516 3)
(43608 -93444.1 -83817 537 637 1)
(43609 -119716 -19298.8 48 148 1)
(43622 -119814 116409 509 609 1)
(43625 -51217.6 95440.4 5 105 1)
(43626 -54341.7 -31373.3 152 252 3)
(43628 45398.1 109519 48 148 3)
(43643 -63321.8 -19262.1 285 385 1)
(43649 -84483.8 -81628.9 293 393 1)
(43651 57440.5 7923.62 439 539 3)
(43652 17105.7 -76565.1 136 236 3)
(43659 -32204.6 64119.7 85 185 1)
(43663 -1991.46 -129992 443 543 1)
(43668 76520.6 -65502 214 314 1)
(43686 -56353.8 68428.3 125 225 1)
(43696 -21228.2 74467.9 362 462 1)
(43698 107653 117629 169 269 3)
(43699 -49233.1 142777 482 582 1)
(43701 114704 26050.7 105 205 1)
(43702 -6016.78 -13247 8 108 3)
(43708 -54263.2 879.35 287 387 1)
(43709 110702 84332.4 152 252 1)
(43714 -50105.6 -85446.1 320 420 1)
(43716 -46227.2 -26274.8 119 219 1)
(43719 -31138.6 -1142.82 629 729 1)
(43723 19221.2 -144184 592 692 1)
(43733 -47173.9 86424.9 252 352 1)
(43748 -88424 -47383.8 535 635 1)
(43751 -28324.9 -88873.9 458 558 1)
(43760 30806.1 96943.2 438 538 1)
(43763 -44264.3 87429 479 579 1)
(43764 -8007.21 94423.7 317 417 1)
(43765 122979 -3129.96 133 233 3)
(43780 9112.26 -18249.1 358 458 3)
(43788 -6978.74 -16204.7 29 129 1)
(43806 -73503.7 -22358.6 566 666 1)
(43807 -70259.9 134510 399 499 3)
(43812 -51293 -40379.2 414 514 1)
(43818 -41209.4 50193.1 544 644 1)
(43819 123836 -129949 335 435 1)
(43827 9102.92 12954.2 62 162 1)
(43829 -76415.4 -8185.71 300 400 1)
(43830 11144 87435.6 383 483 1)
(43831 -57510.1 -136063 502 602 1)
(43832 49319.5 -6187.5 259 359 1)
(43835 -38150.9 21975.1 115 215 1)
(43836 11148.3 -29227.9 139 239 1)
(43842 16980.2 -39336.4 510 610 1)
(43843 -108684 143746 395 495 3)
(43845 59468.8 -47457 458 558 1)
(43859 -49202.2 110695 105 205 3)
(43864 -91530.8 -51480.8 427 527 1)
(43865 -29194.9 -33339.9 222 322 1)
(43878 72332.1 1951.89 88 188 1)
(43879 -122685 -71492.3 138 238 1)
(43883 75577.3 -31350.7 460 560 1)
(43884 77633.4 -128078 598 698 1)
(43888 4072.97 -53488.9 73 173 1)
(43894 84134.9 -96222.4 223 323 1)
(43899 -62350 50989 221 321 0)
(43903 -42162.5 -121755 1 96 3)
(43907 -96592.6 75305.5 250 350 1)
(43909 -123769 -36376.6 405 505 1)
(43910 -11012.6 -47491.3 629 729 1)
(43913 38315.6 -113780 259 359 1)
(43928 -105681 -22316 623 723 1)
(43931 -53299.3 54187.1 257 357 1)
(43942 -60265.4 -113760 74 174 3)
(43943 17191.2 -43349.7 293 393 1)
(43945 -117566 25014.7 14 114 3)
(43948 74634 -45678.1 572 672 1)
(43952 -79394.7 -23397.3 174 274 1)
(43953 -109631 -75603.9 344 444 1)
(43954 -48268.8 -78773.2 572 672 1)
(43961 60501.3 -45452 525 625 3)
(43970 -21103.8 -55474.9 418 518 1)
(43976 -44303.7 -140895 6 106 3)
(43980 -102645 76400.3 548 648 1)
(43983 -96834 10821.8 403 503 3)
(43985 -6968.25 -85650.3 276 376 1)
(43988 12090.1 -98566.4 260 360 1)
(43990 -1931.72 10969.9 260 360 1)
(43998 29267.1 -147072 363 463 3)
(43999 -78343.6 -130825 104 204 3)
