(99003 98674.4 -88683.7 553 653 1)
(99004 -104488 -100964 543 643 1)
(99008 47434.2 -106857 443 543 1)
(99013 7073.24 -71702.6 289 389 3)
(99017 -72388.3 88390.7 249 349 1)
(99026 -53322.1 -31156.1 316 416 1)
(99029 -123729 -19258 399 499 1)
(99034 -8014.04 -46372.9 256 356 1)
(99041 3089.3 -94687.8 304 404 3)
(99046 -86508.1 -14198 261 361 1)
(99056 108804 30069.1 594 694 1)
(99064 -54253.1 -60466.6 158 258 1)
(99066 -117776 -59628.7 450 550 1)
(99075 -109593 -48409.4 240 340 3)
(99079 121984 107441 375 475 1)
(99080 -109686 64283.9 460 560 1)
(99081 78469.1 -33412.6 312 412 3)
(99085 109848 84430.3 400 500 3)
(99086 28253.6 -76635.7 410 510 1)
(99101 -73533.8 26133.3 279 379 1)
(99127 98624.6 -17211.8 96 196 1)
(99139 122924 -3142.07 95 195 1)
(99140 -100479 98430.4 370 470 3)
(99145 -63334.7 -71629.9 542 642 1)
(99157 74535.5 -109803 435 535 1)
(99163 100668 16963.8 247 347 3)
(99169 -63324.4 135762 349 449 1)
(99173 -6980.26 863.65 574 674 1)
(99175 -4940.58 143705 187 287 1)
(99176 -116622 -126949 275 375 1)
(99184 122623 -57234.2 416 516 1)
(99187 -79402.1 -90753.8 463 563 1)
(99194 80638.6 115717 563 663 1)
(99203 -21116.4 -81603.3 162 262 1)
(99210 -10006.7 -137861 24 124 1)
(99215 100874 5645.44 302 402 1)
(99216 -19068 21006.1 278 378 1)
(99234 26234.1 -13223.8 406 506 -1)
(99243 19154.8 -46544.2 532 632 3)
(99244 -45191.4 -35298.8 109 209 3)
(99245 -119765 11028.2 564 664 1)
(99248 -18133.6 -65557.4 33 133 3)
(99249 109650 -63524.6 154 254 1)
(99259 -10010.1 -99737.3 273 373 1)
(99273 -75428.6 859.916 479 579 1)
(99277 -14984.1 30113.1 316 416 1)
(99278 -5971.57 85360.5 86 186 3)
(99304 -30076.7 -46461.9 561 661 3)
(99309 1999.02 -28056.5 35 135 3)
(99312 -81398.4 -108804 323 423 3)
(99313 10123.1 7923.09 198 298 3)
(99319 25193.5 86357.6 14 114 1)
(99322 -28141.3 80710.3 620 720 1)
(99330 -42237.8 16902.2 142 242 1)
(99335 73486.4 -69520.8 273 373 1)
(99337 52445 -75655.4 522 622 1)
(99338 -33003.3 -91130.4 180 280 1)
(99339 99731.9 122639 227 327 3)
(99341 117687 -69517.8 223 323 1)
(99343 -117811 -43698.9 348 448 1)
(99347 114828 -139947 254 354 3)
(99349 101605 127561 75 175 1)
(99377 68450.3 64236.8 131 231 1)
(99378 24226.6 33117.2 227 327 1)
(99380 99595.9 136803 194 294 1)
(99381 -105695 -133104 506 606 3)
(99382 -50249.6 -24312.4 538 638 1)
(99396 -80444.1 93452.6 368 468 1)
(99398 -72360.6 -126806 49 149 1)
(99402 -87472 12870.9 199 299 1)
(99405 -56320.9 -100818 557 657 1)
(99406 -92409.6 -138851 148 248 1)
(99407 97675.6 -98729.2 200 300 1)
(99410 56363.4 -98760.9 334 434 3)
(99418 -22069.7 -78616.8 279 379 1)
(99432 -63312.5 -17204.7 285 385 1)
(99442 72638.8 106549 618 718 1)
(99446 -34236.4 52219.7 351 451 1)
(99449 98703.6 -90695.9 346 446 1)
(99451 -57321.8 -47467.6 436 536 1)
(99453 14203 18895.6 108 208 1)
(99456 -54297 140828 542 642 3)
(99457 -104514 92477.3 243 343 1)
(99462 37491.3 -125831 480 580 1)
(99464 28366 89366.4 399 499 1)
(99475 -4877.7 -112884 195 295 1)
(99479 54440.4 -68620.3 522 622 1)
(99488 -4944.47 -33399.6 626 726 1)
(99497 79593.7 -98779.1 379 479 1)
(99502 -20107.5 28884.8 494 594 1)
(99504 51447.6 -10213.6 571 671 1)
(99505 -113572 -29288.9 85 185 3)
(99511 -12779 142444 88 188 1)
(99514 -13043.6 -122942 385 485 3)
(99520 23223.3 -90759.9 486 586 3)
(99521 -20174 -139128 465 565 1)
(99527 -123705 -57531.7 589 689 1)
(99529 -25106.3 80376.9 411 511 3)
(99539 26251.4 -82616.9 216 316 3)
(99541 -10030.3 -20264.7 556 656 1)
(99543 90632.3 130715 386 486 1)
(99544 25352.2 -32493.8 557 657 1)
(99560 -51266.4 54238.2 242 342 1)
(99564 -98423.2 -149989 162 262 1)
(99568 89555.5 -23262.3 265 365 3)
(99576 -24193.5 -116853 345 445 1)
(99578 107743 -113828 337 437 1)
(99589 25211.3 139713 242 342 1)
(99597 -95528.8 10933.1 176 276 1)
(99598 -78476.1 49232.5 527 627 1)
(99599 56442.4 25044.3 502 602 1)
(99600 -35346.5 22117.7 225 325 1)
(99604 58436.1 -99473.3 113 213 1)
(99606 -32909.9 117649 360 460 1)
(99610 71489.9 -98754.5 332 432 3)
(99633 -98503.8 123548 162 262 1)
(99643 -17010.8 -94662.6 69 169 1)
(99646 49369.9 -23254.8 179 279 1)
(99652 -6894.29 -32357.5 281 381 1)
(99656 11198.4 104824 612 712 1)
(99657 -121619 62212.9 59 159 1)
(99662 49423.6 -41438 604 704 1)
(99671 91583.9 -50424.5 212 312 1)
(99672 -928.922 47135.6 579 679 1)
(99681 -84413.3 -68493.6 217 317 3)
(99688 -2000.08 -33345 403 503 1)
(99693 20062 -1061.99 120 220 1)
(99695 11147.7 -116854 413 513 1)
(99700 -9998.19 -49392.7 85 185 3)
(99701 -72320 40133.3 268 368 1)
(99709 -74627.3 -113727 579 679 3)
(99713 -10018.4 -59535.6 473 573 1)
(99715 45457 -82035.2 586 686 1)
(99719 -94459.7 -118965 311 411 1)
(99729 -59403.7 -52567.4 535 635 1)
(99733 -65268.1 -126906 298 398 1)
(99734 36265.8 31049.4 223 323 3)
(99735 -27103.2 -65409.3 17 117 1)
(99743 -9002.14 79162.2 235 335 3)
(99748 30246 -14217.2 252 352 1)
(99749 79392.9 135911 407 507 3)
(99750 109411 148056 608 708 3)
(99754 13088.1 62388.1 7 107 1)
(99767 -88212.9 -108581 58 158 1)
(99781 35363.9 127778 624 724 1)
(99783 100931 84143.9 555 655 1)
(99792 -110702 69569.4 482 582 3)
(99805 55442.1 -90807.5 231 331 1)
(99806 78610 -124989 516 616 1)
(99807 69491.6 135748 194 294 1)
(99808 55381 -35313.3 130 230 1)
(99822 25098.1 -107603 49 149 1)
(99824 -57275.9 -136029 393 493 1)
(99826 30247.8 24020.7 417 517 1)
(99828 -110913 62027.7 324 424 1)
(99829 -27053.8 7809.54 460 560 3)
(99834 29174 28076.9 294 394 3)
(99835 93671.5 5906.74 593 693 1)
(99847 -54304.8 36086.3 327 427 1)
(99854 -51398.9 -130116 554 654 1)
(99856 -94595 -35686.7 626 726 1)
(99859 -108571 71280.8 151 251 1)
(99861 -117762 -56541.3 583 683 1)
(99875 -26103.3 -72529.4 161 261 3)
(99883 -89468.4 7878.93 300 400 3)
(99887 63435.9 40124.3 179 279 3)
(99895 94803.1 50271.7 613 713 1)
(99900 -113447 1890.92 191 291 3)
(99902 -42275.1 3916.98 437 537 1)
(99907 -52154.9 9760.88 333 433 3)
(99911 -2161.4 -58589.1 178 278 1)
(99922 57440.9 -97792.9 476 576 1)
(99924 8111.68 100506 360 460 1)
(99925 -89509.1 -69508.5 382 482 1)
(99931 5103.44 9919.93 554 654 1)
(99949 28399.6 10033.4 157 257 1)
(99950 72243.3 13869.7 285 385 3)
(99952 20184.8 -83624.1 386 486 1)
(99954 94638.5 110499 227 327 1)
(99955 -35165.6 -81671.7 317 417 3)
(99962 -64353.8 -35364.5 359 459 1)
(99964 56440.8 76382.3 559 659 1)
(99966 105741 -15275.8 105 205 1)
(99969 -34130.3 -78736.1 419 519 1)
(99975 -8011.65 78390.9 507 607 3)
(99981 98583 -47442.6 8 108 1)
(99984 11106.1 -95848.6 582 682 1)
(99985 70648.6 -112853 620 720 1)
(99989 62.896 78331.1 99 199 1)
(99991 28248.5 89393.5 176 276 1)
