(45000 38345.7 -39452.3 437 537 3)
(45005 -103510 -147030 286 386 1)
(45012 53343.2 -57385.7 51 151 1)
(45032 -108657 46184 454 554 1)
(45033 -72398.1 -116803 321 421 1)
(45038 -50260.2 137760 320 420 1)
(45041 -3966.82 -33277.6 8 108 3)
(45049 105746 62275.3 354 454 1)
(45054 -106725 -127016 329 429 1)
(45055 -108708 38111.9 613 713 1)
(45061 -51368.7 -49451.3 627 727 1)
(45064 -99480 105541 150 250 1)
(45071 -35063.1 12230.1 71 171 1)
(45078 91708.8 -137114 628 728 1)
(45082 15139 -75549 97 197 1)
(45091 -83342.6 -13272.2 1 98 3)
(45092 -30166.7 -70471.9 28 128 1)
(45097 -122732 -16278.1 349 449 3)
(45104 107724 77258.5 255 355 3)
(45108 113330 -88578.2 393 493 1)
(45124 86473.1 96376.1 142 242 1)
(45132 -25240.9 -91761.6 554 654 1)
(45148 31185.1 -61513 471 571 1)
(45150 114685 -16208.8 23 123 3)
(45154 31151.5 -106809 349 449 1)
(45164 -57455.7 -111447 323 423 1)
(45166 48241.1 79636.9 472 572 1)
(45167 -20150.9 149895 493 593 1)
(45188 103610 -69516 69 169 1)
(45194 -45255.2 -8188.95 363 463 1)
(45196 -58149.2 -65560.4 34 134 1)
(45206 -124664 -30309.5 348 448 1)
(45207 -15059.3 125642 267 367 1)
(45210 49479.4 -112603 298 398 1)
(45212 24192.4 4887.01 330 430 1)
(45216 7023 114682 166 266 1)
(45217 -85395.2 123552 51 151 1)
(45219 92645.7 129939 552 652 1)
(45229 -2919.84 -99890.8 441 541 1)
(45231 -121680 18983.8 258 358 1)
(45239 -57318 -33326.1 275 375 3)
(45241 -72339.3 -15182.4 6 106 1)
(45245 2127.9 -6149.86 549 649 1)
(45248 -74418.7 61200 301 401 1)
(45249 -3941.39 -93746.8 358 458 1)
(45253 5080.03 19002.3 254 354 1)
(45258 -39237.1 -32354.4 328 428 3)
(45267 122866 -137055 211 311 1)
(45270 92613.1 73334.9 287 387 1)
(45272 34296.5 -122993 626 726 1)
(45282 97763.1 -148208 609 709 1)
(45292 6144.68 -49414.4 254 354 1)
(45298 82429.7 -117958 411 511 1)
(45310 13134.7 100530 253 353 1)
(45313 72431.9 8983.22 169 269 3)
(45319 -14030.7 -29247.2 39 139 3)
(45320 -38222.1 -82635.2 378 478 1)
(45325 -41163.9 -83736 488 588 3)
(45326 45314.7 20927 48 148 1)
(45327 50134.2 -36262 250 350 3)
(45331 86626 -36371.6 414 514 3)
(45335 116796 -11262.9 461 561 3)
(45337 -82457.3 148797 305 405 1)
(45343 33282.8 8850.17 273 373 3)
(45347 -118664 -147014 197 297 1)
(45354 -109576 -55462.3 199 299 3)
(45355 -114740 -134116 604 704 1)
(45358 13124 121693 388 488 1)
(45359 65434.5 -103741 151 251 1)
(45368 -21162.6 -96711 191 291 3)
(45370 18188.6 136961 587 687 1)
(45371 74462.1 -86548.7 1 95 1)
(45381 40293.1 -132996 385 485 1)
(45387 109867 67335.2 376 476 3)
(45390 16147 -55425.2 75 175 1)
(45392 -51252 -132925 213 313 1)
(45409 57389.8 33072.6 156 256 1)
(45433 123986 79348.9 551 651 1)
(45434 -44195.8 50167.1 131 231 3)
(45439 63379.2 36325.4 343 443 -1)
(45442 -101510 -79573 161 261 1)
(45444 -40216.3 -47472.4 440 540 1)
(45445 115660 49254.5 158 258 1)
(45457 -14032.6 -41423.7 451 551 1)
(45463 118907 80380.5 570 670 1)
(45465 60418.9 -97750.1 275 375 3)
(45466 -962.153 21010.3 56 156 3)
(45481 -63367.2 -88686.4 453 553 1)
(45482 103777 -110871 387 487 3)
(45486 4730.14 24926.7 187 287 1)
(45496 120683 -63330.2 110 210 1)
(45503 -123775 -121955 518 618 1)
(45518 -70136.5 -63550.6 50 150 1)
(45525 -124644 109526 180 280 1)
(45527 81508.6 -29297.4 149 249 1)
(45529 16137.9 32117.8 358 458 1)
(45536 -20984 146646 274 374 3)
(45537 16158.7 12017.9 268 368 1)
(45559 -105633 -46457.4 466 566 1)
(45561 -88569.4 144836 284 384 1)
(45562 -46132.2 31054.7 144 244 1)
(45564 89677 25011.7 370 470 3)
(45573 77419.3 55346 310 410 1)
(45576 -32182.8 139674 42 142 1)
(45579 66023.6 -91574.4 123 223 1)
(45586 1049.86 93497.5 519 619 3)
(45591 50333.8 -80568 81 181 3)
(45601 48575 -104837 143 243 3)
(45602 -58324.9 -110899 503 603 1)
(45607 51332.8 -78596.8 186 286 3)
(45621 -18995.4 -65452 290 390 3)
(45634 -3970.07 -54533.7 617 717 3)
(45638 47020.8 27829.6 97 197 3)
(45641 11170.3 87368.6 100 200 1)
(45642 -94572.3 -124960 411 511 3)
(45656 86596.4 -104793 299 399 1)
(45663 -64252 -112721 18 118 3)
(45671 -34139 -12175.1 149 249 1)
(45676 -100561 -16243.4 259 359 3)
(45678 116875 -79778.4 562 662 3)
(45681 33210.5 5923.24 82 182 1)
(45686 92590.8 68281.9 135 235 1)
(45690 -79393.5 -38366.6 72 172 1)
(45700 -124627 -86597.8 80 180 1)
(45717 -62393.3 -49362.7 23 123 1)
(45722 -84498.6 -3063.4 432 532 3)
(45725 -8984.09 52268.7 96 196 1)
(45726 -82452.9 108467 109 209 1)
(45727 -86600.9 -57580.7 576 676 1)
(45735 100772 -13223.6 551 651 1)
(45746 -32142.7 -42404.9 419 519 1)
(45750 -10995.6 103555 375 475 3)
(45751 53518.7 -121932 535 635 1)
(45765 81479.8 -93737.9 212 312 1)
(45773 -97677.3 59280 490 590 1)
(45776 -31128.9 137735 411 511 1)
(45780 28316.3 -98791 495 595 3)
(45783 -60261.7 115505 73 173 1)
(45795 20232 13927.3 453 553 3)
(45797 122742 109492 120 220 3)
(45798 96673.8 -121334 336 436 3)
(45807 -11044.8 -101930 468 568 3)
(45810 108779 3886.93 391 491 1)
(45821 -90488.6 -55594.7 509 609 1)
(45836 43286 -16182.2 114 214 1)
(45837 -59260 -121881 251 351 1)
(45838 -35172.2 -66516.8 151 251 1)
(45839 -25235.7 80450 152 252 1)
(45844 1114.42 -54442.7 181 281 3)
(45846 124779 -30301.7 150 250 1)
(45859 -28104.3 -66529.9 57 157 3)
(45864 -3764.26 -142003 259 359 1)
(45870 42349 -67531.6 332 432 3)
(45871 38371.8 107638 230 330 1)
(45872 -85473.6 -106798 352 452 1)
(45874 -56274.8 50200.9 393 493 3)
(45889 -121655 -25230.5 219 319 1)
(45923 -64487.6 49238.3 109 209 1)
(45927 -37187.2 66306.4 426 526 1)
(45928 -85551.6 -53646.4 483 583 3)
(45936 121756 -65450.2 237 337 3)
(45955 112842 125673 322 422 1)
(45960 107668 -98590.2 34 134 1)
(45970 20290.7 -21047.1 419 519 1)
(45986 -57419 -34427.8 266 366 1)
(45990 -17049.2 -130876 165 265 1)
