(163002 102168 271.554 606 706 1)
(163004 -7685.26 37047.7 318 418 1)
(163006 50461 -3079.88 481 581 3)
(163009 83617.5 87379 292 392 1)
(163012 16311.3 -94810.2 626 726 1)
(163022 2289.52 116706 594 694 3)
(163026 -26120.4 79317.4 241 341 1)
(163030 -36184.5 137832 570 670 1)
(163039 124840 -126910 308 408 3)
(163041 -99528.6 -126845 327 427 1)
(163052 81500 100420 56 156 3)
(163059 -98519.1 -105714 209 309 3)
(163061 -76357.4 86412.2 47 147 1)
(163075 -1994.22 -30196.1 459 559 1)
(163085 -117554 -76587.7 73 173 1)
(163089 82597.2 -7204.06 371 471 1)
(163094 -3004.74 -14206.5 69 169 1)
(163100 31337.2 -84730.2 460 560 1)
(163115 10175.3 -28322.8 334 434 3)
(163118 52342.3 32074.6 151 251 1)
(163137 82424.9 -103903 532 632 1)
(163140 99616.6 -48387.5 122 222 1)
(163147 30249.1 -101752 293 393 3)
(163153 -15972.5 -73327.3 489 589 1)
(163155 81429.9 -132875 87 187 1)
(163156 123768 -110736 151 251 1)
(163157 -56231.5 -51732 544 644 3)
(163160 -57322.2 -109939 603 703 1)
(163165 -22076.5 51201.2 361 461 3)
(163176 -69423.1 -85668.1 209 309 1)
(163178 -10009.8 42154.1 580 680 1)
(163191 -100495 13961.5 68 168 1)
(163196 -51338.7 58203.3 379 479 1)
(163199 123643 -96605.6 6 106 3)
(163200 -44200.6 -33295.1 31 131 1)
(163202 58516.7 -77476.6 250 350 -1)
(163206 7076.49 139826 551 651 1)
(163210 7127.96 -137083 543 643 1)
(163221 60265.8 -98693.1 70 170 1)
(163223 -32162.5 37123.6 237 337 1)
(163233 -90393.2 -23265.4 454 554 1)
(163237 76516.5 -115795 193 293 3)
(163260 15297.1 149004 579 679 1)
(163263 47376.3 100568 300 400 3)
(163265 66474.9 -127011 493 593 3)
(163266 59366 -134541 73 173 1)
(163267 -81478.2 -89777.1 613 713 1)
(163270 -25088.7 -26279.2 199 299 1)
(163280 -91465.2 -51408 166 266 1)
(163287 -90475.4 -1081.88 191 291 3)
(163288 31210.8 79334.3 109 209 1)
(163289 -72208 -57594.8 114 214 1)
(163293 58465.4 -95716.5 300 400 1)
(163294 105938 -141036 584 684 3)
(163308 -80129.4 -12173.9 222 322 1)
(163314 97609.2 -13197.4 89 189 1)
(163315 74498.4 92505.3 254 354 1)
(163316 -59263.2 28056.7 297 397 1)
(163319 -43255.3 32082.2 519 619 3)
(163322 50388.6 -82596.2 196 296 1)
(163323 -51283.7 -111776 211 311 3)
(163325 -50297.8 -137100 319 419 3)
(163326 -27092.4 61388.8 71 171 1)
(163334 64415.5 89338.2 88 188 1)
(163341 2091.78 -31362.1 514 614 1)
(163347 11169 -21328.1 243 343 3)
(163358 -120745 -11228.5 396 496 3)
(163359 -90559.3 46179 430 530 1)
(163381 40295.2 65321.7 613 713 3)
(163389 -106492 118511 13 113 3)
(163394 -16028.6 63268.5 268 368 1)
(163396 122058 109653 588 688 1)
(163397 17170.6 -52574.4 609 709 1)
(163401 -10999.1 139810 573 673 1)
(163408 88530.1 -82043.5 609 709 3)
(163412 58.1448 -1148.44 457 557 1)
(163417 -16991.6 14030.1 590 690 3)
(163418 5123.19 -89814.4 444 544 1)
(163420 99743 -140124 619 719 3)
(163434 72382 -111614 118 218 3)
(163437 -121621 -50349.3 29 129 1)
(163445 73487 -53405.3 220 320 1)
(163465 -114873 -55217.8 89 189 3)
(163474 40334.9 -85611.6 223 323 1)
(163489 34338.3 -70555.1 71 171 1)
(163492 24238.4 83426.3 447 547 1)
(163496 -111743 20000.8 571 671 1)
(163501 -27118.8 -114909 472 572 1)
(163503 65528.9 -58569.8 611 711 1)
(163504 77529.9 -127895 253 353 3)
(163507 -87414.9 -93640.2 142 242 1)
(163511 30429.6 74410.8 228 328 3)
(163512 38300.4 -144891 102 202 1)
(163516 -68192 11938.7 139 239 1)
(163519 -25071.5 105525 328 428 3)
(163522 -91439 14957.5 20 120 1)
(163530 -942.708 61162.5 284 384 1)
(163535 14158.3 62250.9 412 512 1)
(163544 -118625 -138056 362 462 1)
(163552 120900 69393.3 604 704 1)
(163559 -31189.8 -83799.9 447 547 1)
(163562 -60361.8 -12258.5 422 522 1)
(163574 1066.52 129638 155 255 1)
(163575 -65266.1 113549 9 109 1)
(163582 -63365.5 34067.9 397 497 1)
(163583 -57477.5 -108938 600 700 3)
(163587 -1821.95 -40412.9 86 186 3)
(163588 -113658 -116877 370 470 1)
(163592 -122567 -148960 32 132 1)
(163607 104255 29250.5 612 712 1)
(163608 99688.5 -18238.7 287 387 1)
(163612 110643 -117766 100 200 1)
(163614 -25096.1 26039.2 597 697 1)
(163619 -6044.28 25083.5 504 604 1)
(163620 -17008.4 -58491.6 516 616 3)
(163621 -57639.2 -119076 426 526 1)
(163629 -48183.1 -40330.1 16 116 1)
(163630 -63332.8 -99742.5 285 385 1)
(163631 -98543.9 56239.9 486 586 1)
(163635 35315.3 -40425.8 539 639 1)
(163638 -45227.4 -71583.2 399 499 1)
(163642 119767 -1132.41 204 304 1)
(163645 30257.9 -69572.3 474 574 1)
(163648 30222.1 -32277.2 31 131 3)
(163650 27251.7 -31335.3 417 517 1)
(163663 -1927.67 -53424.9 16 116 1)
(163671 -2958.51 -125823 30 130 3)
(163676 -109549 139657 76 176 1)
(163687 -64332.6 -62528 229 329 1)
(163696 88693 -131891 346 446 1)
(163705 -100621 -12250.7 465 565 1)
(163710 -9977.35 -132017 480 580 1)
(163711 -10015.1 -60459.4 341 441 1)
(163725 -41158.6 -73467.1 327 427 1)
(163729 103644 74343.5 54 154 3)
(163731 122967 -112804 305 405 1)
(163732 24177.9 -66465.8 50 150 1)
(163734 10133.5 -52418.5 15 115 3)
(163735 -43252.8 -100839 569 669 3)
(163736 -119572 113478 36 136 1)
(163737 -107514 -18221.2 177 277 3)
(163740 29211.8 98466 68 168 3)
(163749 -116664 49214 283 383 1)
(163752 -56298.8 -71601.6 475 575 1)
(163756 -110534 118633 374 474 3)
(163762 -52270.2 -109828 352 452 1)
(163771 103658 35085.7 124 224 1)
(163774 3080.68 -67558 356 456 1)
(163788 8435.69 -72753.8 529 629 1)
(163791 -26106 129781 580 680 1)
(163792 -45230.6 -29261.2 171 271 1)
(163797 -116659 -54408.9 257 357 1)
(163800 -55309.2 114579 399 499 1)
(163801 -111635 -104897 299 399 1)
(163802 111825 11963 542 642 1)
(163803 37143.8 -49235.2 63 163 1)
(163805 -100523 73264.3 225 325 1)
(163810 61410.5 -108729 117 217 1)
(163817 115742 -101770 231 331 3)
(163820 54432.5 -107864 475 575 1)
(163823 -26109.2 -89711.8 387 487 1)
(163824 -1924.98 -206.1 231 331 1)
(163826 49345.6 -11205.1 247 347 1)
(163828 -74377.9 -133898 154 254 1)
(163837 -20091.3 -45485.8 419 519 1)
(163842 -76427.3 -79622.7 338 438 1)
(163843 50372.5 -2220.9 420 520 1)
(163844 -112630 127709 325 425 1)
(163853 11151.4 -75678.1 625 725 1)
(163855 89486.3 24109.2 254 354 3)
(163868 24214.9 98550.6 399 499 1)
(163873 -78458.6 -137040 458 558 1)
(163884 -14986.2 -86506.6 245 345 1)
(163891 31235.2 -21229 87 187 1)
(163895 -102503 5855.8 296 396 1)
(163896 -96560.1 23031 392 492 1)
(163897 117758 -79594.3 368 468 3)
(163901 -88428 -128905 120 220 1)
(163926 -76176.8 -13557.1 478 578 1)
(163927 34301.3 54222.3 436 536 1)
(163930 50215.4 -63558.2 224 324 1)
(163931 -15055.7 -52269.7 88 188 3)
(163934 -75220.7 -48349.8 334 434 1)
(163947 -85633.8 5481.67 514 614 3)
(163952 -19091.9 -123891 54 154 1)
(163953 121727 -139849 381 481 1)
(163955 101555 127295 94 194 1)
(163962 97482.4 -145038 426 526 1)
(163967 12108.9 129558 1 101 3)
(163970 51414.3 -148151 534 634 1)
(163976 -68435 20986.9 582 682 3)
(163980 -42101.4 -75608.9 150 250 3)
(163981 -87460.6 -118954 401 501 1)
(163987 31279.7 -32250.8 371 471 1)
(163988 -20037.9 19986 111 211 1)
(163992 22196.3 -19274.8 363 463 3)
