(41001 119780 -6864.21 7 107 1)
(41007 68557.8 -70526.5 542 642 1)
(41011 23264.1 -18318 551 651 1)
(41040 -108535 -104763 98 198 1)
(41052 -61561.3 -132004 71 171 1)
(41055 58411.5 33081.5 377 477 1)
(41060 -27790.9 38916.2 79 179 3)
(41065 -22109.6 -99588.7 141 241 1)
(41071 85500 -94667.9 138 238 1)
(41075 85546.2 -6153.37 161 261 1)
(41084 -35133.8 -124818 217 317 3)
(41086 104657 -22253.6 202 302 1)
(41096 96724.4 -147057 479 579 1)
(41098 46339.6 -1297.75 67 167 1)
(41103 -7954.09 -53430.6 35 135 3)
(41106 -41070.7 -58356.1 628 728 1)
(41115 -21016.4 92459.4 573 673 1)
(41119 -114647 -87748.8 392 492 1)
(41127 72501.2 -82570.3 198 298 1)
(41133 -45218.4 -68494.9 449 549 1)
(41142 -44161.9 -63629.7 97 197 1)
(41146 22224.8 -107894 556 656 1)
(41147 49493.2 82701 590 690 1)
(41150 44342.6 -62514 357 457 3)
(41160 12201.5 109650 569 669 3)
(41161 -34225.4 -21316.5 545 645 1)
(41171 21225.7 -28256.9 30 130 1)
(41173 15167 -149170 486 586 1)
(41186 -41231.5 -77634.8 566 666 1)
(41188 -61404.2 -64603 618 718 1)
(41202 -8000.19 107595 123 223 1)
(41203 -896.501 -81772.9 408 508 1)
(41220 -10040.1 105432 319 419 1)
(41229 -97676.8 -23268.4 358 458 3)
(41232 -75464.4 54153.5 33 133 1)
(41234 -117662 83402.2 384 484 1)
(41238 35299.7 -39400.2 553 653 1)
(41239 16212.4 -95753 188 288 1)
(41244 101660 -140973 238 338 1)
(41245 -38162.5 -138940 188 288 1)
(41246 -77517.2 -2058.43 612 712 1)
(41247 -100247 -52325.2 354 454 3)
(41249 -52257.4 -99735.6 328 428 1)
(41251 -44288.2 -121962 592 692 1)
(41259 2027.36 -33253.3 5 105 3)
(41262 -106219 43554.5 332 432 3)
(41269 61471.9 -18265.6 483 583 1)
(41272 -92829.1 -94898.2 571 671 -1)
(41276 -101535 97466.4 152 252 3)
(41277 104816 -64597.3 609 709 3)
(41278 -95388.9 -97820.5 180 280 1)
(41279 51333.3 15957.3 111 211 1)
(41282 -96380.6 -89741.6 481 581 1)
(41285 -82449.6 42160 396 496 1)
(41288 22098.1 -1037.71 543 643 3)
(41290 74364.3 -89563.6 278 378 1)
(41296 120657 -68614 567 667 1)
(41299 -30107.9 -15183.1 291 391 1)
(41300 70536.9 -114898 425 525 1)
(41304 11232 109623 622 722 1)
(41308 -24096.4 -106803 438 538 3)
(41312 20216.3 -74674.5 610 710 1)
(41322 -87762 -128956 347 447 3)
(41338 90729 -133118 593 693 1)
(41349 -104719 87435.7 596 696 1)
(41360 84519.4 57256.8 31 131 3)
(41366 93645.6 24068.4 442 542 3)
(41375 -49300.2 66321.4 540 640 3)
(41388 119643 -70440.8 164 264 1)
(41389 -16022.8 125659 339 439 1)
(41398 -104608 -122876 314 414 3)
(41402 2101.9 -83698.7 376 476 1)
(41403 -82465.5 -78616.4 380 480 1)
(41408 -80474.8 -26299.5 347 447 3)
(41414 91650.4 89500 615 715 3)
(41426 6149.1 -40216.6 403 503 1)
(41431 -121693 19023.8 273 373 1)
(41436 24200.9 148682 1 98 1)
(41440 -33152.1 -124109 579 679 1)
(41442 -79300.1 128657 60 160 1)
(41454 -44223.8 -11203.7 391 491 1)
(41463 58421.9 26035.8 299 399 1)
(41470 57501.6 -136073 160 260 1)
(41477 -49313.6 66263.5 221 321 1)
(41478 -43208.8 -142014 286 386 3)
(41486 24998.7 -79251.5 542 642 1)
(41492 46274.9 -109819 198 298 1)
(41498 76643.3 -120795 335 435 1)
(41506 -90060.5 143784 137 237 1)
(41508 45384.7 132707 282 382 1)
(41512 43023.9 138584 512 612 1)
(41516 -17810 -1363.46 393 493 3)
(41517 24231 27041.7 453 553 1)
(41524 58405.7 56221.2 160 260 1)
(41529 93714.4 15953.5 581 681 3)
(41534 93724.1 -52547.4 538 638 1)
(41539 75500 69298.3 27 127 1)
(41544 92616.7 -123861 224 324 1)
(41551 55462.7 43093.6 278 378 1)
(41552 99683.5 -52368.9 85 185 3)
(41570 11966.4 149753 357 457 1)
(41575 22248 -37408.6 553 653 1)
(41578 15247.3 -93651.2 179 279 3)
(41579 -79536.1 104488 17 117 1)
(41581 -70355.7 -66532.8 223 323 3)
(41585 28264.4 102552 438 538 1)
(41593 -9032.51 18968.2 183 283 1)
(41597 12157.9 63296.4 509 609 1)
(41598 -112544 111484 8 108 1)
(41603 -15940.3 146814 331 431 1)
(41606 122792 -31410.9 341 441 3)
(41617 -38165.5 -122821 152 252 1)
(41621 114764 108592 277 377 1)
(41633 -57334 -45445.3 593 693 1)
(41636 114759 32124.9 151 251 1)
(41650 -22286.8 -48564.6 412 512 1)
(41653 63458.6 -28575.3 373 473 1)
(41654 -74340.5 -51446 130 230 1)
(41660 -25106.8 -66535.7 216 316 3)
(41667 83530.2 104381 329 429 1)
(41671 70594.7 34068 496 596 3)
(41677 -69369.3 -39398.1 189 289 1)
(41684 30290.6 -24339.1 469 569 3)
(41688 107429 67565.5 530 630 1)
(41689 99770.1 -135995 276 376 1)
(41692 16176.1 128686 376 476 1)
(41703 67513.4 -78657 441 541 1)
(41711 -19082 -103867 490 590 1)
(41713 65513.9 -12231.5 212 312 1)
(41715 49405.7 -109888 477 577 3)
(41723 -10013.9 112588 186 286 1)
(41731 -34973.3 -122944 379 479 3)
(41737 -25499.1 -142352 302 402 1)
(41745 118813 22010.9 334 434 3)
(41751 -4948.06 -21254 23 123 1)
(41753 -106565 60231.4 231 331 1)
(41760 -107656 119691 585 685 1)
(41765 -26116 -83637.9 275 375 1)
(41775 -103650 -94787.9 618 718 1)
(41788 57523.8 -144120 588 688 1)
(41791 -1927.47 -35315.9 138 238 1)
(41797 -95548.6 127675 313 413 3)
(41801 66495.7 -56533.6 168 268 3)
(41802 62394.7 6915.6 85 185 1)
(41805 -49306.4 -13237.4 529 629 1)
(41810 -9984.65 -147171 623 723 1)
(41814 110673 -84570.2 85 185 1)
(41815 78530.2 123602 260 360 1)
(41817 -37170.8 -34331.5 305 405 1)
(41820 110690 -23254.8 125 225 3)
(41821 115908 140677 201 301 3)
(41835 121822 87583.8 56 156 1)
(41836 -103114 -98807.5 10 110 1)
(41842 -82429.2 31052.8 209 309 1)
(41843 6083.04 -84764.4 427 527 1)
(41853 -101557 141692 14 114 3)
(41860 7132.19 -59554.6 500 600 3)
(41861 31292.5 -32233.5 273 373 3)
(41879 110831 -81754.9 542 642 3)
(41881 -15052.5 10943.8 608 708 1)
(41882 41378.6 -145168 602 702 1)
(41885 -116601 -31184.6 467 567 1)
(41891 -63418.3 -146091 563 663 1)
(41899 71443.4 -36329.6 160 260 3)
(41906 -81417.8 78293.8 367 467 3)
(41909 -81364 -90709.4 225 325 3)
(41910 95705.4 -99859.8 271 371 1)
(41912 -13964.1 -123041 273 373 1)
(41913 -61259.6 -42466.6 209 309 1)
(41914 -74370.1 -119799 151 251 3)
(41916 36155.8 137749 307 407 1)
(41917 23204.3 -39356.9 343 443 1)
(41933 -20122.6 -32255.1 360 460 1)
(41934 -96479.5 -86603.1 102 202 3)
(41937 -82614.6 -21059.5 141 241 1)
(41938 86650.4 -122916 400 500 3)
(41940 124984 38104.8 525 625 1)
(41942 -107499 122524 2 102 1)
(41955 -10066.2 38290.5 349 449 1)
(41956 -86653.9 -40436.5 621 721 1)
(41968 110653 -96589.2 36 136 1)
(41984 -86496.9 51279.7 298 398 1)
(41991 8016.65 -45329.3 98 198 1)
(41992 19010.2 -37552.4 68 168 3)
(41994 3133.08 5893.06 313 413 3)
