(11003 -115661 83414.2 253 353 1)
(11007 119694 88365.4 10 110 1)
(11012 -69628.3 52237.3 527 627 1)
(11016 -96625.1 -19238.4 349 449 1)
(11025 71540.7 61219.3 119 219 1)
(11029 52387.9 81384.9 333 433 3)
(11030 85663.3 130674 284 384 1)
(11035 12118 -38360 92 192 1)
(11048 -30351.4 -61677.3 393 493 1)
(11051 69527.8 -72709.1 559 659 1)
(11053 10204.2 50222.7 411 511 1)
(11056 110789 29061.3 437 537 1)
(11058 67501.8 32077.4 404 504 1)
(11060 -840.445 75347.1 487 587 1)
(11061 -27164.5 -66394.2 203 303 1)
(11066 -6036.53 -97626.2 102 202 1)
(11073 -124718 -110854 387 487 3)
(11088 35259.8 -106726 132 232 3)
(11093 8111.24 13955 394 494 1)
(11105 96807.3 -15320.6 548 648 1)
(11111 -105575 7022.77 267 367 1)
(11126 54425.2 -63518 235 335 3)
(11127 31214.7 -93726.8 187 287 1)
(11137 -20079.9 -138166 439 539 1)
(11141 74477.1 117554 98 198 1)
(11146 -6339.49 45958.6 498 598 1)
(11159 115796 -104010 594 694 3)
(11160 -118739 -16138.4 181 281 1)
(11161 -97582.7 -33285.1 290 390 1)
(11163 59426.5 -61541.2 82 182 1)
(11168 23185.2 -72578.4 272 372 1)
(11173 -10068.8 76368.4 363 463 1)
(11174 113762 -30343 290 390 1)
(11176 26313 -140101 578 678 1)
(11182 50419.7 -50490.1 525 625 3)
(11217 71187.9 -51.5011 601 701 3)
(11225 66469.7 -55467.7 297 397 1)
(11228 -14028.6 53238.2 559 659 1)
(11229 -76462.5 96528.3 484 584 3)
(11231 36272.4 -69523.8 167 267 1)
(11244 -41203.8 48174.5 209 309 1)
(11249 96827.1 129984 542 642 3)
(11257 -21077.8 -95758.4 407 507 3)
(11261 75536.1 43124.7 347 447 1)
(11267 54235.2 79440.3 287 387 1)
(11268 -16075.6 58292.6 478 578 1)
(11273 -31121.2 -12191.7 128 228 1)
(11277 -948.677 -91685.3 302 402 1)
(11282 60512.5 -121000 584 684 1)
(11295 -57239.4 1919.91 11 111 1)
(11300 -30122.9 -100719 198 298 1)
(11304 -120710 42139.4 394 494 1)
(11309 -62360.7 -47458.7 408 508 1)
(11313 6156 -47501.4 627 727 1)
(11314 -47493.9 -140120 415 515 1)
(11316 -92495 10944.7 238 338 1)
(11326 -94541.3 136677 610 710 1)
(11328 -9875.51 -27611.6 145 245 3)
(11332 93905 121643 461 561 -1)
(11333 -75407 21973.6 537 637 1)
(11340 -71317.4 78488.1 457 557 1)
(11343 8115.02 -122785 188 288 1)
(11346 47524.9 -45429.5 228 328 1)
(11380 -38159 69276.4 420 520 1)
(11381 -101666 128762 595 695 3)
(11398 112749 -31313.1 90 190 1)
(11405 16265.8 23030.7 217 317 3)
(11412 120808 17978.8 309 409 1)
(11413 -105505 102429 33 133 3)
(11414 42351.6 -26313.6 462 562 1)
(11426 52359.5 112563 27 127 1)
(11429 -49271.8 33082.4 469 569 3)
(11440 55406.4 87372.1 82 182 1)
(11441 -75493.7 99577.3 562 662 1)
(11442 -18066 -136928 142 242 1)
(11443 -92486.1 -50407.6 345 445 1)
(11445 -9976.13 -98774.8 369 469 1)
(11457 -81406 -46391.7 153 253 1)
(11459 62316 -24252.9 65 165 1)
(11467 -76441 62261.2 513 613 1)
(11474 35308.6 -37381.6 430 530 1)
(11489 -42168.1 -14184.7 85 185 1)
(11495 84518.5 -122758 31 131 1)
(11496 3087.16 -100876 614 714 3)
(11500 -58435 -102860 621 721 1)
(11524 -112612 50164.5 246 346 1)
(11531 -12017.2 -22294.5 479 579 -1)
(11532 -93711.1 147552 356 456 3)
(11535 124894 84423.3 458 558 1)
(11536 -9732.45 -4230.62 1 99 1)
(11539 -38208.2 57151.9 179 279 1)
(11540 73615.7 -83773.1 604 704 1)
(11549 75462.2 13960.7 42 142 1)
(11558 109698 -14298.8 331 431 1)
(11559 -36856.4 -70601.1 323 423 3)
(11577 36247.4 121570 75 175 1)
(11581 -77418.3 120622 247 347 3)
(11582 -68368.8 119595 407 507 1)
(11585 42325.8 45224.6 439 539 3)
(11592 29292.1 50211.9 599 699 1)
(11600 -56264.6 85382 233 333 1)
(11603 45250 21134.8 516 616 1)
(11620 -1881.5 -131967 105 205 1)
(11626 -37151.6 -63455.2 256 356 1)
(11627 -57251 -91732.2 133 233 1)
(11628 43570.3 105626 611 711 1)
(11634 -77375.7 -122870 230 330 3)
(11636 -8037.49 53078.1 120 220 1)
(11642 56425.8 67297.2 379 479 1)
(11643 51354.1 -102709 118 218 3)
(11652 -12951.9 -2110.05 328 428 1)
(11656 121849 95665.7 359 459 1)
(11675 25233.4 -43341.4 439 539 1)
(11678 85501.8 -48389.7 14 114 1)
(11679 -52371.7 -148901 427 527 3)
(11683 1050.2 -16030.8 335 435 1)
(11692 10094.8 -52449.7 52 152 1)
(11703 9147.97 -20215.7 87 187 3)
(11705 -4967.55 32075.5 456 556 1)
(11722 -74364.4 -72723.6 598 698 1)
(11723 -118485 -57386.8 193 293 1)
(11728 2054.65 -136921 156 256 1)
(11729 -13971.6 -66484.8 23 123 3)
(11740 -112808 -131918 476 576 3)
(11754 112825 -41405.5 479 579 1)
(11755 31286.9 -30365.7 530 630 1)
(11757 100618 -57410 77 177 3)
(11761 46292.5 -94657.3 266 366 1)
(11762 115808 23103.8 356 456 1)
(11765 9962 -17374.2 45 145 1)
(11772 87621.4 -71642.8 457 557 1)
(11790 119986 -114948 569 669 1)
(11794 64454.2 91430.5 489 589 1)
(11808 -104593 110550 317 417 1)
(11811 77520.7 -57490.1 358 458 1)
(11817 -124640 22995.2 92 192 1)
(11820 37144.4 124722 150 250 3)
(11835 110689 -90712.6 37 137 1)
(11840 111732 93392.5 266 366 1)
(11845 85034.5 61403.2 565 665 1)
(11849 54434.4 -147123 468 568 1)
(11851 76765.5 -79573.3 265 365 3)
(11855 -43195.9 -51469.4 232 332 1)
(11856 -60225.6 -112853 126 226 1)
(11858 -20227 23618.9 615 715 1)
(11867 -5964.53 46112.1 137 237 1)
(11871 -1932.76 -102681 75 175 1)
(11881 5168.54 129731 546 646 1)
(11885 -39245.9 -97837.4 429 529 1)
(11902 23158.3 40003.2 320 420 3)
(11907 -85282.3 33085.2 554 654 1)
(11910 98634.2 -138952 332 432 1)
(11923 23194.8 -33310.4 165 265 1)
(11927 115864 -126088 416 516 1)
(11930 -82576.5 -68431.4 146 246 1)
(11941 -83465.3 -36383.9 474 574 1)
(11950 -14019.5 44186.4 557 657 1)
(11951 3006.56 99643.8 12 112 1)
(11975 -39201.5 3977.03 100 200 3)
(11977 84551.5 -123841 194 294 1)
(11980 -47246.4 57236.6 166 266 1)
(11982 -66378.9 1862.59 484 584 1)
(11988 49365.4 55262.1 364 464 1)
