(167003 -72444.4 -83739.5 590 690 1)
(167007 29102.4 52104 173 273 1)
(167009 -16010.2 -69593.1 391 491 1)
(167010 6924.8 144746 179 279 3)
(167011 -28184.4 -38269.3 111 211 1)
(167015 76610.9 141816 488 588 3)
(167020 47371.8 12947.7 401 501 1)
(167025 -72995.6 100494 577 677 1)
(167029 -5946.97 -49397.1 41 141 1)
(167035 -74641.6 -126021 499 599 1)
(167039 1141.83 -68616.6 326 426 1)
(167043 87619.1 68322.5 381 481 1)
(167052 -113186 75235.1 24 124 3)
(167061 14212.8 -59546.1 610 710 3)
(167064 -120699 -93689.3 332 432 1)
(167066 36293 -15247.6 484 584 1)
(167067 -21081.8 -31345.5 537 637 1)
(167072 -59331.1 87466.9 391 491 3)
(167084 71366.7 -52337.3 29 129 1)
(167092 46515.7 35092.3 504 604 1)
(167094 16912 -37473.7 130 230 1)
(167104 -119634 -60393.3 115 215 1)
(167115 31286.2 2877.19 260 360 3)
(167129 95546.4 -73613.9 209 309 1)
(167130 -12965.4 -108946 443 543 1)
(167137 48336.9 30171.3 270 370 1)
(167141 62311 125522 69 169 1)
(167146 -19062.3 -89598.7 66 166 3)
(167147 -10965.2 107546 166 266 1)
(167150 99107.3 109264 241 341 1)
(167158 -51152.6 39006.4 454 554 1)
(167170 3119.09 -70600.6 359 459 1)
(167176 -34265.5 -29396.2 555 655 3)
(167180 -92581.8 -7328.29 424 524 3)
(167188 52396.8 -28373 373 473 3)
(167205 -30148 101537 38 138 1)
(167210 44326.7 -66505.9 218 318 1)
(167220 -89429.4 -130839 139 239 1)
(167229 80596.1 -44437.7 567 667 1)
(167237 22200.6 -107751 218 318 3)
(167239 -19059.7 -98801.4 598 698 3)
(167245 -107510 45076.5 25 125 3)
(167251 17157.1 16027.9 35 135 3)
(167255 37283 35061 78 178 3)
(167258 -40206.1 142795 391 491 1)
(167262 50341.2 -114083 322 422 1)
(167263 -63315.6 -106687 1 97 1)
(167267 2053.05 -124814 104 204 1)
(167271 -57392.2 -47598.6 520 620 1)
(167278 -13230.3 127733 588 688 1)
(167287 46253.5 -83870.5 165 265 1)
(167292 -61365.6 -141920 45 145 1)
(167299 84514.5 148810 95 195 1)
(167300 -64100.8 -51460.9 541 641 3)
(167302 -114731 -131023 505 605 1)
(167308 94771.3 -102853 604 704 1)
(167309 23295.2 -82565 440 540 1)
(167311 36322.2 -121993 600 700 1)
(167314 88615.6 -73646.4 502 602 1)
(167317 106677 -118842 208 308 1)
(167322 -13198.7 -101623 77 177 3)
(167324 116922 -11152.7 327 427 1)
(167339 27252.4 -87628.3 114 214 1)
(167340 -17009.5 -13273.3 220 320 1)
(167342 -46269 -108872 355 455 1)
(167349 -55273.2 -116818 218 318 1)
(167353 8147.92 -120040 629 729 1)
(167361 79661 -28352.2 535 635 1)
(167364 16146.8 -140020 300 400 1)
(167383 -82500.8 -42441.8 546 646 1)
(167407 -3923.07 -41334.1 283 383 1)
(167416 -12029.2 -48577.6 275 375 1)
(167418 -121826 109631 518 618 1)
(167419 -113619 -87577.4 191 291 3)
(167421 23229.8 -17258.9 504 604 1)
(167422 85530.4 -111754 146 246 3)
(167423 -1951.05 -78706.4 597 697 3)
(167424 53351 -130804 10 110 1)
(167427 52436.6 104576 442 542 1)
(167439 -3961.33 -24255.5 70 170 1)
(167445 107677 -58402.3 282 382 1)
(167448 -21339.7 -123107 604 704 1)
(167449 114596 -76525.3 1 93 1)
(167464 -33293.7 -10365.9 610 710 3)
(167469 -5001.96 25030.9 488 588 1)
(167486 95728.7 135786 528 628 1)
(167495 60340.9 126663 455 555 1)
(167498 115517 -7130.78 8 108 3)
(167500 -48282.3 10911.3 328 428 3)
(167503 -22095.9 17988.4 503 603 1)
(167509 96551.3 -71478 367 467 -1)
(167519 16179.5 -14269.7 577 677 1)
(167520 119851 -134918 277 377 3)
(167531 -106856 -119758 611 711 1)
(167532 4106.4 36092.5 420 520 1)
(167534 -37166.4 44163.6 286 386 1)
(167542 -94575 -148194 615 715 1)
(167548 -117304 72265.5 243 343 1)
(167552 -41209.9 -60479 502 602 1)
(167557 -106522 -57430 39 139 1)
(167561 -70339 -12222.1 132 232 1)
(167565 -52073.7 -147064 520 620 1)
(167575 101019 -130756 561 661 1)
(167578 103645 -131832 94 194 1)
(167579 85525 -66479.6 67 167 1)
(167587 -81485.7 87445.2 254 354 1)
(167593 79527.5 50209.1 183 283 1)
(167596 -41177.1 106694 628 728 1)
(167605 -78402.2 -35331.1 229 329 1)
(167611 -116613 764.521 251 351 1)
(167626 45353.5 21011.1 428 528 1)
(167629 -80671.5 55351.2 41 141 1)
(167634 123932 66328.3 516 616 1)
(167636 -929.399 -71503.9 181 281 3)
(167637 -106573 -210.007 403 503 3)
(167645 -38167.6 21033.7 193 293 1)
(167659 81637.2 -49462.2 472 572 1)
(167660 51359.9 -63490.2 128 228 1)
(167662 -108556 912.942 87 187 1)
(167663 25106.9 -95798.4 354 454 1)
(167668 -124602 -62447.3 2 102 1)
(167678 2112.28 56194.8 287 387 1)
(167685 54368.3 -64580.7 374 474 1)
(167692 89526.3 53259.8 193 293 1)
(167702 -29119.4 -50459.6 601 701 3)
(167706 25204.4 -70520.3 129 229 1)
(167713 25213.7 18969.6 272 372 1)
(167714 -17015.1 -52529.7 481 581 1)
(167737 -103582 -50392.8 103 203 1)
(167741 38311.8 -92639.2 69 169 1)
(167753 44379.4 79395.6 603 703 1)
(167763 -21888 -52433.1 41 141 3)
(167771 -28117.6 -84563.5 138 238 3)
(167778 2093.62 44195.7 622 722 1)
(167789 10172.8 -34349.2 496 596 3)
(167791 -42135.2 -24303.2 480 580 3)
(167796 -124884 55166.9 629 729 1)
(167801 -79525.2 121737 566 666 1)
(167804 -109511 123626 177 277 1)
(167820 -107641 -97709 284 384 1)
(167823 15170.3 -116997 617 717 1)
(167836 -113703 88432.1 322 422 1)
(167841 56479.4 1863.35 584 684 1)
(167849 90696.2 114525 102 202 3)
(167851 -34290.2 -50441.2 84 184 1)
(167853 -110349 -187.819 509 609 1)
(167855 85438.4 9995.06 306 406 1)
(167875 -42058 -61615.3 573 673 3)
(167876 -10022.4 -64646 483 583 1)
(167881 -55245.9 -31292.7 98 198 3)
(167895 23214.8 -59507.5 353 453 1)
(167899 71571.4 52226.6 600 700 3)
(167902 75407.7 -78592.8 100 200 1)
(167930 36346.1 -102651 46 146 1)
(167932 -11961.6 -80478.2 291 391 3)
(167963 -35131.7 51172.6 105 205 3)
(167967 -84450.1 -96789.1 391 491 1)
(167974 28275.5 -49611.4 615 715 1)
(167975 68482.8 -122938 199 299 1)
(167977 -12041.1 -34357 317 417 1)
(167995 112861 -137268 234 334 1)
