(84000 -111733 43153.3 585 685 1)
(84003 -45430.7 -87492.6 549 649 1)
(84012 -4973.62 -74631.1 521 621 3)
(84015 -4014.52 67314.8 289 389 1)
(84017 67455.7 -110008 517 617 1)
(84023 -73406.9 30061.8 349 449 1)
(84028 -60326.1 43161.5 428 528 1)
(84040 -76372.6 -82564.6 59 159 1)
(84049 -59276.6 -61460.1 20 120 1)
(84056 113674 2912.88 28 128 1)
(84058 60444 -133993 378 478 1)
(84059 19186.6 21002.8 94 194 1)
(84065 42286.1 87370.4 116 216 1)
(84071 -101522 65247.8 92 192 1)
(84082 62420.6 128511 68 168 1)
(84089 63454.4 -54503.1 440 540 3)
(84102 -81488.9 -78690.7 558 658 3)
(84103 -29131.2 -63574.5 521 621 3)
(84106 24327.9 -80544.6 389 489 1)
(84117 -94586.8 86424.1 360 460 1)
(84122 -64377.9 70323.1 230 330 1)
(84129 32295.9 47138.9 464 564 1)
(84137 32154 99546.5 374 474 3)
(84144 -37174.9 -99763.6 356 456 1)
(84148 -40413.3 6089.84 257 357 1)
(84149 104801 -60453.2 1 101 1)
(84161 -8991.17 -45522.8 495 595 1)
(84164 -41218.8 -15225.9 257 357 1)
(84172 117742 -69510.9 278 378 1)
(84191 -83452.7 -40367.9 308 408 1)
(84205 -26090.7 -40396.9 435 535 1)
(84207 -10041.9 17912.2 476 576 1)
(84208 -33161.5 -91572.9 97 197 1)
(84211 -5972.47 -79604.7 273 373 3)
(84220 -116866 -65776.7 396 496 1)
(84223 -55285 85298.4 222 322 3)
(84241 7108.45 -49423.7 232 332 1)
(84244 -9658.49 -33426 433 533 3)
(84251 39692.6 136415 471 571 1)
(84257 -71416.6 79366.8 393 493 1)
(84265 -44228.3 11939 373 473 1)
(84285 -122672 -6143.63 222 322 3)
(84296 -12050 -24314.3 512 612 1)
(84298 36334.9 -31354.7 548 648 1)
(84313 -12954.2 -70597.7 482 582 1)
(84326 -21267.1 -116996 482 582 1)
(84333 -61242.4 73301.8 102 202 1)
(84334 -29114 16978.4 179 279 1)
(84345 -1976.64 -88681.8 228 328 1)
(84349 108888 -4203.01 378 478 3)
(84350 41292.9 133602 1 100 3)
(84353 17131.9 93421.1 168 268 1)
(84357 38251.4 -10161.9 54 154 1)
(84363 -124770 -124952 451 551 1)
(84366 40299.8 4897.06 170 270 1)
(84373 -83382.9 113515 5 105 1)
(84374 83593.5 -88752.9 474 574 1)
(84376 70546.5 79391.1 582 682 1)
(84389 -4973 27060.9 468 568 1)
(84390 68438.2 64218.7 68 168 1)
(84396 -52142.3 104331 365 465 1)
(84407 -28144.1 72440.8 518 618 1)
(84408 69600.8 -186.054 544 644 3)
(84414 -111509 16132.1 280 380 1)
(84419 91657.4 15970.1 417 517 3)
(84430 20243.2 1984.11 576 676 3)
(84443 28198.4 -107625 52 152 1)
(84445 -41126.1 66348.7 101 201 3)
(84458 -30116.8 -60445.9 74 174 1)
(84460 -9995.64 70307.6 480 580 -1)
(84473 37264.8 90367 249 349 1)
(84481 18155 23064.6 359 459 1)
(84487 -59321.4 29061.9 537 637 3)
(84497 98573 131570 51 151 1)
(84499 23183.8 -39310.1 249 349 1)
(84515 64521.1 -136081 533 633 1)
(84516 -13881.4 37100.5 534 634 1)
(84517 -72471.6 20960 344 444 1)
(84519 71476.8 -95682.8 180 280 1)
(84522 -56294.8 35009.6 300 400 1)
(84523 -81482.1 56231.2 497 597 3)
(84546 -86351.6 -138016 148 248 1)
(84556 -80409.7 131741 211 311 1)
(84559 5132.37 129929 508 608 3)
(84570 49338.2 73308.4 326 426 1)
(84576 -33224 119764 619 719 1)
(84578 52351.9 61190.2 213 313 1)
(84584 20072.1 29040.4 33 133 3)
(84586 -66488.5 -75700.2 487 587 1)
(84596 -115648 3880.5 356 456 1)
(84607 90604.7 39112.2 269 369 1)
(84620 -91458 76314.2 80 180 1)
(84635 12149.3 41159.6 507 607 1)
(84657 116770 -36327.1 287 387 1)
(84659 82501.6 -90599.6 31 131 1)
(84661 52427.3 -102842 298 398 1)
(84671 -47202.1 142763 228 328 3)
(84672 103648 29102 123 223 1)
(84673 19201.8 28051.5 128 228 1)
(84687 -58400 -74573.2 157 257 1)
(84694 19060.4 17966.8 309 409 1)
(84695 -79347.5 98508.8 37 137 1)
(84702 84708.1 -139161 625 725 1)
(84708 -30151.5 -100796 382 482 3)
(84710 50088.6 36801 324 424 1)
(84718 47320 65352.8 489 589 3)
(84721 -38233.2 115702 450 550 1)
(84724 -25091.3 -97783.7 401 501 3)
(84734 3093.17 -18239.3 298 398 1)
(84739 -62261.9 -141994 44 144 1)
(84740 -104622 19980.7 411 511 1)
(84742 -25103.9 -88723.1 440 540 1)
(84754 85505.3 132713 223 323 1)
(84775 34182.2 -51573.3 598 698 1)
(84780 -28109.1 -88588.9 15 115 1)
(84784 -18057.4 88389 146 246 1)
(84789 -10064 142651 126 226 3)
(84791 17176.8 104408 187 287 1)
(84792 70619.9 -108669 335 435 3)
(84800 70.7717 -32321.2 288 388 3)
(84802 -75506.9 130716 408 508 1)
(84805 -45210.3 -7156.71 100 200 3)
(84806 45312.7 100430 22 122 1)
(84809 -120659 72232.9 523 623 1)
(84826 -119725 24030.6 431 531 1)
(84830 -65295.2 -53386.4 49 149 1)
(84831 -39241 43091.8 252 352 1)
(84834 -57267.6 -103822 374 474 3)
(84839 20134.6 -15367.3 571 671 3)
(84845 86564.6 -30463.7 123 223 3)
(84846 -64379.3 1861.1 454 554 1)
(84850 -14025.2 -18230 1 101 1)
(84854 71437.9 -8140.03 38 138 1)
(84862 -13007.1 -9170.66 145 245 1)
(84870 102717 -123914 369 469 3)
(84872 13116.3 -9161.52 530 630 3)
(84882 -18141.6 -62448.6 481 581 1)
(84886 -45187.3 -51576.2 198 298 1)
(84892 -48239 -93716.3 377 477 1)
(84901 37297.5 -146039 331 431 3)
(84903 -16035.2 -61536.7 388 488 3)
(84905 61376.7 -132885 150 250 1)
(84908 38240.1 -142031 332 432 1)
(84913 22202.8 -82622.5 411 511 3)
(84927 -106583 15964 255 355 1)
(84930 19178.5 66352.7 617 717 1)
(84931 -17046.6 85368.1 142 242 3)
(84938 58448.2 -92751 438 538 1)
(84942 -47272.5 85427.8 410 510 1)
(84955 59383.9 -6076.26 247 347 1)
(84971 -44302.9 -122939 494 594 1)
(84973 -28058.8 65151.8 75 175 1)
(84975 -94379.6 -85718.7 605 705 1)
(84982 -24089.6 -135046 465 565 1)
(84987 72547.2 64285.9 498 598 1)
(84989 69433.1 -113708 75 175 3)
(84991 -8936.89 -41374.4 330 430 1)
(84997 88587 23988.3 189 289 1)
