(47003 93624 -74584.2 264 364 1)
(47004 93759.7 24029.7 614 714 1)
(47007 -72403.7 13962.2 387 487 1)
(47008 90565 -132869 213 313 3)
(47010 -121694 113464 110 210 1)
(47015 -59293.8 133677 388 488 1)
(47022 -115771 86167.7 371 471 1)
(47023 -121566 95442.5 127 227 1)
(47026 22189.8 49180.3 350 450 1)
(47029 42368.9 39111.6 568 668 3)
(47032 -86561.7 -108728 258 358 1)
(47042 -17990.8 -82657.3 320 420 1)
(47051 -85489.2 -102813 411 511 1)
(47056 31268.9 -13218.1 349 449 1)
(47057 -75565.2 -55336.2 420 520 1)
(47059 67552.2 -55672.6 574 674 3)
(47060 -44352.4 -106741 190 290 1)
(47072 101609 87364.9 61 161 1)
(47073 -59299.6 879.435 278 378 1)
(47078 57529.8 -141997 227 327 1)
(47081 32278.7 116519 270 370 1)
(47094 43300.5 28092.5 50 150 1)
(47115 9129.18 -55511.5 536 636 1)
(47116 -51259.8 -3189.2 580 680 3)
(47127 -38172.3 -89658.4 232 332 1)
(47129 -41186.6 -15197.2 44 144 3)
(47131 -9974.01 -10208.6 500 600 1)
(47133 70450.2 29018.4 43 143 1)
(47134 -43337.7 -128051 537 637 1)
(47136 75467.9 38048.9 339 439 3)
(47137 85538.6 -125828 122 222 1)
(47143 45421 50124.3 283 383 1)
(47158 1083.14 141693 158 258 3)
(47159 -39177 -32331.8 229 329 3)
(47178 110818 124677 526 626 3)
(47180 -51277.2 34073.2 145 245 1)
(47184 -24040 -109744 155 255 1)
(47191 -61293.1 -95623.2 141 241 1)
(47195 -93476.3 -121838 187 287 3)
(47196 -119759 -27695.7 1 99 3)
(47197 100746 -129032 267 367 3)
(47201 88589.9 129582 113 213 1)
(47216 51405.4 -13148.5 403 503 1)
(47232 5931.94 -90599.4 187 287 3)
(47235 -69333.1 113463 24 124 1)
(47240 118550 -114947 131 231 3)
(47244 -45106.1 39052.3 612 712 1)
(47254 123854 -127934 292 392 1)
(47256 -61357.9 -85719.8 508 608 1)
(47260 -98617.1 -43454.9 593 693 3)
(47263 40304.6 -141995 230 330 1)
(47264 54463.6 66298.8 601 701 1)
(47266 -91620.1 96512.6 585 685 1)
(47268 -42920.5 -62334.7 68 168 1)
(47276 -43318.4 113668 227 327 1)
(47277 75627.8 -103983 553 653 3)
(47282 31249.1 50207.7 617 717 1)
(47286 20280.6 -39508.2 535 635 1)
(47287 30199.5 -25406 507 607 3)
(47293 -58217.7 -123927 251 351 1)
(47295 51748.9 85341.9 625 725 1)
(47299 55476.7 -68728.2 464 564 1)
(47303 42312 36121.8 300 400 3)
(47329 -95578.6 -77648 361 461 1)
(47330 37301.4 -120973 510 610 3)
(47334 2121.31 -137122 535 635 1)
(47335 -42160.6 130561 10 110 1)
(47338 28236.2 22052.3 146 246 1)
(47339 -115603 -116789 156 256 1)
(47348 79914.6 113650 287 387 1)
(47349 56236.5 110558 120 220 1)
(47350 64.4965 -52410.9 123 223 1)
(47351 -99448.5 43151.7 105 205 1)
(47354 30229.3 94465.6 133 233 1)
(47358 37307.4 38111 413 513 3)
(47361 77503.9 -130747 2 102 1)
(47364 -107542 -2121.35 69 169 3)
(47369 38481 12949.7 1 96 3)
(47375 10080.9 -82553.4 99 199 1)
(47377 17106.3 19997.5 4 104 1)
(47392 124700 -40325.4 92 192 1)
(47399 83655.3 -51451.7 498 598 3)
(47400 23166.3 -19200.3 64 164 1)
(47406 88659.3 -92766.4 486 586 1)
(47411 -57300 61274.1 199 299 1)
(47414 64578 75535.5 323 423 1)
(47415 -53315.9 -25334.1 484 584 1)
(47428 -72333.2 -32249.5 63 163 1)
(47430 75468.5 51228.8 267 367 1)
(47435 -33197.2 -1169.73 346 446 1)
(47438 -11018.4 -133908 168 268 1)
(47439 73543.5 -8213.28 538 638 3)
(47444 -124609 -125877 43 143 3)
(47447 -32115.8 8987.13 88 188 3)
(47448 38280.6 57192.7 100 200 1)
(47451 -9992.89 143741 222 322 1)
(47455 -122742 -56503.5 496 596 1)
(47459 -2955.27 -5170.01 565 665 1)
(47460 -86244.6 55224.8 91 191 1)
(47462 -57346.3 -3182.16 289 389 1)
(47470 -56283.8 42141.2 328 428 1)
(47475 37306.6 6853.16 394 494 1)
(47486 -90400.3 -60495.6 145 245 1)
(47495 -105502 12812.2 446 546 1)
(47496 -51366.8 90524.2 569 669 1)
(47500 72313 -144876 66 166 1)
(47503 30186.2 35081.1 24 124 1)
(47508 -19107.7 99544.4 597 697 1)
(47516 -96520.7 -42443.5 266 366 1)
(47535 99698 9890.53 333 433 1)
(47536 -35121.3 -43348.8 17 117 1)
(47537 -68384.6 122654 403 503 1)
(47538 84939.2 1751.87 460 560 1)
(47540 -10035.8 -89685.9 281 381 1)
(47544 99628.9 -126970 286 386 1)
(47549 66658.6 27711.2 572 672 3)
(47554 -100528 -39515.3 21 121 1)
(47556 -14028.3 -4174.28 345 445 1)
(47557 50327.8 -16205.6 136 236 1)
(47559 -27007.3 -55380 424 524 1)
(47566 -114831 -19302.8 528 628 1)
(47573 -6048.17 26979.7 459 559 1)
(47580 103632 138743 389 489 3)
(47586 41354 36109.6 529 629 1)
(47594 37333 -32374.2 603 703 1)
(47599 34335.5 -57564.8 223 323 3)
(47602 3076.65 -36298.6 16 116 1)
(47606 22307.1 122745 303 403 3)
(47617 60500 -145354 591 691 1)
(47618 -17465.1 42016.9 593 693 1)
(47628 -24429.6 -51537.4 163 263 1)
(47632 16175.4 -48454.5 414 514 3)
(47643 -72352.1 39095.6 214 314 1)
(47645 -69431.3 113630 319 419 3)
(47647 25276.6 -49392.7 401 501 1)
(47648 -25170.7 -121016 367 467 1)
(47653 3068.53 -119822 178 278 1)
(47657 37346.3 35092.7 601 701 1)
(47664 -52249.5 49162.9 244 344 3)
(47665 41382.4 127706 505 605 1)
(47667 -96668.5 79448 445 545 3)
(47689 -57199.4 30082.2 166 266 3)
(47697 -65709.9 38018.6 260 360 1)
(47699 -21060.7 -118711 213 313 3)
(47714 -85427 -69513.9 138 238 1)
(47722 58305.8 143680 346 446 1)
(47724 -117649 -38773.6 59 159 1)
(47725 -57366.8 -122656 390 490 3)
(47731 22221.2 -123941 466 566 1)
(47734 18262.3 -51611.9 390 490 1)
(47736 87680.6 74345.6 428 528 1)
(47737 38287.2 -42387.7 179 279 3)
(47744 33233.1 94406.8 76 176 1)
(47745 -5987.04 -35254.6 6 106 1)
(47762 -27138.1 -87675.8 334 434 1)
(47768 83625.6 -44436.9 446 546 1)
(47773 60.2216 23981 616 716 1)
(47788 -10003.9 -82623.2 206 306 1)
(47795 10147 -80540.9 86 186 1)
(47809 -85527.2 6885.35 492 592 1)
(47816 78921.5 89713.9 378 478 3)
(47820 -40139.4 -47516.5 494 594 3)
(47822 37335.5 -5167.35 568 668 1)
(47826 -41249.3 25964 584 684 3)
(47835 -7987.21 -46355.7 1 98 3)
(47839 -86412.1 -126849 140 240 1)
(47844 -59371.7 -92863.9 606 706 1)
(47852 -8042.24 -129080 475 575 1)
(47866 63480.9 17973.2 526 626 3)
(47871 53159.6 83198.3 19 119 3)
(47879 -21077.3 5812.73 274 374 1)
(47882 -96449.7 60188 20 120 1)
(47893 -74367.7 -17222.5 140 240 1)
(47908 105620 -122782 46 146 1)
(47910 -98703.8 -29373 619 719 1)
(47913 -67355.4 -70542.6 216 316 1)
(47921 -68392.8 -127966 424 524 1)
(47933 -92427.5 22000.3 10 110 1)
(47934 72550.8 -18255.3 474 574 1)
(47944 -66343.5 -95572.7 212 312 3)
(47945 -15058.5 104612 585 685 1)
(47946 -70353.7 34109.3 224 324 3)
(47953 27075.6 -69462.4 1 101 1)
(47959 75506.5 108625 498 598 1)
(47970 105699 -130677 7 107 3)
(47985 95613.1 -147969 223 323 1)
(47986 114883 6870.33 602 702 1)
(47987 58172.6 -41193.8 253 353 3)
(47990 -10930.6 -40288.4 202 302 1)
(47998 43314.2 12029 113 213 3)
