(183001 43312.6 -51426 199 299 1)
(183011 -30126.2 -54449.1 295 395 3)
(183017 -31148.4 -70522.6 145 245 1)
(183019 68676.7 77271.1 277 377 1)
(183021 100699 -90706 350 450 1)
(183024 -40190.3 -62386.6 84 184 1)
(183025 -48244.7 136761 356 456 1)
(183030 -24117 -8198.48 242 342 3)
(183035 118909 -111047 521 621 3)
(183046 -88484.7 137766 311 411 1)
(183050 -54264.4 77336.2 227 327 1)
(183059 28227.9 -6150.72 208 308 1)
(183066 55138.3 129823 585 685 3)
(183068 -31150.8 -128881 93 193 1)
(183069 -42275.4 -134913 230 330 3)
(183071 57517.6 -66593.4 368 468 1)
(183072 -67363.4 44132 400 500 1)
(183081 22170.3 -28257.9 3 103 1)
(183085 -111584 23967.1 197 297 1)
(183089 -29094.8 -6215.39 598 698 1)
(183095 -80389.2 -121890 381 481 3)
(183101 -50258 -69532.7 230 330 1)
(183124 -1917.77 -82745 575 675 1)
(183133 20192.5 -106809 373 473 3)
(183135 39442.5 -25312 564 664 1)
(183137 -42247.6 -119931 411 511 1)
(183146 -42148.1 80263.7 436 536 1)
(183151 -34164 -100834 503 603 1)
(183160 -110587 -69532.5 207 307 1)
(183163 35278.7 -121801 127 227 1)
(183168 21311.6 108568 26 126 1)
(183174 -69318.1 -98653.2 79 179 1)
(183175 35288.7 -93707.6 475 575 1)
(183178 -39165 130656 197 297 1)
(183183 39373.4 119692 235 335 1)
(183190 10801.9 -85359.9 98 198 1)
(183202 46351.5 -114819 247 347 1)
(183203 9098.7 -118815 13 113 1)
(183212 -20045 -70507.4 1 100 1)
(183217 87592 144843 397 497 1)
(183225 108696 105488 149 249 1)
(183227 78468.3 9953.32 76 176 1)
(183228 -8909.58 -109578 55 155 1)
(183234 -106801 129532 355 455 3)
(183239 70500.5 93433.2 385 485 1)
(183244 -31174.2 -116947 515 615 3)
(183252 56403 -58406.4 39 139 1)
(183259 -36127.9 -76544.5 437 537 1)
(183267 -35162.1 -71568.7 283 383 1)
(183277 -66316.8 77206.6 117 217 1)
(183284 -80416.6 -121928 221 321 3)
(183288 -86581.2 -72667.7 549 649 3)
(183314 119751 -49398.1 41 141 1)
(183316 -16028.9 -1121.21 289 389 3)
(183331 -70267.6 -119791 1 95 1)
(183351 -13036.2 84374.7 134 234 1)
(183354 4039.1 50212.8 359 459 3)
(183365 -72309.7 44071.3 413 513 3)
(183369 78524.1 -26275 207 307 1)
(183374 84624.4 -106802 515 615 1)
(183376 19170.6 27053.3 70 170 1)
(183381 98644.3 111433 99 199 1)
(183383 -101660 -91822.6 431 531 1)
(183388 109651 -39331 140 240 3)
(183391 -108652 128730 217 317 1)
(183401 99553.5 103483 8 108 1)
(183403 -21088.1 -85735.2 557 657 1)
(183411 -113648 -88951.3 506 606 1)
(183412 -10012.5 99556.1 571 671 1)
(183415 -39176.8 -102723 294 394 1)
(183416 90678.6 -20286.7 596 696 3)
(183421 -81383.6 -73521.8 7 107 1)
(183424 -5950.19 -45448.6 504 604 3)
(183449 108631 -48431.8 3 103 1)
(183453 60499.8 42142.6 583 683 3)
(183465 -53157.8 91612.7 37 137 1)
(183467 10089.5 105783 433 533 1)
(183470 -55253.5 -56419.9 84 184 1)
(183471 -45231.3 11939.6 276 376 1)
(183478 76659.7 -37310.8 527 627 1)
(183482 43347.2 854.579 131 231 1)
(183483 -82500.1 -141008 516 616 1)
(183484 67425.3 -124811 77 177 3)
(183487 -73444.6 -22390.8 408 508 1)
(183490 -23159.3 -2188.99 586 686 3)
(183491 105722 25022.1 348 448 1)
(183498 -25080 -96604.5 101 201 1)
(183499 -48238.4 39065.3 159 259 1)
(183500 -81268.9 25191.5 130 230 1)
(183503 -109533 -64483.1 70 170 1)
(183504 83644.8 -143957 151 251 1)
(183505 9147.27 -26345.2 406 506 3)
(183510 -72202.1 44122.1 226 326 1)
(183511 -30084.1 -17279.7 368 468 1)
(183515 -103367 -89441.7 78 178 1)
(183534 49348 -25283.5 266 366 1)
(183535 -87487.3 -84661.9 278 378 1)
(183540 21206.4 -120939 387 487 1)
(183544 -119796 -114034 493 593 1)
(183550 -47176 -107845 615 715 1)
(183557 80516.8 -83958.2 285 385 1)
(183560 -29123.6 119644 376 476 1)
(183561 33377.3 113088 449 549 1)
(183566 -14098.6 -90721.4 420 520 1)
(183585 4076.31 105257 1 98 1)
(183597 93684.6 76435.3 571 671 1)
(183606 57354.3 -55436.5 52 152 3)
(183614 23129.5 -147369 476 576 3)
(183625 -9039.06 51138.8 174 274 1)
(183627 -4020.52 -120973 492 592 3)
(183630 79548.3 -139836 209 309 1)
(183631 88676.7 26077.4 291 391 1)
(183632 -123721 -78590 351 451 1)
(183634 107832 13160.6 84 184 1)
(183636 11159 40171 445 545 1)
(183641 101691 -116547 233 333 3)
(183664 49379.3 -30327 344 444 1)
(183667 -71459.1 -15936.6 477 577 1)
(183668 -32084.3 -138831 88 188 1)
(183673 -1898.4 138834 447 547 1)
(183692 -20114.4 119265 16 116 3)
(183702 -63361.8 8917.61 388 488 1)
(183706 57490.9 -57525.1 534 634 1)
(183715 -49283.8 -71595.2 515 615 1)
(183724 -11017.3 -19285.3 614 714 1)
(183729 -104133 -24860 16 116 1)
(183735 112547 -135760 49 149 3)
(183736 65398.3 -10152.8 32 132 1)
(183741 122624 -135046 202 302 3)
(183744 -60282.1 -88542.6 307 407 1)
(183747 -97627.3 49304.8 125 225 3)
(183754 72524.2 9932.44 267 367 1)
(183770 -24158.4 -10381.7 438 538 3)
(183776 33228.2 -2048.97 96 196 3)
(183777 44293.8 80352.8 154 254 1)
(183782 72305.6 -12161.3 46 146 1)
(183785 -32074.1 25999.4 198 298 1)
(183801 28141 -98643.7 137 237 3)
(183806 60406.2 -57325 14 114 1)
(183812 83704.9 -42447 589 689 1)
(183819 -47255.9 76375.8 252 352 3)
(183821 -18020.5 -93615 172 272 1)
(183835 -94469.6 -31196.4 251 351 1)
(183842 55522.2 -37411.7 628 728 1)
(183847 27279.5 -17236.4 327 427 1)
(183848 -82660.9 102000 370 470 1)
(183855 95572.9 -147921 80 180 1)
(183865 56431 -50454 333 433 1)
(183872 -97694.2 35146.6 402 502 1)
(183885 -107448 32211.1 43 143 -1)
(183886 -100482 -82.3123 216 316 1)
(183892 -16039.6 91443.9 347 447 3)
(183895 -79454.4 72328.5 493 593 1)
(183898 -44203.4 2908.88 2 102 3)
(183905 29294.8 -42455.2 623 723 1)
(183918 101658 -68987.9 328 428 1)
(183922 -10022.1 -87577.5 128 228 1)
(183924 48277.5 18951.6 228 328 1)
(183931 24355.6 -143260 494 594 1)
(183933 -22070.5 67948.5 240 340 1)
(183934 27202.1 60214.8 148 248 1)
(183939 44468.7 -76565.5 244 344 1)
(183959 10226.9 69350.7 201 301 1)
(183960 -13038.7 47116.8 46 146 1)
(183961 34268.6 137748 301 401 3)
(183973 -19028.5 21028.5 374 474 3)
(183975 -78468.5 60271.9 306 406 1)
(183986 -81493.8 -32374.6 571 671 1)
(183988 67511.6 -93821.5 358 458 1)
(183990 93871.6 123731 577 677 1)
