(136003 -59258.3 -2190.85 259 359 1)
(136013 -111577 15876.6 62 162 1)
(136026 19206.3 44203.7 78 178 3)
(136027 -59311.1 16952.9 407 507 1)
(136052 123774 -124730 240 340 3)
(136054 -40593.9 -90778.6 30 130 3)
(136056 32325.5 -91791 592 692 1)
(136063 -107680 -89764 560 660 1)
(136070 -56329.5 -76687.9 459 559 3)
(136075 69452.9 138703 210 310 3)
(136084 100676 47163.3 276 376 1)
(136091 -53276.5 22007.2 432 532 1)
(136102 31311.8 26097.5 229 329 1)
(136107 15067.4 42211.2 374 474 1)
(136108 116800 -149080 364 464 1)
(136111 25211.7 -14208.4 202 302 1)
(136116 -117722 -38332.6 601 701 1)
(136120 -11942.9 145784 522 622 1)
(136129 -116600 81522 334 434 1)
(136132 -2955.87 -7215.94 382 482 1)
(136153 -89534.2 -123947 465 565 1)
(136155 -95600 -165.983 514 614 1)
(136158 -112567 -32326.5 123 223 1)
(136160 -39182.1 38132.5 434 534 3)
(136169 121731 90395.9 105 205 3)
(136178 -1024.22 110554 383 483 3)
(136184 -72371.9 -55580.6 615 715 1)
(136185 -121813 4896.52 529 629 1)
(136190 -956.398 -50462.1 389 489 3)
(136193 -90483 -78644.2 416 516 1)
(136194 46336.2 -24260.1 73 173 1)
(136195 17070.7 -75480.1 325 425 3)
(136213 74461.8 -56426.3 69 169 1)
(136214 104638 69207.5 57 157 1)
(136226 -34195.9 -98799.2 488 588 1)
(136230 45334.6 -33367.3 398 498 3)
(136234 50336.1 -67499.1 76 176 1)
(136238 -29127.1 56226.6 358 458 3)
(136241 -84437.1 -96757.1 298 398 1)
(136244 -3918.29 32023.1 40 140 3)
(136252 31332.3 40287 415 515 1)
(136254 33327.6 -77594.5 352 452 3)
(136258 81530 -66504.4 152 252 1)
(136260 -78378.8 106476 41 141 3)
(136264 110792 -72726.2 529 629 1)
(136266 75561 -51449.4 386 486 3)
(136275 84692 -121778 129 229 1)
(136276 21177.8 22046.4 239 339 1)
(136287 -2810.67 -105273 485 585 1)
(136297 101687 18961.2 250 350 1)
(136299 -40224.5 -118944 538 638 1)
(136300 55444.5 -99786.1 416 516 1)
(136303 28252.2 -149104 400 500 1)
(136304 -37216.2 -55291.2 144 244 1)
(136311 51875.1 -90652.7 257 357 1)
(136333 -106961 -115087 611 711 1)
(136336 112735 58257 170 270 1)
(136340 -49226.1 18982.9 153 253 1)
(136349 101723 -74737.2 350 450 1)
(136351 10163.5 -89643.5 62 162 1)
(136352 89673.7 -7202.12 286 386 1)
(136363 46325.2 9939.36 147 247 3)
(136364 -122683 77336.4 240 340 3)
(136389 30273.9 -43401.4 591 691 1)
(136391 -3934.01 -115975 572 672 1)
(136397 -68145.4 -90636.5 85 185 1)
(136402 -123758 60230.3 542 642 3)
(136403 110544 139668 23 123 3)
(136409 -2946.47 109557 34 134 1)
(136414 -1839.35 -89773.7 415 515 1)
(136416 44290.3 1931.47 492 592 1)
(136429 -56243.6 -137863 39 139 1)
(136434 -57336.7 34100.2 570 670 1)
(136438 24225.6 111554 548 648 1)
(136442 58348 49202.4 301 401 3)
(136444 60546.3 83471.8 528 628 1)
(136447 -50968.1 -123750 126 226 1)
(136466 -5976.25 11948.1 274 374 1)
(136467 61504.8 45176.9 594 694 1)
(136470 -46225.4 144913 338 438 1)
(136474 64441.2 5852.13 67 167 1)
(136476 -33131.6 -133831 124 224 1)
(136478 -43186.9 -2158.11 407 507 1)
(136479 100730 -13240.7 399 499 1)
(136482 -29167 12926.1 626 726 1)
(136497 3069.89 -22261.9 233 333 1)
(136499 70421.6 -53369.8 83 183 1)
(136503 100720 63045.2 360 460 1)
(136506 88667 17909.7 442 542 1)
(136508 120834 -138069 208 308 1)
(136509 87.7136 -71499.6 17 117 1)
(136512 60223.2 -60468 76 176 3)
(136518 -92542.7 33071.6 388 488 1)
(136528 37250.7 -55584.9 454 554 1)
(136531 -122734 65272 215 315 3)
(136532 1040.58 -19299.6 485 585 1)
(136555 -82385.1 -126791 34 134 3)
(136564 -44197.6 38101.1 170 270 3)
(136567 -113624 -54442.5 238 338 1)
(136571 -50385.8 -132815 446 546 1)
(136572 -41224.8 -106825 432 532 1)
(136580 23291.7 -26254.4 215 315 1)
(136581 112802 -19256.1 458 558 1)
(136584 -30112.4 53188.8 160 260 1)
(136585 -49238.1 46181.3 124 224 3)
(136594 62451.8 -47422.1 231 331 3)
(136601 -62399.6 -87734.9 441 541 1)
(136603 -42084 -135988 267 367 1)
(136610 -123844 -28344.9 227 327 1)
(136613 -43161.6 -127831 87 187 1)
(136615 -35021.4 116817 349 449 1)
(136624 124890 -22079.4 144 244 1)
(136629 -25062 -65493.7 59 159 1)
(136631 54426.6 -1032.81 225 325 1)
(136633 -43213.4 -49466.4 393 493 1)
(136639 -10276.2 105553 115 215 1)
(136641 -75478.7 -121029 601 701 1)
(136644 66276.2 37282.4 1 94 1)
(136660 -113724 -105860 548 648 1)
(136668 48387 26023.5 65 165 1)
(136671 69429 64214.3 220 320 3)
(136674 20293.2 -69367.9 125 225 1)
(136675 -59134.9 -101728 324 424 1)
(136676 103645 79346.3 154 254 1)
(136678 -15230.6 32916.5 364 464 1)
(136679 108624 149663 370 470 1)
(136686 73559.3 -94768.6 464 564 3)
(136692 -97591 -98793.9 600 700 3)
(136695 -83470.4 -105951 363 463 3)
(136696 35297.7 -45423.3 371 471 3)
(136706 116652 145992 432 532 1)
(136711 -30133.1 7934.99 188 288 3)
(136730 -87552.4 145883 569 669 1)
(136736 23282.6 35105.4 620 720 1)
(136737 29313.1 -104645 211 311 3)
(136755 10223 -30319.7 142 242 3)
(136758 22230.8 -125007 557 657 1)
(136761 -38158.9 95443.2 216 316 1)
(136764 -20070.3 38127.2 130 230 1)
(136799 -95605.6 86334.8 605 705 1)
(136808 -11006.6 -126986 465 565 3)
(136811 57485.3 22026.7 610 710 1)
(136821 2058.22 -146984 209 309 1)
(136824 -118611 70535.2 297 397 3)
(136826 -98762.2 44200.1 307 407 1)
(136828 6113.1 -23298.2 463 563 1)
(136831 -23064.6 -21201.3 488 588 1)
(136835 -18957 -144144 428 528 1)
(136842 42269.6 -10852 194 294 1)
(136854 118743 14951.3 140 240 1)
(136856 -83391.1 -77578.9 275 375 1)
(136857 -78434.1 -124916 363 463 3)
(136863 28770.9 -199.048 199 299 1)
(136865 98616.7 -48373.9 168 268 1)
(136867 -28071.2 -101865 462 562 1)
(136868 -121843 20082.4 493 593 3)
(136873 -51286.4 84470.1 555 655 1)
(136874 16146 7998.24 197 297 1)
(136875 42321 3918.29 46 146 1)
(136878 104648 -116819 286 386 3)
(136881 -104363 -6236.19 232 332 3)
(136883 -65367.5 -66577.6 498 598 1)
(136884 -7972.81 -138951 265 365 1)
(136899 -121744 103543 421 521 1)
(136901 99609 58238.9 94 194 1)
(136911 51283 -134810 454 554 1)
(136928 -51379.5 89318.5 512 612 3)
(136936 40220.1 65287.7 459 559 1)
(136941 74547.9 -30329.5 252 352 1)
(136945 -106575 -104728 176 276 3)
(136948 3088.5 124726 617 717 1)
(136952 34274.2 -109773 197 297 1)
(136964 31414 131859 368 468 1)
(136968 48329.3 90476.7 496 596 1)
(136974 -20118.4 -35395.4 600 700 1)
(136982 -75637.6 -30348.8 472 572 3)
(136984 95626.3 66239.3 175 275 3)
(136989 103617 -102721 66 166 1)
(136999 41274.4 20999.8 1 96 1)
