(130004 71470.5 -11172.4 138 238 1)
(130006 -13014.6 114743 381 481 1)
(130018 23162.1 39065.4 238 338 1)
(130022 70491.4 -31367.3 521 621 1)
(130057 80628.3 -64606.3 623 723 1)
(130063 114758 122758 471 571 1)
(130064 -7979.69 -146095 348 448 3)
(130067 -23023.8 -121743 585 685 1)
(130069 -100566 -98756.1 401 501 3)
(130076 89585.7 -52438.6 235 335 3)
(130079 62434.9 -44413 271 371 1)
(130090 -19062 -73612.6 378 478 3)
(130094 76547.6 -130903 216 316 1)
(130095 53403.6 22095.1 141 241 3)
(130102 42361.9 -75658.4 523 623 3)
(130103 -78287.1 -18132.7 255 355 3)
(130138 23177.5 -17210.7 24 124 1)
(130144 89490.7 34271.5 28 128 1)
(130146 114905 -48420 410 510 1)
(130157 41297.8 128621 496 596 1)
(130159 7096.34 -13168.6 112 212 1)
(130160 -114540 -98869.4 528 628 3)
(130161 7084.87 -147991 205 305 1)
(130172 36287.7 -117889 387 487 1)
(130174 49373.8 81368.4 464 564 3)
(130180 -96213.6 42850.4 170 270 3)
(130186 -76359 21997.6 181 281 1)
(130193 22273.5 -120890 266 366 1)
(130194 100594 -8158.7 50 150 1)
(130195 -54311.2 -102688 142 242 1)
(130206 42452.7 -111927 623 723 1)
(130212 1060.72 -141881 69 169 1)
(130213 -71352 83356.7 127 227 1)
(130216 -15030.9 -149015 241 341 3)
(130226 -70325.4 -79569.7 190 290 3)
(130227 -31000.8 -34470.1 81 181 1)
(130245 -87491.7 -135990 258 358 1)
(130250 87532.6 8930.23 30 130 3)
(130253 2149.06 30059 11 111 1)
(130256 2078.22 -97782.9 436 536 1)
(130259 -11993.9 -87688.9 563 663 1)
(130265 54477.7 50201 322 422 1)
(130267 80135 -79914.5 205 305 3)
(130272 -9981.64 -118962 552 652 1)
(130275 32232.4 81374.6 109 209 1)
(130288 -10039.6 -12202.2 159 259 1)
(130289 -82495.5 41141.7 516 616 1)
(130291 -113642 -122917 157 257 1)
(130293 72630 8827.57 611 711 1)
(130298 91778.3 -69591.3 11 111 3)
(130309 -18054.8 -100731 261 361 1)
(130316 10145.9 -137055 525 625 1)
(130325 -9997.61 85350.9 109 209 1)
(130332 -4964.56 93336.5 171 271 1)
(130334 23257 -134052 523 623 1)
(130342 112844 -31401.1 555 655 1)
(130347 24179.4 16957.6 39 139 1)
(130350 -108594 -137911 85 185 1)
(130353 -80415.3 108521 189 289 1)
(130355 49326.3 11948 73 173 3)
(130359 -21083.4 88409.4 324 424 1)
(130363 -1000.45 -23241.6 190 290 1)
(130364 -61304.8 -139970 242 342 1)
(130367 92584 112568 161 261 1)
(130373 3052.68 90390.8 130 230 1)
(130387 95533.3 68302.3 173 273 1)
(130397 34304.8 -54469.9 406 506 1)
(130411 -82506.7 -149123 537 637 1)
(130415 -67250.8 -73483.7 1 97 1)
(130416 69512.3 -113757 220 320 1)
(130432 -79402.1 -36431.5 553 653 3)
(130435 110764 -101665 35 135 1)
(130436 -70355.9 -65511.3 172 272 1)
(130439 25209.7 129725 369 469 1)
(130443 -105616 -142039 380 480 3)
(130452 17196.2 6006.61 217 317 1)
(130458 -18052.9 -101766 320 420 3)
(130463 27221.9 -73529.7 6 106 1)
(130474 -14047.4 -102771 323 423 1)
(130475 76596.4 -83716.9 531 631 1)
(130479 -5985.32 -29272.3 15 115 1)
(130480 120867 -72584.8 92 192 1)
(130517 -94571.5 -25293.7 445 545 3)
(130520 -106679 -92782.2 576 676 1)
(130532 53412 -132054 466 566 1)
(130535 -87517.3 -117989 538 638 1)
(130548 73507.1 6910.27 296 396 1)
(130558 44219.2 1870.39 40 140 1)
(130573 71437.5 58194.7 1 96 1)
(130580 33233.1 -60440.3 38 138 1)
(130584 75561.4 55117.4 491 591 1)
(130597 13030.6 101461 229 329 1)
(130599 -44267.9 33114.2 353 453 1)
(130602 -79507.3 9890.77 518 618 1)
(130603 49205.1 26104.2 12 112 1)
(130613 -52278.4 30060.2 342 442 1)
(130620 -27104 -100706 163 263 1)
(130621 79465.4 4957.41 284 384 1)
(130633 33845.4 -72732.4 328 428 1)
(130634 26167.3 110612 417 517 1)
(130638 -22080.5 -92691 280 380 1)
(130647 -26083.4 117699 513 613 1)
(130648 97630.5 143697 140 240 1)
(130649 -75397.2 -6139.94 287 387 3)
(130656 -26108.1 -120951 502 602 3)
(130660 -62315.8 43132.5 62 162 1)
(130667 29234.5 -79632 250 350 3)
(130669 -76462.8 -96818.3 566 666 1)
(130684 -3964.96 -118784 129 229 1)
(130686 58466 -124000 542 642 1)
(130688 -29052.3 120642 239 339 1)
(130689 19149.9 -101674 193 293 1)
(130695 31019.3 -62745.4 561 661 3)
(130699 -39228.1 -123835 60 160 1)
(130707 -40199.9 -45430.3 391 491 1)
(130710 34332.8 33068.4 600 700 3)
(130712 71415.6 -29299.6 32 132 3)
(130714 3006.23 -133141 618 718 1)
(130719 -86560.2 -72646 480 580 1)
(130726 -97501.7 38125.8 74 174 1)
(130729 22193.8 10952.7 82 182 3)
(130738 82784.6 -117790 428 528 3)
(130739 -96524.8 30049.7 256 356 3)
(130740 70481.4 -36322 241 341 3)
(130746 -23064.6 107566 248 348 1)
(130756 3991.94 2863.79 210 310 1)
(130766 14184.6 -96719 219 319 3)
(130767 93619.2 -21257.6 99 199 1)
(130782 31280.3 80353.1 392 492 3)
(130787 -80458 -146089 451 551 3)
(130788 8200.63 73468 472 572 1)
(130803 -12051.4 24038.4 215 315 1)
(130807 -41300 -121803 81 181 1)
(130809 120677 61214.1 295 395 1)
(130811 -65237.5 -94549.1 88 188 3)
(130816 -78499.1 27014 472 572 1)
(130824 -68312.3 81322.8 82 182 1)
(130830 -23078.5 -35311.8 87 187 3)
(130833 -26090 1901.31 187 287 1)
(130849 -120775 -51514.1 585 685 1)
(130854 -78377.5 -134954 103 203 3)
(130860 51359 -117805 149 249 3)
(130864 -62352.7 -27316.5 475 575 1)
(130866 44290.1 95265 22 122 1)
(130877 20078 56149 17 117 1)
(130882 118059 148756 508 608 3)
(130886 44382.3 101557 568 668 1)
(130889 20206.8 -51435.2 222 322 1)
(130897 15222.5 -78576.5 365 465 1)
(130901 34347.1 8895.83 274 374 3)
(130905 -82393 4911.66 207 307 1)
(130910 -90547.6 45072.4 612 712 1)
(130916 -99594.3 -52583.1 429 529 1)
(130922 88764.7 -102881 469 569 1)
(130923 86514.1 -8179.04 88 188 1)
(130945 22206.3 -11215.3 250 350 3)
(130951 -53252.4 -100705 445 545 1)
(130956 -2945.44 -103894 601 701 3)
(130962 51394.5 -65461.7 240 340 1)
(130963 -37210.6 -74664.1 569 669 3)
(130974 47356.2 115530 167 267 1)
(130978 -119650 3902.57 176 276 1)
(130979 -61370.8 -54411.2 165 265 1)
(130980 -77516.7 -46251.1 327 427 1)
(130987 19166.9 -6159.3 89 189 1)
(130990 -120615 12954.3 98 198 1)
