(70003 -9253.08 -96756.4 477 577 1)
(70009 -67309.9 -48479.4 241 341 1)
(70019 60444.9 61379.2 71 171 1)
(70022 -10000.6 26026.9 78 178 3)
(70026 -3925.81 102566 546 646 1)
(70029 81501.8 -89608.2 131 231 1)
(70033 -111662 -119891 363 463 1)
(70039 -79564.1 -28325.6 46 146 1)
(70073 33292.6 -27332.4 479 579 1)
(70078 28239.1 -17230.5 407 507 1)
(70091 -25005.4 -138598 533 633 1)
(70101 19162.7 -125922 277 377 1)
(70115 4215.78 -135941 49 149 1)
(70125 101697 -134949 278 378 1)
(70132 -27013 72259.4 627 727 3)
(70141 -76407.3 12944.9 313 413 1)
(70148 77815.1 -132316 411 511 1)
(70159 -60225.9 145774 406 506 1)
(70160 -23051.3 14989 54 154 3)
(70163 -96474.9 -54464 153 253 3)
(70164 -37320 -70641.9 585 685 1)
(70167 91527.2 -133846 72 172 1)
(70175 2079.21 -33333.5 280 380 1)
(70183 100626 -128836 55 155 1)
(70184 122743 -27238.4 78 178 1)
(70189 108417 -65932.2 112 212 1)
(70192 -78362.3 16955.9 210 310 1)
(70201 1064.88 149740 136 236 1)
(70203 29188.7 -91640.3 129 229 1)
(70215 -107697 -124699 269 369 1)
(70220 -71408.2 -87741.6 497 597 1)
(70221 27986.6 39010.4 267 367 1)
(70225 12166.9 -77609.9 527 627 3)
(70244 -70308.4 -123740 44 144 1)
(70250 63459.9 142724 308 408 1)
(70251 -120691 4901.08 335 435 3)
(70255 69670.7 -94933 465 565 3)
(70257 -124652 -38385.2 163 263 1)
(70258 -10026.5 79281.9 32 132 1)
(70259 -75384.8 -23334.2 172 272 1)
(70265 -114613 -63494 200 300 1)
(70270 -2884.05 -32429.4 517 617 1)
(70272 -72415.1 -54538.1 595 695 1)
(70283 -16979.9 49164.9 70 170 1)
(70284 -11205.7 35059.7 79 179 1)
(70295 108731 44126.4 165 265 3)
(70296 -15039 111592 369 469 1)
(70299 -38178.4 67255.2 288 388 1)
(70300 40338 -139158 436 536 1)
(70302 -30129.6 50178.7 208 308 3)
(70304 -45167.8 -77692.8 394 494 1)
(70313 67483.5 -13235 270 370 1)
(70324 -103511 -15183.9 1 101 1)
(70337 4082.45 9943.27 214 314 1)
(70339 -860.026 -45268.2 67 167 1)
(70344 -102645 -112903 522 622 1)
(70346 122881 103539 380 480 1)
(70368 22147.7 -58406.4 5 105 1)
(70369 -77439 -45414.7 400 500 1)
(70371 2072.7 10932.9 512 612 1)
(70381 -70485.9 21881.3 583 683 1)
(70384 -76382.7 67432.5 619 719 1)
(70385 62443.7 -14199.3 76 176 1)
(70387 45358.9 56222.1 393 493 1)
(70398 -23073.8 54166.2 24 124 3)
(70400 23197.2 -119800 190 290 1)
(70402 -73407.5 132775 514 614 1)
(70404 57499 23269.7 498 598 1)
(70408 -50264.6 140742 241 341 1)
(70414 -25136.6 1880.34 596 696 1)
(70416 -2941.49 -10182.2 346 446 1)
(70426 101745 121493 485 585 1)
(70427 -31071.6 -96731.5 203 303 1)
(70446 7106.22 -27302.2 114 214 1)
(70460 111908 -15199 519 619 1)
(70461 -69378.9 -1097.46 295 395 1)
(70476 108735 -45397.2 270 370 1)
(70498 -32125.1 65330.9 590 690 1)
(70505 -37079.4 85443.8 358 458 3)
(70510 12083.8 -134939 195 295 1)
(70513 109321 -91505.8 249 349 1)
(70518 26224.9 73508.7 529 629 3)
(70524 35492 -50673.5 340 440 1)
(70526 102731 -30306.9 238 338 1)
(70532 24317.2 -17270.6 484 584 3)
(70553 6258.84 145723 178 278 1)
(70555 28238.7 132596 58 158 3)
(70561 -61322 -116076 463 563 1)
(70563 -81367.2 -78696.4 311 411 1)
(70589 5309.08 -35156.6 413 513 3)
(70593 95581.4 -92618.4 135 235 1)
(70595 -20073.2 -64622.9 414 514 1)
(70599 100803 -115992 540 640 1)
(70603 89468.1 34272.5 262 362 1)
(70605 -23961.7 18234.2 487 587 1)
(70610 25047.6 -147143 179 279 1)
(70617 -73357.9 -6168.34 76 176 1)
(70618 -24132.6 -22352.8 370 470 1)
(70623 73640.1 -1237.76 423 523 3)
(70625 8071.67 83408.4 298 398 3)
(70631 26216.6 -104673 47 147 1)
(70632 -98816.5 91298.7 443 543 1)
(70645 89628.6 -94763.8 479 579 -1)
(70655 123875 54223 454 554 1)
(70679 -6973.39 -149122 440 540 1)
(70691 -50162.1 -8054.22 322 422 1)
(70693 89584.2 141691 206 306 1)
(70695 -94580.3 74383.3 421 521 1)
(70702 2956.71 102593 522 622 1)
(70707 97592.2 -100666 132 232 1)
(70714 -71389.7 79458.9 257 357 1)
(70715 19216.9 -128858 79 179 3)
(70729 58.8426 27058.4 172 272 1)
(70732 -83449 -86664.6 245 345 1)
(70739 55405.4 47106 239 339 3)
(70751 51378.3 74504.9 535 635 1)
(70757 -116650 89399.9 317 417 1)
(70762 -89591.2 -81741.5 629 729 1)
(70769 -48483.1 18046.5 433 533 1)
(70770 -8003.59 -137952 272 372 1)
(70778 -105532 -76553.8 138 238 1)
(70780 -59343.5 -61722.2 539 639 3)
(70782 -110606 -92583.4 271 371 1)
(70789 -3030.8 -11092.2 53 153 3)
(70790 9992.08 107709 238 338 1)
(70791 -112642 -29236.8 97 197 3)
(70805 -9937.21 -1204.3 507 607 1)
(70807 -101686 -66416.9 360 460 1)
(70809 -6936.41 12942.3 464 564 1)
(70813 -55337.5 -135855 135 235 3)
(70814 26221.4 -98645.5 106 206 1)
(70819 -30084.8 -17237 73 173 3)
(70836 70481.9 -103755 222 322 1)
(70841 -81502.1 -133924 386 486 1)
(70842 -55299.7 11931.6 385 485 1)
(70847 52457.7 132748 532 632 1)
(70862 32141.9 -40147 23 123 1)
(70866 -12037.9 -36322.3 217 317 1)
(70876 -3844.91 105699 333 433 3)
(70882 94657.6 38066.7 545 645 1)
(70893 59379.1 146645 12 112 1)
(70902 6694 -121671 345 445 1)
(70906 -6046.27 127801 92 192 1)
(70909 19215 -92735.9 485 585 3)
(70912 68537.9 1767.28 597 697 3)
(70914 32301.2 127614 123 223 3)
(70916 -64322.9 -104694 79 179 1)
(70917 59467.9 91389.8 549 649 3)
(70919 70433.1 -74520 58 158 1)
(70924 -40171.2 142750 232 332 3)
(70932 -86396.7 112635 101 201 3)
(70940 -101634 -25292 530 630 1)
(70943 31128.9 -77482.2 24 124 1)
(70945 46381.2 45177.1 354 454 1)
(70948 -64354.2 -86616 238 338 1)
(70951 48322.7 -140133 91 191 1)
(70958 -88509.3 -128934 374 474 1)
(70982 -39260.3 -78536.5 106 206 1)
(70989 49401.6 -68570.8 260 360 1)
(70993 -85425.2 53196.6 39 139 1)
(70998 -63835.9 68794.5 443 543 3)
