(121014 61531.9 107513 214 314 1)
(121015 -77397.8 -25258.2 230 330 1)
(121019 -75398.2 32954 40 140 1)
(121020 100643 -13168 310 410 1)
(121022 44197.3 84302.5 57 157 3)
(121030 45522.7 -2156.46 29 129 1)
(121031 36325 127752 298 398 1)
(121033 -48168.6 -39335.9 52 152 3)
(121043 113715 27972 11 111 1)
(121044 -90628.8 -92739.3 432 532 1)
(121048 20422.9 -84518.8 1 101 1)
(121051 -82458.1 -141003 244 344 3)
(121053 -77457.8 -133028 473 573 3)
(121062 60460.3 -64525.8 262 362 1)
(121064 -4905.9 -77487.9 364 464 1)
(121069 78433.9 -100679 470 570 3)
(121071 -52181.3 -60362.8 68 168 3)
(121074 -98583.2 -72616.5 493 593 3)
(121077 -114581 -123824 182 282 1)
(121080 124930 -70621.5 555 655 1)
(121086 2176.6 109681 121 221 1)
(121096 -96724.2 -3337.67 393 493 3)
(121099 103609 86316.6 100 200 1)
(121100 111837 103598 562 662 1)
(121101 -68392.7 -53501 463 563 3)
(121104 -54238 140533 521 621 1)
(121106 -49288.7 -87746.1 480 580 3)
(121107 -90426.1 -143872 1 97 1)
(121108 20139.8 -109691 45 145 3)
(121111 50341.5 117536 129 229 1)
(121115 -38199.8 -97856.6 598 698 1)
(121122 -67430.7 -44273 212 312 1)
(121127 118812 92438.5 390 490 3)
(121132 -92443.9 -99635.3 41 141 1)
(121135 -36096.7 17011.1 221 321 1)
(121137 -42149.7 -19477.4 119 219 1)
(121139 -83434.1 -62570.9 529 629 1)
(121157 -81404.7 57264.8 164 264 1)
(121161 100572 -87648.5 138 238 1)
(121162 -93519.8 -61566.3 165 265 3)
(121166 -26094.3 51174.2 128 228 3)
(121167 83611.9 13976.8 368 468 1)
(121172 9133.17 -93812.1 505 605 1)
(121179 -60137.3 -69742.8 19 119 3)
(121206 -40154.2 48160.4 34 134 1)
(121220 -17048.3 142789 256 356 1)
(121221 -13974.4 -144058 210 310 1)
(121230 -43219.6 -15218 350 450 1)
(121239 -66354.1 29054.6 229 329 1)
(121241 114904 95586 484 584 1)
(121257 -24119 -101859 583 683 3)
(121269 -106505 57463.9 281 381 1)
(121270 -8013.38 13967.2 51 151 3)
(121279 91636.8 109590 423 523 1)
(121281 -36176.7 -8190.64 411 511 1)
(121282 31266.4 127675 268 368 1)
(121285 111698 -40345 179 279 1)
(121287 -49152.5 26992 423 523 1)
(121288 -31068.9 -113682 46 146 1)
(121308 -13850.1 -115754 564 664 1)
(121311 -87490.8 49193.7 538 638 1)
(121314 -57329.7 35026.9 306 406 1)
(121317 19160.3 -75539.4 74 174 3)
(121318 -122778 -58296.2 64 164 1)
(121328 94582.1 -69589.9 245 345 1)
(121331 65428.6 -4135.02 1 93 3)
(121352 -45192.4 -103691 86 186 1)
(121357 -62307.1 -127818 100 200 3)
(121358 95620.3 -5146.83 261 361 1)
(121363 21377.3 -86719.6 417 517 3)
(121366 24211.4 30038.8 563 663 1)
(121369 51432.4 -47344.8 268 368 1)
(121382 13155.2 -29266.3 65 165 1)
(121386 -14946.4 -53431.6 227 327 1)
(121392 -57269.5 65247.7 45 145 1)
(121398 32352.5 -84629.1 324 424 1)
(121403 84694.2 -53325.8 482 582 1)
(121409 40283.8 39103.4 487 587 1)
(121413 38238.4 68259.1 587 687 1)
(121426 40284.7 -46334 73 173 1)
(121428 -18964.7 -51325.6 26 126 1)
(121429 72531.2 -144060 394 494 -1)
(121441 -67287.9 14067.9 105 205 1)
(121446 85639.7 -35439.1 488 588 1)
(121448 -75386.8 97362.9 111 211 1)
(121452 12425 -67765.7 552 652 1)
(121459 -3669.85 -82930.3 57 157 1)
(121461 -24110.9 -54519 489 589 -1)
(121468 -67306.1 -14184 128 228 3)
(121499 102730 -85838.1 439 539 1)
(121512 102149 25053.1 371 471 1)
(121515 33184 -74629.8 338 438 1)
(121521 -55318.2 -90888.4 571 671 3)
(121524 86945.6 -117836 471 571 1)
(121528 86531.6 -8203.2 113 213 1)
(121535 -73481 48203.2 494 594 3)
(121536 16146.9 -37329.9 117 217 1)
(121537 -39206.3 97538.7 604 704 1)
(121542 -53223.1 37010 437 537 1)
(121556 22181.2 13968 162 262 3)
(121558 58388.8 8863.02 318 418 1)
(121560 35329.2 -40495.1 628 728 1)
(121578 27058.9 -53467.9 46 146 3)
(121584 47375.5 -19240.1 300 400 1)
(121595 -59364.1 -33254.9 589 689 1)
(121604 -120621 -72539.9 129 229 1)
(121607 38302.6 -100905 592 692 1)
(121626 -77481.3 -47390.3 268 368 1)
(121628 -2848.61 -32475.6 80 180 1)
(121629 -68290.6 10980.7 5 105 1)
(121633 -17052.2 -44437.2 531 631 1)
(121636 89591.9 -137996 249 349 1)
(121640 74548.7 -103888 487 587 1)
(121642 33293.1 -48480 474 574 1)
(121647 29259.1 -97802.9 195 295 1)
(121648 77521.1 96506.5 324 424 1)
(121652 -117672 -59525.1 293 393 1)
(121653 -38224.8 104484 255 355 1)
(121655 -25116.3 -25306.2 529 629 1)
(121685 55020.4 9045.48 231 331 1)
(121686 18147.9 52228.1 276 376 3)
(121689 -78398.5 -124879 238 338 1)
(121691 -71409.6 -37370.2 421 521 1)
(121697 -9986.94 54164.3 179 279 1)
(121699 -65322.5 -1133.81 172 272 1)
(121708 46304.2 -97647.5 15 115 1)
(121722 41324.4 -59487.9 302 402 1)
(121723 80619.4 -132078 581 681 1)
(121734 -111674 -45446 307 407 1)
(121735 -22116.7 -136972 250 350 1)
(121738 -100684 128803 588 688 1)
(121740 -50186.6 34095.1 5 105 1)
(121762 -55464.2 -38291.6 325 425 1)
(121763 74644.5 97760.4 541 641 1)
(121779 -36171.2 83392.6 411 511 3)
(121780 -19188 -80609.2 185 285 1)
(121782 100623 -23248.6 99 199 1)
(121798 -122695 59343.1 291 391 1)
(121809 -59294.9 81157.5 141 241 1)
(121817 79554.6 66279.5 365 465 1)
(121829 75538.1 140695 341 441 1)
(121852 92552 -36348.2 312 412 1)
(121854 -19011.7 -18272.2 311 411 3)
(121863 -45237.7 123698 522 622 1)
(121865 17189.7 -85727.9 484 584 1)
(121871 -40225.5 -102885 606 706 1)
(121878 12669.5 117000 18 118 1)
(121879 7079.28 -116817 251 351 1)
(121880 -108623 71318.8 343 443 1)
(121882 -10008.2 -82665.6 373 473 1)
(121885 -45480.8 -49641.7 518 618 1)
(121889 -40202.3 93475.8 436 536 1)
(121890 9811.47 42761.7 214 314 1)
(121912 -5930.64 -30253.4 519 619 1)
(121921 -8961.64 -16199.7 246 346 1)
(121922 1123.41 -25302.7 452 552 1)
(121927 -47255.8 -122991 550 650 1)
(121936 -102645 28022.6 553 653 3)
(121944 -87542.8 -57554.2 605 705 1)
(121946 -69426 -122856 392 492 1)
(121964 -42225.7 88471.6 174 274 1)
(121965 -2956.73 -49449.1 373 473 1)
(121972 62416.6 77421.9 509 609 1)
(121975 38245.3 -40587.5 558 658 1)
(121980 85636.4 -116983 552 652 1)
(121981 15150 147759 198 298 1)
(121982 -51250.6 68321.1 287 387 1)
(121984 -114558 -42349.9 5 105 1)
(121986 -9996.11 84568 455 555 1)
(121994 42149.9 -61422.5 74 174 1)
(121995 -81528.4 106657 304 404 3)
(121998 -20039.8 137679 239 339 1)
