(75008 -110528 25837 335 435 1)
(75009 -87460.1 -128915 271 371 1)
(75018 27233.5 83377.3 342 442 1)
(75028 52344.5 -18212.2 83 183 3)
(75035 39317.8 28080.3 625 725 1)
(75039 -11041.1 113552 206 306 1)
(75040 -119669 70298.9 233 333 1)
(75042 108832 39008.6 483 583 1)
(75046 104661 -57409.5 24 124 3)
(75047 52649.1 -14328 471 571 1)
(75048 71507.2 -141913 40 140 1)
(75060 3010.26 -111752 341 441 3)
(75063 74503 71349.8 327 427 1)
(75066 85617.2 145809 396 496 1)
(75073 120993 118726 516 616 1)
(75075 -13827.4 77490 131 231 1)
(75078 28310.6 -131835 434 534 1)
(75089 13156.7 -144195 624 724 1)
(75091 -60064.6 145161 76 176 1)
(75092 -111648 -34365.6 469 569 3)
(75096 -93609.9 -32401.5 497 597 1)
(75100 -28119.8 -137018 397 497 1)
(75103 -23013 -87731.8 397 497 1)
(75106 74593.4 -70611.5 544 644 1)
(75108 -24057.2 -86671.7 316 416 1)
(75115 16280.6 -55320.4 239 339 3)
(75121 54455 -136053 566 666 1)
(75128 -23016.7 68264.4 409 509 1)
(75129 32182.8 8855.26 256 356 1)
(75139 115690 75356.2 11 111 1)
(75169 -15118 95763.2 520 620 1)
(75204 -19202.8 -16205.9 150 250 3)
(75210 -64416 36988.9 566 666 1)
(75219 -49293.4 51176.3 402 502 1)
(75220 70934.1 -11531.2 391 491 3)
(75221 -96554 93459.2 379 479 1)
(75228 -31098.8 -30443.6 242 342 1)
(75256 9575.72 -127100 423 523 1)
(75258 18185.2 141866 620 720 1)
(75259 -9993.08 -13186.3 448 548 3)
(75267 -9981.14 784.617 543 643 3)
(75272 -32083.9 133618 84 184 1)
(75295 -118625 56233.2 438 538 1)
(75297 -31851.5 -74508.4 561 661 1)
(75300 -113567 -109711 73 173 1)
(75301 19292.4 -97604.4 217 317 3)
(75302 -23076 34078.6 229 329 3)
(75306 -100680 -62741.6 165 265 3)
(75311 -18922.2 -114936 257 357 1)
(75323 -86463.4 -65529.9 279 379 3)
(75331 74347.1 -109910 186 286 3)
(75332 66560.2 -53540.6 597 697 3)
(75344 37248.9 -129724 479 579 1)
(75349 -81458.7 -28332.8 412 512 -1)
(75352 -55349.9 80444.7 558 658 1)
(75362 -4965.86 -126907 309 409 3)
(75369 102724 -1159.13 493 593 1)
(75371 -9991.41 -115919 467 567 1)
(75373 -81434.8 26036.2 309 409 1)
(75376 12157.9 48175.1 380 480 1)
(75380 45368.6 -84649.3 204 304 1)
(75396 -124727 -54530.7 337 437 3)
(75405 -31112.2 95425.9 204 304 3)
(75419 -26050.6 40169.7 270 370 3)
(75420 66451.9 67256.8 224 324 1)
(75428 93766.4 146933 489 589 1)
(75430 -4958.14 149893 558 658 1)
(75432 -23048.5 -138165 627 727 1)
(75439 -40198.2 -125775 40 140 1)
(75442 113787 99515.2 377 477 1)
(75449 -8987.6 107614 369 469 1)
(75460 -86365.1 -49436.6 38 138 1)
(75466 45353.4 11035.9 199 299 1)
(75467 66508.3 40141.3 308 408 3)
(75471 31154.8 -113910 161 261 1)
(75474 85622.3 130743 535 635 1)
(75475 -47240 138679 201 301 3)
(75487 -51247.5 764.71 503 603 1)
(75497 91555.6 -42378.7 178 278 1)
(75500 124895 -95639.9 44 144 1)
(75505 -56263 88481.2 250 350 1)
(75508 -76435.8 30989.1 160 260 3)
(75513 -44019.7 15903.4 232 332 1)
(75529 -8983.16 133627 90 190 1)
(75537 120857 -98729.8 256 356 1)
(75540 -115859 50923 159 259 3)
(75551 60412.7 -57336.7 506 606 1)
(75560 -43120.9 -131932 319 419 1)
(75562 124810 -96688.7 278 378 1)
(75567 -122621 -138936 112 212 1)
(75570 -80160.9 31001.6 321 421 1)
(75592 -59024.9 109641 33 133 3)
(75601 41228.1 -134870 355 455 1)
(75607 -59272.8 -55414 77 177 1)
(75618 -53315.5 -75684 589 689 1)
(75619 -13016.5 12943.1 509 609 1)
(75621 -31118.7 -107767 153 253 1)
(75637 -24114.1 58287.2 304 404 1)
(75638 -67308 -28483.1 436 536 1)
(75653 -83561.1 -90742.5 553 653 1)
(75656 -103584 -94871.9 492 592 1)
(75664 31228.2 7867.3 1 95 3)
(75670 -92618.3 -105801 328 428 3)
(75682 84600 -30442.1 265 365 1)
(75707 -9913.9 -72516.6 356 456 1)
(75710 -49264.5 -95789.7 555 655 1)
(75712 -118703 22005.7 482 582 1)
(75719 -49278.2 -33383.9 301 401 3)
(75732 -18039.3 -34305.7 103 203 1)
(75734 -83416.6 60171.6 155 255 1)
(75736 82834.2 3039.51 567 667 1)
(75748 -109586 -94615.3 42 142 3)
(75753 75576 68323.6 270 370 1)
(75754 -30141.2 98403.8 95 195 1)
(75755 -106637 138836 543 643 1)
(75766 33374.4 -1845.75 139 239 3)
(75773 49361.8 -37341.4 13 113 1)
(75774 116781 -21258.7 289 389 1)
(75780 1973.92 71397.1 314 414 1)
(75783 35198.5 -76634.2 519 619 1)
(75786 -103594 -18243.6 333 433 1)
(75794 84703.9 -37505.1 547 647 3)
(75796 -985.913 -28295.7 211 311 3)
(75797 -25054.8 -114908 136 236 3)
(75805 -17100.1 22097.9 378 478 1)
(75819 6944.83 -64581.9 202 302 1)
(75822 17181.4 -67568.6 416 516 3)
(75824 6016.81 -147159 444 544 3)
(75827 -113783 -21177 459 559 1)
(75837 -9982.87 -83723.5 587 687 3)
(75842 -91548.4 84386.1 470 570 1)
(75843 19235.3 -46374.6 532 632 1)
(75850 22177.9 45090 33 133 3)
(75853 51343.8 3950.39 49 149 1)
(75875 61497.2 8919.1 534 634 1)
(75885 -19147.6 32103.4 398 498 3)
(75889 -26832.3 -7051.73 202 302 1)
(75904 48449.5 -46386.7 537 637 1)
(75909 87662.3 -83611.1 572 672 1)
(75928 -55278.3 -30352 541 641 1)
(75932 2072.27 65267.4 201 301 1)
(75936 -75317.4 7981.2 109 209 1)
(75939 -56337.7 -103881 348 448 3)
(75941 -94447.3 -47561.4 313 413 3)
(75949 23117.7 149625 108 208 1)
(75950 121912 80469.7 525 625 1)
(75951 24215.6 110733 614 714 1)
(75954 2126.22 -59471.9 234 334 1)
(75955 -61306.1 -65513.4 283 383 3)
(75962 88544.7 63448.9 136 236 3)
(75963 -22057.6 -26379.4 64 164 3)
(75964 52347 62265 143 243 1)
(75967 -35153.4 35093.1 175 275 1)
(75968 23206.5 -124980 474 574 3)
(75970 -6920.96 28990.3 512 612 1)
(75974 -40074.4 7830.33 12 112 1)
(75983 117427 54114.4 233 333 3)
(75984 -10014.9 128740 494 594 1)
(75985 42239.5 58217.2 423 523 1)
(75986 46351 -83558.9 248 348 1)
(75987 -93613.7 -27170.6 452 552 3)
(75997 -4007.23 -90629.9 221 321 3)
(75999 60464.6 28058 288 388 1)
