(173020 31224.7 -21231.1 56 156 1)
(173021 8121.37 102458 129 229 3)
(173023 81537.8 -11187 174 274 1)
(173030 34216.6 -38367.2 251 351 1)
(173046 27.0664 -88830.2 353 453 1)
(173053 -60347.9 -62330.7 128 228 1)
(173055 13157.3 -40430.5 604 704 1)
(173058 -58329.8 -4102.75 63 163 1)
(173065 88751.6 -147161 605 705 1)
(173067 40733.4 -117556 244 344 1)
(173079 -49151.6 8792.1 620 720 3)
(173085 -38338.6 83479.9 447 547 1)
(173088 -63390.1 -145110 465 565 1)
(173091 49219.8 -90811.2 280 380 1)
(173102 8087.67 -21291.2 54 154 1)
(173108 21255.3 -43522.3 510 610 1)
(173110 10172.7 -8055.48 80 180 3)
(173117 87672.5 32063.2 474 574 1)
(173118 -45201.8 -10170 112 212 1)
(173121 -55351.3 110635 612 712 1)
(173127 -10110.7 -33290.7 7 107 1)
(173133 -32126.4 -64525.4 307 407 1)
(173134 4097.97 -34363.1 397 497 1)
(173139 -120891 -55380 257 357 1)
(173143 -69352.2 3898.14 180 280 1)
(173145 -9996.31 37065.2 282 382 1)
(173147 105785 -12265 474 574 1)
(173149 -11997.1 20997.3 52 152 1)
(173155 -113644 -99750.7 311 411 1)
(173166 -48348 -89806.8 484 584 3)
(173170 -2997.26 -79682.6 499 599 1)
(173180 -88529 31069 462 562 1)
(173181 103570 -42398.5 129 229 1)
(173189 -5972.74 -23292.7 476 576 1)
(173191 -83464.2 88241.5 74 174 3)
(173192 93622.7 -43458.8 301 401 1)
(173193 -32247.4 -101399 347 447 1)
(173216 50266.1 -28266.8 6 106 1)
(173218 -104522 -48489.1 272 372 3)
(173220 -32221 86476.5 521 621 3)
(173226 5100.52 44215.4 300 400 3)
(173244 41394 85346 424 524 1)
(173253 4007.41 -22146.8 152 252 1)
(173257 -14041.8 -2271.75 524 624 3)
(173258 -85244.7 -120886 494 594 1)
(173263 61494.5 -17210.6 447 547 1)
(173264 -11008.2 -135924 208 308 3)
(173276 5466.32 26251.7 204 304 3)
(173281 47325.2 -94635.4 52 152 1)
(173304 -53355.8 44311.2 252 352 1)
(173306 96662.2 40110.2 104 204 1)
(173312 -7901.16 -53485.9 450 550 1)
(173329 17145.7 -77531.3 30 130 1)
(173334 33247.3 -48391.1 363 463 1)
(173342 69561.9 -129036 576 676 1)
(173343 -27105.9 -140877 110 210 1)
(173347 18166 141792 493 593 3)
(173350 -120631 141694 110 210 1)
(173351 25987.3 21308.4 12 112 1)
(173377 -31130.7 -126915 311 411 3)
(173381 -925.731 -68681.4 360 460 1)
(173383 -85423.6 -70534.9 371 471 1)
(173386 -51304.5 -47462.3 626 726 1)
(173401 -33150 147730 235 335 1)
(173404 5202.65 -113944 337 437 1)
(173431 -108639 -128963 435 535 1)
(173436 83479.3 -51423.1 4 104 1)
(173438 -94573.6 -15243.9 516 616 1)
(173446 -35122.5 105513 174 274 1)
(173449 -18077.1 -75580.4 393 493 1)
(173454 2164.47 117796 68 168 1)
(173458 -71267.5 -22229.5 1 96 3)
(173459 -1941.93 89372.7 171 271 1)
(173466 -64324.6 -25267.7 142 242 1)
(173468 94619.4 113577 53 153 3)
(173470 23262.8 85430.2 599 699 1)
(173475 15147 114516 9 109 1)
(173478 -11997.6 123591 52 152 1)
(173481 -106187 25025 559 659 1)
(173482 72.3579 63288.9 389 489 1)
(173491 -90641.7 45215.6 559 659 1)
(173495 23112.5 121632 258 358 3)
(173503 -87480.7 -112793 287 387 1)
(173505 -30507 49992.2 617 717 1)
(173508 59397.5 47141.7 148 248 1)
(173525 -44298.5 -43387.5 481 581 3)
(173530 5109.08 66296 471 571 1)
(173551 -21117.6 -37368.7 179 279 1)
(173554 48373.9 19013.4 380 480 3)
(173555 -105288 -41320 330 430 1)
(173569 -57323.4 80306.1 423 523 1)
(173577 -15985.2 -122914 355 455 1)
(173582 -39112.2 -21159.2 564 664 1)
(173588 1069.86 3911.53 64 164 1)
(173589 -78427.6 28029.1 518 618 1)
(173592 22235.9 -8195.52 445 545 1)
(173593 13163.8 67265.9 150 250 1)
(173602 99649.7 -84614 180 280 1)
(173608 13139.2 -125816 105 205 1)
(173610 -103549 -146005 262 362 1)
(173615 44459 15968 48 148 1)
(173629 17120.7 -27207.7 221 321 1)
(173630 55506.9 99643 394 494 1)
(173641 -124628 129608 144 244 1)
(173650 -81537.5 -46831.2 243 343 1)
(173656 37021.5 -58761.6 129 229 1)
(173661 42177.6 -63710.2 321 421 1)
(173662 -119748 -83712.4 514 614 3)
(173665 -16040.2 116659 511 611 1)
(173669 66618.6 34114.6 560 660 1)
(173670 85574.6 48201.9 313 413 1)
(173684 31208.9 -58416.6 55 155 1)
(173689 -76390.7 -58547 95 195 1)
(173692 -78486.9 -57496.7 498 598 3)
(173696 19307.5 -58294.7 574 674 3)
(173700 33289.1 142833 527 627 1)
(173704 -50332.5 66394.6 390 490 3)
(173709 -108658 -9201.98 470 570 1)
(173729 -111564 -130814 55 155 1)
(173733 -117797 48257.7 207 307 1)
(173735 52478.2 -57570.3 586 686 1)
(173741 -47214.3 85386.1 341 441 3)
(173744 -90616.3 103577 531 631 1)
(173747 -23052.1 -58580.3 615 715 1)
(173754 103603 -11139.3 141 241 1)
(173755 -78414.9 55205.2 210 310 1)
(173761 76497.6 -78508.5 153 253 1)
(173763 -102592 -127900 460 560 1)
(173770 95763.3 -5216.78 601 701 1)
(173784 75500 -134914 177 277 1)
(173792 -24087.3 -21204.9 242 342 3)
(173803 -25989 -33305.9 348 448 1)
(173806 -35175.7 -115965 608 708 1)
(173812 -121677 31071.8 289 389 1)
(173816 108531 -64700.8 454 554 1)
(173820 56325 -78495.3 162 262 1)
(173823 10165.8 42206.6 237 337 1)
(173826 -11008.1 47206.2 546 646 1)
(173832 -27042.9 -111789 10 110 1)
(173836 33311.8 -46333.3 70 170 1)
(173838 109736 69424.9 255 355 1)
(173839 -17065.4 123693 6 106 1)
(173846 13105 -107778 290 390 1)
(173847 -33162.4 -12214.1 558 658 1)
(173859 -123732 17974.5 377 477 1)
(173868 -113663 -140057 310 410 3)
(173869 -36182.3 -32409.7 596 696 1)
(173880 36244.3 -34298.6 2 102 1)
(173881 -47170.2 -60386.8 73 173 1)
(173882 -77491.3 -47313.9 580 680 1)
(173889 -5967.02 -83737.9 604 704 1)
(173894 -118634 25951.2 315 415 3)
(173906 30293.4 80407.8 521 621 1)
(173908 -82499.6 -143124 561 661 1)
(173912 -51282.6 -24268.1 243 343 1)
(173923 75643.6 -144126 513 613 1)
(173924 86529.5 122569 402 502 1)
(173927 77555.9 -93719.9 347 447 1)
(173932 28189.9 -66481.5 273 373 1)
(173934 17131.2 -72505.8 101 201 1)
(173944 -8989.85 25020.1 137 237 1)
(173948 -24129.2 -137890 265 365 1)
(173951 -909.447 41139.2 540 640 1)
(173952 -77297.7 -103738 8 108 3)
(173957 -46289.2 -123061 574 674 3)
(173965 115589 -36578.8 306 406 1)
(173967 -21520.3 -3779.19 541 641 1)
(173970 -87426.6 -22270.3 176 276 1)
(173978 44366 -84680.4 321 421 1)
(173979 -16046.9 132782 590 690 3)
(173988 19190.2 -24293.1 363 463 1)
(173996 41333.4 -8193.13 375 475 1)
