(138000 38288.8 -136840 37 137 3)
(138011 -17224.4 -111558 107 207 1)
(138013 83508.3 -116581 99 199 1)
(138017 108828 -101880 622 722 1)
(138018 13841.9 40989.2 399 499 1)
(138024 -65309.3 -20256 216 316 1)
(138034 75557.8 68310.7 420 520 1)
(138038 62957 70370.3 252 352 1)
(138051 30264 -52475.4 257 357 1)
(138052 -95462.6 -46361.5 22 122 1)
(138067 -75442.1 -107741 173 273 1)
(138069 3093.32 1880.43 203 303 1)
(138070 91668.5 35000.2 355 455 1)
(138071 -48201 112607 445 545 1)
(138085 -37189.6 -43382.5 275 375 1)
(138089 118781 -75561.5 210 310 1)
(138092 -28038 11936.2 482 582 1)
(138094 8999.81 41220.1 322 422 3)
(138101 7123.01 29077.5 514 614 3)
(138103 25201.3 -76896.7 563 663 1)
(138111 33209.5 -75975.6 7 107 1)
(138115 -28199.2 -46431.6 368 468 3)
(138120 123886 -57918.5 436 536 3)
(138134 63504.6 74357.9 569 669 3)
(138139 -56217.1 -136984 407 507 3)
(138140 84591.7 -61459.9 310 410 1)
(138144 20208.1 -1112.63 59 159 1)
(138151 -58231 -53383.7 2 102 1)
(138154 73546.2 64222.7 362 462 1)
(138163 -109637 137752 415 515 1)
(138182 -98558.1 -11177.6 22 122 1)
(138187 43373.7 -97786.6 391 491 1)
(138190 111798 49188 441 541 1)
(138201 -9883.75 -18214.3 2 102 3)
(138204 -21107.6 -146917 132 232 1)
(138205 -29128.2 -90649.4 150 250 3)
(138208 25224 11949 340 440 1)
(138223 90724.6 -129063 615 715 3)
(138225 -92576.9 864.212 553 653 1)
(138229 -95457.1 129617 106 206 1)
(138241 -8975.46 -71490.6 132 232 1)
(138244 58476 34128.4 355 455 1)
(138246 43094.6 -85730.3 266 366 1)
(138248 -56259.2 -29286.4 167 267 1)
(138249 91608.9 148757 141 241 3)
(138261 28214.3 -151.26 195 295 1)
(138267 60585.9 -148756 336 436 3)
(138271 -39182.2 -136912 172 272 1)
(138282 102620 816.312 52 152 1)
(138285 37336.5 -87697.7 306 406 1)
(138287 17993.2 145075 107 207 1)
(138301 4127.58 69372 422 522 1)
(138303 50533.2 -128910 230 330 1)
(138304 -62341.7 -96728.5 399 499 1)
(138308 77580.5 -82628.8 343 443 1)
(138321 -39258.3 -97893.6 330 430 3)
(138329 34263 -76604.6 271 371 1)
(138353 -5003.48 -37372.5 547 647 3)
(138358 54387.2 -139986 234 334 3)
(138361 -113608 -63496.2 198 298 1)
(138363 -81402.2 83406 237 337 1)
(138365 109708 126577 78 178 1)
(138371 -2984.43 33053.7 145 245 1)
(138377 -111529 -53373.5 64 164 1)
(138385 70659.4 -66647.8 522 622 1)
(138388 -97491.9 38149.4 200 300 1)
(138396 57401 -77596.3 349 449 3)
(138407 -84475.2 11906.6 411 511 1)
(138411 -36217.5 -5076.42 484 584 1)
(138419 27208 -36314.7 172 272 3)
(138425 113808 99406.9 153 253 1)
(138428 -4994.31 -63453.7 262 362 1)
(138433 102655 5040.41 594 694 1)
(138434 93608.7 77325.4 429 529 1)
(138439 30221.9 -112792 217 317 1)
(138440 21230.1 133721 305 405 1)
(138451 -18066.2 90525.8 495 595 1)
(138453 -112435 131672 154 254 1)
(138454 -32212.2 -6188.1 467 567 1)
(138456 -7020.78 -70589.2 341 441 1)
(138458 -87500.9 149872 490 590 1)
(138467 -108622 -81608.9 438 538 1)
(138468 -59307.4 129697 123 223 1)
(138471 46363.8 -85724.4 428 528 1)
(138485 -61275.8 34103.7 201 301 3)
(138504 -81420.7 85597.5 468 568 1)
(138515 46367.8 37135.6 413 513 1)
(138516 70316.8 -105667 5 105 1)
(138517 -69783.5 -2090.82 361 461 1)
(138519 -124719 -50429.2 317 417 3)
(138524 -22079.5 -57528.8 535 635 1)
(138526 53377.8 -89656 232 332 3)
(138539 -49216.7 -55423 88 188 1)
(138554 -70453.2 -54520.8 571 671 1)
(138559 -92470.8 -130805 70 170 1)
(138563 -61491.4 -70721.2 573 673 1)
(138567 15900.8 141808 284 384 1)
(138569 65421.5 27043.6 70 170 1)
(138572 117692 23982.3 247 347 1)
(138573 -124572 145975 30 130 1)
(138583 -54168.4 -132835 7 107 1)
(138585 -79458.7 18987.9 460 560 1)
(138586 -88493.4 -86652.1 289 389 1)
(138588 -111631 -33477.1 414 514 1)
(138589 103738 34995.4 623 723 1)
(138595 -44212 -82656.2 69 169 1)
(138597 -35176.4 -65529.7 286 386 1)
(138605 71485.8 3787.89 548 648 1)
(138611 52443.7 45146.6 579 679 1)
(138615 39333.8 -64565.2 518 618 3)
(138621 -10011.2 -71562 283 383 1)
(138622 -70348 -99700.3 179 279 1)
(138631 -21964 -66562.4 547 647 1)
(138632 -35119.1 -23260.7 122 222 3)
(138634 -87476.8 -52427.8 276 376 1)
(138636 115824 54220.8 319 419 1)
(138642 78581.3 -81721.1 146 246 1)
(138655 52438 89421.1 611 711 1)
(138656 80539.2 -79591 314 414 1)
(138657 -19282 -65956.8 584 684 1)
(138658 -38319.1 -100784 12 112 1)
(138664 61490.2 34092.5 535 635 1)
(138665 17190.6 12946.1 559 659 3)
(138668 37265.5 65256.4 174 274 1)
(138671 -106542 -74495.1 269 369 3)
(138680 -31097.5 -47468.9 315 415 3)
(138685 77455.7 -102660 48 148 3)
(138686 -1927.68 123727 562 662 3)
(138690 64508.7 -36398.1 520 620 3)
(138691 -8969.31 7900.94 307 407 1)
(138694 -1931.4 101595 592 692 1)
(138701 22237.1 51203.4 527 627 1)
(138713 -77439 -143016 419 519 1)
(138720 -9014.07 -122806 1 93 1)
(138730 -42171.2 77274 150 250 1)
(138737 95549.4 -52425.9 1 95 1)
(138745 -24108.2 -20250.9 484 584 1)
(138748 -112561 45138.1 71 171 1)
(138751 79560.4 67290.7 323 423 1)
(138753 -76413.2 -51413.4 91 191 1)
(138756 -94492.7 135686 180 280 1)
(138761 -3981.12 41169.8 441 541 1)
(138767 32198.9 -69638.4 147 247 3)
(138781 1059.78 10945.5 148 248 1)
(138782 26189.5 97431.2 5 105 1)
(138786 9066.71 -97819.7 398 498 1)
(138792 56400 -72588.2 579 679 1)
(138793 -57358.7 -95750.4 262 362 1)
(138794 89558.2 -29319.5 200 300 1)
(138799 -148.951 -103825 80 180 1)
(138802 42285 58207.9 57 157 1)
(138808 -57367.8 -4195.24 467 567 1)
(138817 -2991.15 -124786 39 139 1)
(138837 -94568.6 -35342.9 299 399 3)
(138843 92581.5 -12155.7 218 318 3)
(138846 -109532 -125785 46 146 1)
(138850 -58349.9 -11074.1 81 181 1)
(138857 105733 -81670.4 297 397 1)
(138859 22236.6 -102825 600 700 1)
(138860 14159.3 40128 517 617 1)
(138863 106815 -149187 587 687 1)
(138865 59.3012 79332.8 219 319 1)
(138869 -90666.9 68996.6 488 588 1)
(138873 123901 20017.8 81 181 1)
(138880 -69318.5 -32282.5 99 199 1)
(138893 -33113.3 -133873 162 262 1)
(138923 -39223.2 -55465.4 173 273 1)
(138926 -9992.49 -59550.6 569 669 1)
(138929 -42145.7 -149281 611 711 1)
(138945 9072.07 -126807 101 201 1)
(138946 -42187.1 -39401.3 347 447 1)
(138953 -34278 -93443.9 275 375 1)
(138955 -5025 -21242.8 398 498 1)
(138957 -75463.3 54246.9 410 510 1)
(138961 -112620 -131889 210 310 1)
(138966 -5966.78 -113913 493 593 1)
(138967 -105462 -23169.7 9 109 3)
(138971 11103.1 17065.1 189 289 1)
(138980 -81557.7 -119078 524 624 1)
(138982 -123674 50143.9 277 377 1)
(138983 75539.5 -110797 400 500 1)
(138987 -33170.5 -122067 574 674 1)
(138993 -99584.7 43087.9 382 482 1)
(138995 87574.7 28930.6 201 301 1)
(138997 -70337.7 -87595.9 44 144 1)
