(196008 4064.55 -97737.1 358 458 1)
(196012 -59327.5 107538 320 420 1)
(196018 -6966.5 12933.7 588 688 3)
(196021 -105870 109076 402 502 1)
(196024 -46109.7 -70537.3 304 404 3)
(196033 -3784.89 -92736 458 558 1)
(196034 -101818 59255.1 598 698 3)
(196044 44195.7 -55325.3 266 366 1)
(196054 -69439.8 51210.7 558 658 1)
(196055 4090.66 -66580.4 506 606 1)
(196060 -103603 12962.5 325 425 1)
(196061 90491.8 29058.3 170 270 1)
(196083 -8973.11 -57486.9 413 513 3)
(196085 33265.2 -43384.8 150 250 1)
(196088 97571.3 111792 585 685 1)
(196105 90743.1 141773 399 499 1)
(196106 98625.5 -29293 152 252 1)
(196117 29271.8 -132848 18 118 1)
(196119 26306.3 -54698 137 237 1)
(196123 62454.9 29054.4 317 417 1)
(196126 -114621 -48392.9 179 279 1)
(196128 -22058.4 109611 24 124 1)
(196129 -72376.5 47143.7 269 369 1)
(196140 -109487 -17081.1 401 501 1)
(196144 107759 -136934 125 225 1)
(196148 -124759 -118046 517 617 1)
(196153 9094.17 -35295.2 109 209 1)
(196159 -43189.6 -67550.5 363 463 3)
(196161 21582.2 77519.6 271 371 1)
(196167 -74424.1 -58535.7 177 277 3)
(196176 18230.4 16906.7 298 398 1)
(196178 28139.6 -60438.8 65 165 1)
(196180 74424.7 -7187.21 12 112 1)
(196183 -91546.7 -93760.4 397 497 3)
(196199 -86472.5 -35346.3 294 394 1)
(196200 -82457.1 148761 232 332 3)
(196208 -34156.8 -41386.4 330 430 3)
(196209 99634.1 86435.6 263 363 1)
(196216 108990 -95705 486 586 1)
(196237 -12996.1 -70491.1 138 238 1)
(196245 -114702 -93721.7 412 512 3)
(196246 -77346.7 -63473 1 97 1)
(196248 -4977.26 135680 197 297 1)
(196252 49400.9 -112898 476 576 1)
(196255 -104868 18143.3 502 602 1)
(196266 -39209.7 -75685.9 587 687 1)
(196268 -28082.8 -105971 469 569 1)
(196273 -42191.9 49114.2 565 665 1)
(196275 -36133 102426 6 106 1)
(196278 74561.2 -89694.8 401 501 1)
(196283 -76424.9 -67558.8 353 453 1)
(196287 3109.3 121621 206 306 1)
(196290 31258 56275.4 418 518 1)
(196296 -65281.6 3663.87 92 192 1)
(196304 30232.4 87408.2 159 259 1)
(196305 -5921.36 -88652.4 333 433 1)
(196307 -98571.7 -44394.4 387 487 1)
(196311 50354.7 -7173 170 270 1)
(196312 111711 -140954 201 301 1)
(196327 10140.6 -29344 541 641 1)
(196330 34275.6 -27287.9 233 333 1)
(196333 -120562 -20175.7 214 314 1)
(196335 -78387.5 18983.6 381 481 1)
(196341 -22046.7 -61468.1 96 196 1)
(196343 54403.2 -10979.8 116 216 1)
(196360 -87534 103581 568 668 1)
(196363 47363.6 -45391.4 104 204 1)
(196365 -24025.4 -128893 395 495 3)
(196367 21218.7 30068 609 709 1)
(196399 85546 -104729 173 273 1)
(196410 -2997.22 -28370.9 106 206 3)
(196418 -72398.7 20987 253 353 1)
(196427 -115578 -59441.1 62 162 1)
(196443 -105655 47099.8 566 666 1)
(196451 105768 136828 518 618 3)
(196459 37334.8 9940 528 628 1)
(196460 -15052.1 -134846 290 390 3)
(196465 38262.6 -48359 1 100 3)
(196466 45409.5 -53588 97 197 1)
(196469 21199.5 144829 472 572 1)
(196472 15174.1 -95801.6 510 610 3)
(196482 58386.2 -118791 152 252 1)
(196490 28262.5 -3171.35 481 581 1)
(196491 -63312 -118782 121 221 1)
(196493 28194.2 97403.7 43 143 1)
(196501 106783 -83784.1 454 554 1)
(196513 71547.5 -73631.3 488 588 1)
(196515 -14087.5 -33403.9 32 132 1)
(196524 -95519.3 149772 242 342 1)
(196539 42300.9 95464.9 199 299 1)
(196545 89681.4 -100776 410 510 1)
(196547 -6021.57 -98628.3 109 209 1)
(196551 40356.4 -78698.7 584 684 1)
(196556 72525.2 8929.2 406 506 1)
(196561 91506 -115887 279 379 1)
(196565 115790 -71708.5 252 352 1)
(196569 -16243.7 -69747.8 534 634 1)
(196576 -93568 8889.55 414 514 1)
(196580 -69352.6 -61459.6 15 115 1)
(196591 9986 109559 190 290 1)
(196592 -40202.9 -125991 518 618 1)
(196596 -115694 -93769.2 479 579 1)
(196597 -21072 -86601.9 154 254 1)
(196598 -41124.4 28037.7 482 582 1)
(196609 -80488.3 -34382.3 553 653 1)
(196612 -14016.2 62199.8 126 226 1)
(196620 41533 74619.7 525 625 1)
(196622 33204.7 -33463.7 287 387 1)
(196628 54389 -97778.1 377 477 1)
(196629 7953.08 70245.8 177 277 3)
(196632 -3989.39 -28254.8 348 448 3)
(196635 -4978.04 32085.5 266 366 1)
(196638 -3969.31 -122769 35 135 1)
(196639 32205 54213.7 454 554 1)
(196646 -20049.9 -3168.08 221 321 1)
(196655 31290 31101 287 387 3)
(196658 -116706 -68550.9 358 458 1)
(196663 -65369.7 -20256.8 248 348 1)
(196667 72.5591 47175.6 452 552 3)
(196673 -13030.4 -116848 116 216 1)
(196679 49337.7 -38340.9 181 281 3)
(196680 81594.5 -55498.7 414 514 -1)
(196684 -60277.8 133633 71 171 1)
(196693 -76394.5 136716 187 287 1)
(196705 36338.1 101648 615 715 1)
(196719 -34239.6 -20331.2 460 560 1)
(196722 -16101.5 94401.1 24 124 3)
(196733 56415.6 -135097 597 697 1)
(196746 5206.73 -3860.43 332 432 3)
(196758 -4968.58 18982.1 483 583 1)
(196761 105695 -76565.3 231 331 1)
(196772 -51224.5 143760 160 260 3)
(196779 46378.7 -91506.8 106 206 1)
(196789 -104679 -103922 521 621 1)
(196800 16089.1 -23261.9 56 156 1)
(196804 -70378.6 139791 441 541 3)
(196806 36310.5 61282.1 477 577 1)
(196812 -80400.7 80931.3 258 358 1)
(196821 -101621 -54495.9 513 613 3)
(196822 -37119.6 -72385.7 222 322 1)
(196831 2086.17 -140187 616 716 3)
(196835 -26798 101812 384 484 1)
(196840 73521.8 -59514.3 429 529 1)
(196856 94555 -94633.9 86 186 1)
(196858 34310.3 141652 363 463 1)
(196868 28397.3 -130034 574 674 3)
(196871 -101528 -24432.3 94 194 1)
(196880 -78312.5 -14180.2 5 105 1)
(196898 -107549 49145.7 174 274 1)
(196899 41346.9 25017.6 472 572 1)
(196905 9118.69 -48408.6 175 275 1)
(196913 25251.6 -65596.3 398 498 1)
(196919 -116767 -37486.5 164 264 1)
(196924 -3921.78 -119967 499 599 1)
(196926 -41257 -69600.6 476 576 1)
(196932 59.2523 129794 592 692 1)
(196933 72548.4 -33325.6 416 516 1)
(196939 17176 76392.7 68 168 1)
(196947 103654 -115787 49 149 1)
(196952 -18047.9 -36341.2 1 98 1)
(196961 -15009.7 -11205.4 48 148 1)
(196967 9214.41 -21322.4 553 653 1)
(196970 -123738 20999.3 480 580 1)
(196981 -58343 -29349.9 378 478 1)
