(175000 65747.7 37193 349 449 1)
(175001 9135.52 -10181.7 579 679 3)
(175013 -61359.5 129617 42 142 1)
(175016 115899 -3174.04 504 604 1)
(175023 11120.3 114601 435 535 1)
(175027 15176 59149.7 412 512 1)
(175028 58366 -13161 282 382 1)
(175039 -15052.7 -45393 210 310 1)
(175050 -115628 92425.3 293 393 1)
(175054 6087.32 131601 460 560 1)
(175060 -16043.7 -10184.7 206 306 3)
(175071 -106502 -99646.8 24 124 1)
(175079 -120750 33156 412 512 1)
(175087 101675 26029 179 279 1)
(175097 26617.2 -15018.2 606 706 1)
(175101 -26024.2 -153.747 504 604 3)
(175103 86627.6 18993.8 396 496 1)
(175108 61310.7 -146094 137 237 1)
(175109 -55247.5 -15198.8 8 108 1)
(175111 -86448.2 -126090 501 601 1)
(175115 -45275.2 66365.9 570 670 3)
(175122 -7097.42 -25341.5 324 424 1)
(175129 -59347.1 47164.1 359 459 1)
(175130 -102579 -109818 341 441 1)
(175133 -48240.6 56265.4 423 523 3)
(175136 -9998.59 3782.2 267 367 1)
(175148 2071.61 -72633.9 439 539 1)
(175152 -43189.6 12954.1 103 203 1)
(175164 -118591 -122785 77 177 3)
(175165 62408.1 -31291.2 93 193 1)
(175167 73670.2 63294.6 629 729 1)
(175168 -42126.6 68304.8 2 102 3)
(175169 22103.9 85210.8 448 548 1)
(175177 11105.7 -80648.8 398 498 1)
(175180 -108604 122637 391 491 1)
(175195 -105687 -90792.1 614 714 1)
(175201 -73320.9 33244.7 205 305 1)
(175210 15179.3 -72681.8 564 664 1)
(175212 -107776 -141057 366 466 3)
(175213 -38315.1 -41322.6 233 333 1)
(175220 46363.7 125704 198 298 1)
(175221 -18716.5 -58207.1 239 339 1)
(175237 -50210.5 -6164.63 258 358 1)
(175241 -8129.03 -134512 465 565 3)
(175261 -23132.9 -22291.1 517 617 1)
(175266 26233.9 -147204 618 718 1)
(175270 13183.4 72496.5 608 708 3)
(175274 107770 -143042 480 580 3)
(175279 10221.7 -80722.2 548 648 1)
(175285 35174.1 -48402.2 104 204 1)
(175287 -2026.05 -82612.8 487 587 3)
(175288 61510 -88700 351 451 1)
(175291 8032.27 78278.6 272 372 1)
(175294 15100.6 -93685.2 273 373 1)
(175295 103827 -115902 598 698 3)
(175302 -102521 96424.6 111 211 1)
(175304 111641 63236.7 33 133 1)
(175305 69487.8 114584 187 287 1)
(175310 120712 69266.6 106 206 1)
(175315 -37280.2 -86499.9 66 166 1)
(175317 31288.2 134028 555 655 1)
(175318 -99721.9 -125753 147 247 1)
(175319 108014 -107838 187 287 3)
(175335 4197.8 124537 289 389 3)
(175339 12120.6 23003.5 177 277 1)
(175342 71540.8 110453 453 553 1)
(175352 118771 27042.5 236 336 1)
(175355 122821 -58493.4 302 402 3)
(175362 84574.3 136746 334 434 1)
(175366 83553.5 -9172.69 187 287 1)
(175374 -4982.99 -82536.8 12 112 1)
(175377 -73419.5 -3166.05 329 429 1)
(175378 83792.4 12034.8 480 580 1)
(175383 -123793 -119037 591 691 1)
(175386 -23865.8 2140.21 106 206 1)
(175388 17223 37007.4 259 359 1)
(175389 -22902.8 -53413.3 236 336 1)
(175390 -37153.6 -27275.5 128 228 1)
(175401 -84415.3 -31283.3 6 106 1)
(175403 84511 -66535.3 112 212 1)
(175410 119651 -57316.4 109 209 3)
(175411 -51248.2 -54418.1 195 295 1)
(175413 -20078.7 -112856 454 554 1)
(175414 -53234.9 -47338.7 1 93 3)
(175420 -83.983 -126033 478 578 1)
(175424 -104513 78333.3 158 258 1)
(175426 4190.99 119676 570 670 1)
(175430 54400.3 -42344.6 87 187 1)
(175439 -12005.1 -63447.5 1 93 1)
(175444 49496 -23222.7 310 410 1)
(175454 -41194.1 -94768.5 176 276 3)
(175462 100680 83379.6 287 387 1)
(175470 -17043.6 -44363 86 186 1)
(175478 -99629.7 41102.9 437 537 1)
(175482 26364.3 110474 307 407 1)
(175496 12137.8 11939 428 528 1)
(175500 75488.4 -58463 180 280 1)
(175508 -971.218 -126891 217 317 1)
(175511 -62295.6 88399.4 467 567 1)
(175520 -64074 -57542.6 414 514 1)
(175530 -85461.9 -84604.1 74 174 1)
(175539 64532.1 -59664.4 342 442 3)
(175541 -102601 123654 303 403 1)
(175542 -108612 27083.6 245 345 1)
(175548 -57315.9 138780 381 481 1)
(175554 48531.3 -106777 399 499 3)
(175557 66532.5 -41440.6 575 675 1)
(175559 -33214.4 116632 534 634 1)
(175561 -98467.3 -40299.3 38 138 1)
(175568 62401.3 -72551.1 232 332 1)
(175571 108743 -4157.57 418 518 3)
(175575 8124.84 24929.1 470 570 3)
(175578 57429 22014.7 359 459 1)
(175587 -88447.7 -139901 131 231 1)
(175591 -38165.8 -123943 418 518 1)
(175593 11112 -7205.77 41 141 3)
(175595 93620.9 106333 169 269 1)
(175602 67506.2 32136.3 93 193 1)
(175611 -58316.1 -102789 415 515 1)
(175614 -106530 -54402.2 232 332 1)
(175615 34256.7 96430.4 151 251 3)
(175618 -14096 68357.8 248 348 1)
(175624 -18041 79321.4 158 258 3)
(175626 70776.1 -25643.7 204 304 3)
(175633 -30051.6 -127833 188 288 3)
(175641 -12986.2 9925.71 89 189 3)
(175648 -10024.4 44221.8 479 579 1)
(175649 1128.62 -58336 146 246 1)
(175655 63425.4 -101772 385 485 1)
(175657 -30115.4 -110754 155 255 1)
(175659 -2865.03 31505.6 129 229 1)
(175665 -21915.7 -92460.5 552 652 1)
(175678 -62298.5 17964.9 400 500 1)
(175685 12133.8 -26288.1 230 330 3)
(175687 -89381.6 -120721 15 115 1)
(175690 72452.8 -29241.2 146 246 1)
(175691 40304.6 -69578.6 320 420 3)
(175703 89353 123448 33 133 1)
(175705 101603 -127.822 36 136 3)
(175708 54341.7 114519 1 95 1)
(175712 80636.9 -45420 626 726 1)
(175714 -121475 109825 271 371 1)
(175715 -52204.9 -61312 142 242 1)
(175730 -109612 13906.8 56 156 1)
(175731 2092.4 149733 131 231 1)
(175736 42250.6 -110647 120 220 1)
(175744 49318.4 118627 196 296 1)
(175746 -115731 -90774 549 649 1)
(175747 47408.4 139737 339 439 3)
(175752 85705.9 -130.873 549 649 1)
(175753 -10068.8 -123994 452 552 3)
(175754 88602.7 80395.1 97 197 1)
(175766 -103622 -133042 524 624 1)
(175768 -35164.2 -21183.6 119 219 1)
(175786 7086.86 -90628 71 171 1)
(175790 53471.4 -92795.9 338 438 1)
(175794 -103460 -114738 92 192 3)
(175795 116731 -82755.1 447 547 3)
(175798 37370.8 -60534.8 418 518 1)
(175817 122835 -99757 361 461 1)
(175821 9169.9 84439.2 623 723 1)
(175822 -28922 -65483.8 213 313 1)
(175825 -16240.2 -62099.4 133 233 3)
(175829 -64278.2 -85618 224 324 3)
(175834 -27071.5 34190.3 277 377 3)
(175837 65385.5 43248.1 273 373 1)
(175839 -7980.24 -27339.2 579 679 1)
(175854 121765 -12192.5 200 300 1)
(175873 -67167.8 144749 48 148 1)
(175879 116864 -65654 582 682 1)
(175880 -1972.6 -2152.3 417 517 1)
(175882 4134.25 -112810 263 363 3)
(175887 27246.5 -42408 364 464 1)
(175891 -121728 -78608.4 277 377 1)
(175892 76437.8 -137932 100 200 1)
(175906 27222.9 -48392 165 265 1)
(175916 -3111.27 -111990 225 325 1)
(175927 18158.5 41110.1 31 131 1)
(175928 -14979.1 -84616.6 55 155 1)
(175938 3131.42 -32066.4 343 443 1)
(175954 -7990.97 14955.6 372 472 3)
(175957 19117.1 -94723.1 473 573 1)
(175960 -89609.3 -139068 365 465 1)
(175970 -935.253 3909.21 532 632 1)
(175976 16154.2 -140118 581 681 3)
(175979 8100.86 78459.8 565 665 1)
(175980 75419.8 -110728 54 154 1)
(175987 -123741 -75612.7 358 458 1)
