(152004 72522.3 20988.4 167 267 1)
(152006 90626.8 48226.4 616 716 3)
(152011 95529.8 -120759 2 102 1)
(152016 59268.5 -122925 625 725 1)
(152017 6039.19 -139035 512 612 3)
(152023 57416.7 144743 157 257 1)
(152025 8043.63 -131905 281 381 1)
(152033 10131.6 47216.5 449 549 1)
(152058 50257.6 38138.9 236 336 3)
(152090 -26955.7 108844 525 625 1)
(152106 24257.5 15021 492 592 1)
(152112 -9899.26 -92549.3 233 333 3)
(152117 17102.7 19942.9 97 197 1)
(152118 -110739 -67597.9 544 644 1)
(152127 -45255.1 11813 375 475 3)
(152133 -84218.2 34198.4 17 117 3)
(152137 -33111.5 7875.12 507 607 1)
(152142 78603.8 13032.3 134 234 3)
(152166 37270 104463 43 143 1)
(152170 -70412.9 -41376.5 440 540 1)
(152177 -49282.5 88500.7 419 519 1)
(152180 -893.33 -47448.5 286 386 3)
(152181 38271.5 67290.4 277 377 3)
(152192 -30126.9 -128002 520 620 1)
(152196 18265.4 122516 310 410 1)
(152205 27240 1890.14 293 393 1)
(152211 -54220.5 -11141.2 304 404 1)
(152215 -40212.8 -38405.4 468 568 1)
(152220 19177.3 55240.8 531 631 1)
(152226 -21083.1 11980.8 193 293 1)
(152239 -105486 -132884 154 254 3)
(152240 84729.9 24346.9 516 616 1)
(152245 -1933.49 -44414.7 107 207 1)
(152250 -23947 77149.5 504 604 1)
(152253 -18982.7 -30392.9 519 619 1)
(152254 66497.8 36102.7 415 515 1)
(152267 -29098.3 -61494.1 204 304 1)
(152268 91729.5 54204.7 604 704 1)
(152269 -34125.5 7876.72 175 275 3)
(152272 -73470.9 18931.2 117 217 3)
(152273 -75375.4 21957.8 38 138 1)
(152276 -29088.9 -95687.8 410 510 1)
(152284 24201.4 -130861 131 231 1)
(152292 29179.9 133629 94 194 1)
(152296 109725 69308.1 191 291 1)
(152299 35297.6 -75687.1 493 593 1)
(152302 -11007.6 -9201.26 446 546 1)
(152304 17153.6 -16268.5 202 302 1)
(152311 50324.2 138652 70 170 3)
(152316 -93533.6 -98698.3 284 384 1)
(152325 65535.4 27044.8 581 681 3)
(152329 -65302.6 -124811 98 198 1)
(152336 36341.9 119665 491 591 1)
(152343 -63362.9 -135910 59 159 1)
(152344 -37486.6 99872.7 354 454 1)
(152345 -112707 -22114.7 15 115 1)
(152346 20225.2 -34355.7 433 533 1)
(152355 -51593.4 -132563 443 543 1)
(152360 -33175.8 -43429 610 710 1)
(152362 -89443.7 -123771 147 247 3)
(152364 -72417.2 -41417.4 475 575 1)
(152366 91936.4 119839 612 712 3)
(152376 86588.7 109602 388 488 1)
(152379 -30126.1 -65455.8 262 362 3)
(152381 97272.7 9559.68 82 182 1)
(152382 24119.6 115549 104 204 1)
(152390 -112655 -87708.6 241 341 1)
(152391 -40842 -117906 524 624 3)
(152395 -33148.9 29036.3 336 436 1)
(152411 9794.94 -79495.3 77 177 1)
(152424 14142.2 -70542.8 206 306 1)
(152431 -32161.2 16970.9 533 633 1)
(152432 -74407.5 -47580.4 517 617 3)
(152436 -46401.5 149864 456 556 1)
(152437 -25115.3 112666 492 592 3)
(152439 -15042.1 35079.7 224 324 1)
(152448 -110667 867.208 446 546 1)
(152449 -96594.2 -18277.4 473 573 1)
(152456 -63314.8 -85548.1 75 175 1)
(152463 -113772 -3182.6 582 682 1)
(152471 -32152.3 -31366.6 467 567 1)
(152488 -11179.7 -41627 256 356 1)
(152490 -85456.7 70294.7 1 100 1)
(152498 -6948.68 1912.27 145 245 3)
(152516 -58317.9 -101882 510 610 1)
(152519 51383.4 97416 394 494 1)
(152548 -86439.5 -36342.5 412 512 1)
(152560 -59463.4 -79736 452 552 1)
(152582 -91575.2 61278.7 346 446 1)
(152595 18263.9 41041.5 51 151 1)
(152596 60420 -114762 161 261 1)
(152599 96890.7 -88884.3 621 721 1)
(152604 -75438.2 117605 345 445 1)
(152618 -34993 -80814.4 120 220 1)
(152619 40356.9 -113944 588 688 3)
(152638 -24107.9 -122838 208 308 1)
(152647 61533.4 32085.8 563 663 3)
(152651 -124611 -63431.9 232 332 1)
(152655 -54133.7 37091.4 498 598 1)
(152657 6109.27 -32329.2 361 461 3)
(152663 -16048.9 -73613.4 276 376 1)
(152672 114647 -62459.2 39 139 1)
(152674 33325.1 -39341.9 484 584 1)
(152677 -113654 24020.9 350 450 1)
(152684 -108634 -80660.8 383 483 1)
(152688 -78436.4 -38374.6 330 430 1)
(152695 -51299.2 33085.6 466 566 1)
(152697 8084.45 -57457.6 165 265 1)
(152706 83547.7 87399.8 180 280 1)
(152707 1994.85 89425.4 554 654 1)
(152708 -11020.4 -144175 596 696 1)
(152709 -9834.47 -25201.6 413 513 1)
(152714 -106668 146871 561 661 1)
(152718 74598.6 145890 615 715 3)
(152721 -43194.6 -91629.2 92 192 1)
(152735 58391.7 -138959 135 235 1)
(152738 88698.9 102530 573 673 1)
(152742 -71357.8 -128958 323 423 3)
(152746 43416.5 -115899 397 497 1)
(152749 -72436.3 105621 448 548 1)
(152752 -21108.7 24980.6 117 217 3)
(152759 -101573 143717 166 266 1)
(152773 -8975.23 8954.31 195 295 1)
(152774 22163.7 -142939 100 200 1)
(152775 45267.1 21060.9 441 541 3)
(152776 38201.3 21225.7 562 662 3)
(152777 84549.1 -98680 173 273 1)
(152788 -108559 29034.9 159 259 1)
(152790 26240.4 -22292 510 610 3)
(152796 23163.2 -26250.9 268 368 3)
(152800 -95496.5 -132883 159 259 1)
(152805 58515.1 63283.3 514 614 1)
(152807 13087.1 39140.8 144 244 3)
(152814 -115767 -102749 628 728 1)
(152819 -52229.1 -76570.2 295 395 3)
(152834 -46408.2 20965.1 518 618 1)
(152836 -65356.2 -89637.1 71 171 3)
(152838 -41194.6 89418 236 336 1)
(152847 -69363.5 -11202.7 190 290 1)
(152867 -62311.6 118611 331 431 1)
(152871 11124.9 -119928 320 420 1)
(152873 -7989.43 119607 340 440 1)
(152877 -39213.5 117584 195 295 3)
(152883 -123738 10940.7 386 486 3)
(152895 66528.4 36092 547 647 1)
(152897 -35128.4 -22341.5 469 569 1)
(152901 105785 13962.3 490 590 1)
(152903 97719.6 -146158 626 726 3)
(152907 -30960.3 51157.4 415 515 3)
(152919 5101.78 -12167.7 80 180 3)
(152927 -47280.1 -2142.35 477 577 1)
(152945 57396.1 -30365 123 223 1)
(152949 -8999.66 50082.4 264 364 1)
(152961 -1802.03 -70575.5 578 678 1)
(152964 -16828.4 -20297.4 19 119 3)
(152972 111794 -40430.1 74 174 3)
(152976 37367.3 30050.3 143 243 3)
(152977 -11005.3 -92580.5 47 147 1)
(152996 -86595.1 32059.9 618 718 3)
(152997 -30137.5 -131999 440 540 3)
