(199007 6092.8 -32357.1 447 547 3)
(199011 -8747.34 -99780.2 142 242 1)
(199026 29262 -131875 68 168 1)
(199027 69495.7 -96839 558 658 3)
(199032 -116777 -148956 62 162 1)
(199034 -103543 78327 165 265 1)
(199035 124771 -125836 181 281 3)
(199037 -18057.4 -23302.5 392 492 3)
(199038 -12035.9 -43469.6 506 606 3)
(199046 -13025.5 -135969 451 551 3)
(199070 -97600.1 -124011 541 641 1)
(199074 27228 67265.5 1 98 1)
(199080 57442.8 130779 546 646 1)
(199089 46379 148701 137 237 1)
(199104 -103645 126800 428 528 1)
(199107 105736 53224.8 386 486 1)
(199122 101748 -117023 628 728 1)
(199130 -117146 -143157 554 654 1)
(199132 68540.1 132753 509 609 1)
(199135 -58269.6 -44347.6 12 112 3)
(199137 114167 -113655 350 450 1)
(199141 21176.4 96442.1 129 229 1)
(199142 91573.7 -33355.7 265 365 1)
(199143 -78349.9 106449 81 181 3)
(199149 33302.9 9960.29 479 579 3)
(199152 20168.5 105634 365 465 3)
(199156 -17096 -58535.5 477 577 3)
(199161 123719 -21171.9 147 247 3)
(199170 -31133.3 -1215.94 613 713 3)
(199171 29114.8 -4124.51 419 519 1)
(199176 -81566.4 -65611.2 468 568 1)
(199195 -47243.7 141673 117 217 1)
(199202 -37106.6 11891.4 578 678 1)
(199218 -117791 -112097 519 619 1)
(199226 -49267.4 32082 519 619 1)
(199228 -6888.27 51205.5 192 292 1)
(199249 20180.5 -67453.8 15 115 1)
(199260 101776 -19689.6 440 540 1)
(199261 1099.86 -15147.3 40 140 1)
(199264 -62303.3 53105.2 193 293 1)
(199266 -89728.4 -83669.8 580 680 1)
(199280 111875 12895.1 57 157 1)
(199295 -53283 -137905 68 168 1)
(199296 -117815 24082.9 566 666 1)
(199297 104499 105581 189 289 1)
(199301 -112565 81235 426 526 1)
(199307 -31050.7 4841.91 276 376 1)
(199326 14254.2 52187.9 627 727 1)
(199330 -121645 -103703 184 284 1)
(199338 -114979 -127876 298 398 1)
(199342 54445.9 -13166.2 287 387 3)
(199346 20208.9 -84734.9 532 632 1)
(199351 70403.1 30020 50 150 1)
(199355 -29261.9 113635 351 451 1)
(199356 3095.19 2023.76 142 242 1)
(199357 75604.4 -13244 501 601 3)
(199363 -118801 -142158 626 726 1)
(199367 -25.2021 89278.7 267 367 1)
(199368 -19010.7 -46516.9 198 298 1)
(199373 98589.7 -986.565 249 349 1)
(199380 11890 79403.3 315 415 1)
(199385 -23075.1 67211.5 454 554 1)
(199387 102480 131589 614 714 1)
(199389 100718 33069.8 381 481 3)
(199396 38387.1 -34391.2 67 167 1)
(199400 -81422.6 129739 288 388 1)
(199403 26212.8 92453.6 1 93 1)
(199404 -26081.9 -48461.3 454 554 1)
(199408 53322.4 -25275.3 2 102 1)
(199423 -90429.6 -123772 23 123 1)
(199424 -29032.8 -59467.9 41 141 3)
(199432 -68294 -61531.9 1 97 1)
(199440 -35227.6 140681 412 512 3)
(199441 -12016.1 -141121 554 654 1)
(199445 57492.6 -1164.15 421 521 1)
(199451 16103.9 90275.7 284 384 1)
(199454 53348.5 -115668 30 130 1)
(199463 -47346.1 -23177.3 533 633 1)
(199468 -3858.44 49196.5 552 652 1)
(199471 -95549.2 144788 522 622 1)
(199475 105757 -75611.8 586 686 3)
(199476 65516.6 21115.8 433 533 1)
(199483 -75407.8 -129010 612 712 3)
(199493 -8994.2 16979.8 281 381 1)
(199502 -80454.3 14955.1 380 480 1)
(199507 -74477.4 129809 501 601 1)
(199515 48376.2 -88921.2 570 670 1)
(199517 -46222.3 -78430.9 21 121 1)
(199526 103560 -106692 3 103 3)
(199531 -106471 132628 160 260 1)
(199537 -115710 -142753 21 121 3)
(199541 61419.5 -149984 173 273 1)
(199546 -25002.7 45118.1 246 346 1)
(199554 -24103.8 59231.1 479 579 3)
(199557 102038 20281.8 614 714 1)
(199559 -71358.6 -147990 200 300 3)
(199560 -48363.7 121726 600 700 1)
(199561 -3152.29 -5254.69 241 341 3)
(199564 93452.4 44164.6 32 132 3)
(199569 -41226.1 111643 621 721 1)
(199571 -3076.74 -144105 237 337 1)
(199582 -56331 -55484.1 404 504 1)
(199598 -69371.4 -9190.96 335 435 1)
(199600 -50106 -96598.4 143 243 1)
(199607 113798 -145077 384 484 1)
(199615 40377.3 9951.36 233 333 1)
(199624 -71327.6 -76699.9 338 438 1)
(199625 87578.1 -58466.9 206 306 1)
(199628 12194.6 38071.9 457 557 1)
(199629 -13032.1 -130940 154 254 3)
(199632 -39250.1 -111874 155 255 3)
(199641 62353.2 -77492.9 116 216 1)
(199644 -64395.4 3925.24 618 718 1)
(199647 -87451.7 -64508.8 203 303 1)
(199650 76311.8 38059.9 130 230 1)
(199656 -52254.8 118541 153 253 3)
(199663 -52306.4 -5184.97 424 524 1)
(199665 86728.7 -113969 618 718 1)
(199670 -75413.8 -111864 300 400 1)
(199671 4968.21 -25391.1 549 649 1)
(199678 -934.297 32076.3 402 502 3)
(199679 -80384.1 -111736 67 167 3)
(199691 -25376.9 -2311.59 353 453 1)
(199696 -47207.1 -46525.1 629 729 1)
(199698 -14981.4 34037.1 185 285 1)
(199699 84655.5 -6166.41 343 443 1)
(199700 -14033.7 -40435.2 592 692 1)
(199703 -112609 -37343.7 188 288 3)
(199706 23240 21012.8 580 680 1)
(199714 96636.3 -34340.8 320 420 1)
(199722 58390.2 -103733 202 302 1)
(199739 22210.8 -77509.7 107 207 1)
(199745 33246.3 5908.95 167 267 1)
(199747 70563.8 62215.5 613 713 1)
(199758 -40184.6 -133879 154 254 1)
(199771 -95465.5 -93618.1 46 146 1)
(199780 -32194.6 32987.2 206 306 1)
(199795 -98689.8 -124021 408 508 1)
(199806 67378.1 -92662.5 148 248 -1)
(199810 -86540.2 94520.8 274 374 3)
(199820 114714 -28286 187 287 1)
(199823 57411.5 79391 509 609 1)
(199824 -67291.2 56376.8 324 424 3)
(199825 -32033.1 140659 133 233 3)
(199826 -113924 84332.3 534 634 1)
(199843 37300.4 17915.8 235 335 1)
(199844 -56252.4 -71489.8 26 126 1)
(199847 121630 23041.9 2 102 3)
(199849 25242.7 -116704 50 150 3)
(199855 82488.1 -27284.5 10 110 1)
(199857 -48278.9 -16243 375 475 1)
(199860 -64339.9 61245.6 289 389 1)
(199864 -101519 -46377.2 124 224 1)
(199865 28265.9 -126004 518 618 1)
(199868 29230.6 9945.89 271 371 1)
(199874 -84508.9 -8201.1 541 641 1)
(199894 21797.5 56932.5 400 500 1)
(199896 -48204 66274.1 369 469 1)
(199898 -81405.4 132576 102 202 3)
(199901 -23160.2 -57486.2 126 226 3)
(199920 23199.3 69301.6 319 419 3)
(199922 -55414.4 -17222.5 502 602 1)
(199923 98667.4 -58421.6 539 639 3)
(199924 14181.7 1891.49 291 391 3)
(199928 99765 -31330.5 406 506 1)
(199937 63438 65337.6 311 411 1)
(199944 7103.47 -99804.6 443 543 1)
(199953 122751 5000.14 1 97 1)
(199954 -105620 41122.3 371 471 1)
(199965 -66328 20932 338 438 3)
(199973 94746 11938.3 598 698 1)
(199976 97766.9 -48487.2 587 687 1)
(199981 30254.1 -117.574 246 346 1)
(199987 92595.7 -73263 393 493 1)
(199997 -94567.5 -81665.5 457 557 3)
