(125000 -116604 -28280.7 171 271 1)
(125027 -61355.2 35079.3 467 567 1)
(125028 -38121.1 -36322.4 100 200 3)
(125029 -123678 -105571 269 369 1)
(125041 40450.3 -25316.1 170 270 3)
(125042 56384.4 -50630 626 726 1)
(125044 -39144.1 -12184.6 198 298 1)
(125049 -2956.76 -87585.6 48 148 1)
(125051 -916.997 -23310.8 517 617 3)
(125057 113783 3888.68 368 468 1)
(125058 -77381.1 145700 115 215 1)
(125061 89684.5 -61492.5 574 674 1)
(125063 -9884.14 -146081 519 619 1)
(125080 39237.5 -139988 28 128 1)
(125086 10804.4 -87869.1 409 509 1)
(125095 103676 -64448 1 98 3)
(125097 64550.2 11066.2 132 232 1)
(125103 81576.4 -54441.3 232 332 1)
(125110 21184.7 52190.1 249 349 3)
(125112 -61378.3 138623 264 364 1)
(125113 74594.6 -17265.1 596 696 1)
(125121 -36154.4 79366.7 362 462 3)
(125128 38344.1 64.8 89 189 1)
(125136 26164.8 -62539.7 193 293 1)
(125138 -68373.4 -25315.3 212 312 1)
(125139 -123805 -58540.5 507 607 1)
(125142 55374.1 -86790.1 1 94 1)
(125146 2065.92 -60518 391 491 1)
(125157 -47189.2 52168.5 604 704 1)
(125163 36308.8 40140.7 507 607 3)
(125177 106783 -128984 444 544 1)
(125180 7102.79 -76575.6 262 362 1)
(125183 6101.51 134753 301 401 1)
(125190 -66347.6 -74564.3 191 291 3)
(125192 -10004.9 -118907 594 694 1)
(125193 -60307.4 -59473.4 179 279 3)
(125197 -19064 -133901 201 301 1)
(125198 -17049.3 95459 339 439 1)
(125201 77504.2 -14207 124 224 1)
(125202 -91697 2889.57 420 520 1)
(125212 31329.1 31062.7 324 424 1)
(125219 -33164.1 -63548.1 265 365 3)
(125221 -4970.7 -95703.6 227 327 1)
(125222 4064.66 -8197.03 467 567 1)
(125224 -33192.3 -50548.7 521 621 3)
(125228 42364.3 -135932 192 292 1)
(125235 8085.09 106425 10 110 1)
(125236 40292.7 -137007 380 480 3)
(125238 -28173.7 94534 627 727 1)
(125239 -35165.6 45280.2 561 661 3)
(125252 71583.1 -2123.89 611 711 3)
(125253 4154.45 50132.7 622 722 1)
(125255 30252.4 -55465.3 95 195 3)
(125260 37298.3 104543 222 322 1)
(125263 -46202 -64468.8 84 184 3)
(125274 58302.9 -7066.8 78 178 1)
(125279 -64317.9 116617 94 194 3)
(125291 17172.5 -8153.53 302 402 3)
(125294 -28027.5 -148660 69 169 1)
(125300 -52222.2 13956.5 35 135 1)
(125306 -26118 -72640.6 449 549 1)
(125313 89452.4 87505 301 401 1)
(125320 -49232.9 32039 1 97 1)
(125334 -42075.6 -48390 25 125 3)
(125340 -55358.7 -78431.3 323 423 1)
(125348 103647 -141907 57 157 1)
(125352 -51262.5 -20239.2 190 290 1)
(125364 -27154.4 17930.4 159 259 1)
(125365 88416.9 -92648.8 285 385 1)
(125371 57410.2 85388.1 261 361 3)
(125373 112658 -5020.04 76 176 1)
(125375 -123610 -88655.2 148 248 1)
(125377 51499.5 -13439.7 542 642 1)
(125379 -86477.9 111620 464 564 1)
(125380 35266.6 -54399.8 22 122 1)
(125381 62474.9 -67552.8 344 444 1)
(125383 -45182.3 -146084 330 430 1)
(125386 -87484.5 5913.84 430 530 3)
(125387 -93584.5 -62588.5 588 688 1)
(125395 -40177.4 -24309.3 95 195 1)
(125401 74574.6 14004.4 426 526 1)
(125408 118861 -86729.1 490 590 1)
(125426 64367 44159.9 176 276 3)
(125429 37283.6 -88584.6 120 220 1)
(125432 -99464.9 98473.6 149 249 1)
(125434 36253.6 -24263.4 176 276 1)
(125443 -62003.5 -121886 182 282 1)
(125460 15125.8 120554 111 211 3)
(125464 80617.1 -45457.4 453 553 3)
(125465 5108.96 -16219.2 564 664 1)
(125467 69466.9 139666 223 323 1)
(125485 49413.5 -11228 589 689 1)
(125489 -55342.6 13023 357 457 3)
(125496 108792 133609 108 208 3)
(125497 29200.3 -52456.7 159 259 1)
(125498 13163.9 -52514.6 521 621 3)
(125502 24223.6 -95753.2 397 497 3)
(125507 -123757 -61464 282 382 1)
(125508 83504 -121995 313 413 1)
(125515 72509.2 -76582.8 251 351 1)
(125521 78724.7 38060.6 351 451 1)
(125524 47317.2 83368.2 83 183 1)
(125527 63466.6 80352.9 245 345 1)
(125534 23170.8 14959.5 216 316 1)
(125537 89865.6 117898 496 596 3)
(125541 -76508.9 30076 448 548 1)
(125552 -1807.38 -101824 362 462 3)
(125555 -66298 38081.8 170 270 3)
(125565 -20085.9 39145 375 475 1)
(125568 2137.12 8935.52 235 335 3)
(125570 -64289.9 122651 225 325 1)
(125573 83667.8 104623 274 374 3)
(125579 -75399 -41451 321 421 3)
(125580 9148.33 43159.5 591 691 3)
(125589 9085.53 -45369.5 139 239 1)
(125603 -49455.7 -70664.5 298 398 1)
(125612 -117543 -67578.9 206 306 1)
(125619 -78489.9 -120981 563 663 3)
(125628 -54246.3 -73523.6 102 202 1)
(125630 63506.2 -71629.7 528 628 1)
(125639 62420 17981 193 293 1)
(125642 18170.8 -52455 297 397 1)
(125659 -77449 -45528 418 518 3)
(125666 -40203.7 3882.07 491 591 3)
(125668 19172.8 -61583.4 510 610 3)
(125669 44371.2 -147023 290 390 3)
(125673 66422.2 -118835 99 199 1)
(125674 76488 -32292.9 48 148 1)
(125675 -96453.9 25042.8 94 194 1)
(125678 94693.7 -50312.8 147 247 1)
(125680 -4981.41 -74535.8 26 126 1)
(125690 122958 -31384.4 275 375 1)
(125692 -18984.7 90465 597 697 1)
(125698 71764.2 108535 529 629 3)
(125706 3082.91 -79563.8 108 208 1)
(125708 -6022.56 96506.4 527 627 1)
(125712 -103619 126692 456 556 1)
(125724 -48230.2 -11164.7 363 463 1)
(125732 -12984.4 -139915 146 246 1)
(125741 16156.4 -57434.2 21 121 1)
(125745 93616.3 -83644.6 202 302 1)
(125749 28225.4 -17198.3 236 336 1)
(125750 106805 -78668.3 504 604 1)
(125758 124977 -89761.3 496 596 1)
(125771 107290 -18370.1 62 162 1)
(125790 6099 24001.9 394 494 3)
(125793 82622.8 -43395.5 476 576 3)
(125795 -111708 -65568.1 556 656 1)
(125798 9103.92 -34357.7 340 440 1)
(125801 105773 78399.2 544 644 1)
(125806 83634.9 51194.2 332 432 1)
(125807 68619.9 24987.4 454 554 3)
(125814 -71393.6 -71478.3 93 193 1)
(125823 -15034.5 116616 357 457 1)
(125825 57499.2 -82744.6 549 649 1)
(125834 -27110.9 7905.91 382 482 1)
(125839 77547.3 39091.9 406 506 1)
(125855 -8184.63 -71520.3 2 102 1)
(125857 72487.7 -89632.5 187 287 3)
(125858 85509.1 42057.1 135 235 3)
(125860 -53289.6 -50483.1 430 530 3)
(125861 70462.7 -136932 155 255 3)
(125863 25217.3 -89607.3 244 344 1)
(125875 88662.7 -25311.3 400 500 1)
(125880 2017.2 109697 601 701 1)
(125881 -22038.5 90495.5 327 427 1)
(125882 76580.4 -140912 526 626 1)
(125883 -53234.7 -66451.2 19 119 1)
(125885 -90565.4 57269 502 602 1)
(125893 106638 -61449.5 49 149 1)
(125902 22574.3 132537 85 185 1)
(125903 -92507.1 28905.3 308 408 1)
(125924 66518.4 112458 70 170 3)
(125926 29260.2 6881.6 472 572 3)
(125933 23586 -145844 10 110 1)
(125943 -104090 102885 533 633 1)
(125951 -44249.3 -107842 512 612 1)
(125956 -96708.3 22944.5 276 376 1)
(125966 38295.7 16991.7 222 322 1)
(125972 -115671 113643 155 255 1)
(125974 -18062.2 -130927 209 309 1)
(125978 -2963.16 88410.1 32 132 1)
(125982 -31202 71338 336 436 1)
(125985 35269.5 -63562.2 459 559 3)
(125986 30247.5 43228.3 451 551 3)
(125988 -4023.26 -115764 42 142 1)
(125997 25210.8 -149017 209 309 1)
(125998 -102679 -140101 557 657 1)
(125999 -926.277 -47397.8 65 165 3)
