(112001 80592.9 -64509.4 133 233 1)
(112002 -104688 -35399 522 622 3)
(112004 -52210.6 -60527.6 619 719 1)
(112005 43281.9 21001.6 8 108 1)
(112010 -78407.1 -13235.3 381 481 1)
(112020 79433.3 108474 1 97 1)
(112026 -113568 -108722 96 196 3)
(112027 76501.7 -114800 292 392 1)
(112036 17169.8 85349.4 51 151 1)
(112044 -28069.8 -46342.4 451 551 1)
(112052 14142.4 -11169.5 151 251 1)
(112062 98764.5 2894.01 573 673 1)
(112063 -2952.09 -59444.4 111 211 1)
(112066 1082.02 34092.5 611 711 1)
(112068 -84496.5 72348.8 449 549 1)
(112069 -61277.1 -133899 75 175 1)
(112083 -65339.7 -70549 274 374 1)
(112087 28243.9 -148018 308 408 1)
(112095 -83489.1 -36368.1 65 165 1)
(112098 -81434.5 -74590.8 291 391 1)
(112113 20112.7 -42428.7 498 598 1)
(112122 -38167.9 15963.1 241 341 1)
(112131 114851 -145058 368 468 1)
(112132 -72409.7 -67554.9 425 525 1)
(112138 102195 -90752.8 61 161 3)
(112140 121741 -138929 171 271 1)
(112146 34251.2 -4140.16 121 221 1)
(112174 -68422.9 -46500.2 519 619 3)
(112175 70421.9 -36347.2 12 112 1)
(112181 -36222 6907.22 205 305 3)
(112182 120789 -61481.6 317 417 3)
(112183 29256.1 44186.4 195 295 1)
(112184 111797 -46433.4 333 433 1)
(112191 13150 -55482.7 361 461 1)
(112209 -8971.22 49372.3 545 645 1)
(112213 -27115.4 11914.8 24 124 1)
(112216 -51248.3 -60715.3 621 721 1)
(112217 -47041.9 -91397.8 335 435 1)
(112218 16176.1 128714 365 465 1)
(112219 -47190.9 42107.2 349 449 1)
(112222 -5999.16 122764 504 604 1)
(112223 -35144.8 -57461.3 337 437 3)
(112243 -75429.3 1933.39 411 511 3)
(112249 -23074.6 -69537.4 291 391 1)
(112259 43670.5 -67004.4 108 208 1)
(112272 -115552 72482.3 142 242 1)
(112274 16150.8 29049.5 42 142 1)
(112277 100639 108505 119 219 1)
(112285 38288 -88696.4 306 406 3)
(112292 -22228.5 29089.7 243 343 1)
(112297 -99684.4 22973.3 593 693 1)
(112299 121691 -48352 1 94 3)
(112300 62588.2 -121595 118 218 1)
(112301 -115638 -67548.2 282 382 1)
(112311 -42170.6 -90692 285 385 1)
(112315 -19069.3 -32353.3 406 506 1)
(112319 41320.6 -61515.7 302 402 1)
(112328 -96508.5 -19235.7 184 284 1)
(112329 9050.08 5804.1 626 726 1)
(112332 -43199.3 39115.7 267 367 1)
(112345 -58280.4 -47421.2 211 311 3)
(112346 -5967.21 -93803.3 550 650 1)
(112348 -61315.7 -42586.4 175 275 1)
(112349 -37167.8 64268.3 283 383 1)
(112361 -108720 14902.5 585 685 1)
(112363 -61293.5 7941.46 29 129 1)
(112369 83562.4 -120827 184 284 1)
(112375 -4980.43 109426 102 202 1)
(112385 2089.35 -144202 586 686 3)
(112392 -59335.6 -102863 586 686 1)
(112393 111867 38113.5 277 377 1)
(112394 75491.2 35065 178 278 1)
(112404 37312.8 49139.4 155 255 1)
(112406 9091.16 -98719 193 293 1)
(112411 38203.1 -5192.78 26 126 1)
(112415 35.822 -28571.8 201 301 1)
(112430 58489.4 136948 580 680 1)
(112435 48424 -88691 412 512 1)
(112438 -46258 112589 306 406 1)
(112441 -64218.3 -127784 269 369 1)
(112442 11167.5 -145066 232 332 1)
(112448 -21051.5 -61458.7 94 194 1)
(112462 -66408.8 -22314.6 611 711 1)
(112463 19143.3 -134836 129 229 1)
(112467 9189.48 -6180.63 260 360 1)
(112470 23256.2 46116 45 145 3)
(112477 16207.2 -57404.5 601 701 1)
(112480 29218.5 -120747 248 348 1)
(112483 -98763 -27446.9 460 560 1)
(112486 97689.9 -55507 408 508 1)
(112489 15157.6 -128985 349 449 1)
(112502 -25120.1 -12252 519 619 1)
(112508 27176.6 -35242 286 386 1)
(112522 40409.5 -102883 605 705 3)
(112524 -72316.9 -13209.9 195 295 3)
(112529 68544.4 -5185.32 556 656 1)
(112535 9087.16 -76727.8 594 694 1)
(112537 88533.1 -22202.5 209 309 3)
(112541 -14019.4 -49432.6 361 461 1)
(112542 -66300.7 13970.3 85 185 3)
(112544 49327.1 5923.05 57 157 1)
(112545 70491.6 -90527.9 173 273 1)
(112550 29194 51164.5 181 281 1)
(112551 32229.9 -144900 37 137 1)
(112554 -9959.37 -100854 543 643 1)
(112557 -10887.5 -47400.2 74 174 1)
(112564 108605 100370 152 252 3)
(112567 25269.2 37107.1 288 388 1)
(112573 47336.6 -65479.9 119 219 1)
(112584 -37114.2 14962.5 38 138 1)
(112588 21247.6 -185.346 563 663 1)
(112591 31287.6 -106873 518 618 1)
(112593 -76411.4 -134013 223 323 1)
(112594 -32228.4 -29378.4 165 265 3)
(112595 -10000.6 -19284.2 583 683 1)
(112598 42285.3 -115787 132 232 1)
(112604 62410.7 37089 134 234 1)
(112609 -95319.5 -76303.3 479 579 1)
(112610 63452.1 -71552.3 413 513 1)
(112611 8046.53 26019.2 131 231 1)
(112612 -52289.5 -68406.7 10 110 1)
(112613 -70436.7 -1118.06 372 472 3)
(112617 -103584 70344.9 377 477 3)
(112633 55390.6 9974.09 39 139 1)
(112635 -7075.97 76402 129 229 1)
(112639 97618.9 -4181.31 273 373 3)
(112641 -85411.4 136582 1 93 3)
(112643 19183.2 -133963 315 415 3)
(112646 53520.2 59251.1 553 653 1)
(112652 -19085.6 88529.3 160 260 1)
(112663 70453.4 -39436.6 619 719 1)
(112696 -70328.6 -15215.5 1 98 1)
(112697 25153.5 66360.3 459 559 3)
(112699 1057.45 40102.6 294 394 1)
(112700 14219.3 -12068.1 289 389 1)
(112706 78410.7 -50399.9 17 117 1)
(112714 77496.8 26035.6 107 207 1)
(112715 72467.4 -64489.7 189 289 1)
(112718 113811 -2159.67 502 602 1)
(112721 -5003.32 -34524 379 479 1)
(112722 -92603.8 -20262.8 550 650 3)
(112740 -14991.6 -63476.7 336 436 3)
(112741 -32121.3 -60596.2 480 580 1)
(112742 -8722.13 -63623.2 478 578 3)
(112743 -48284.5 132815 622 722 1)
(112746 52251.7 81342.8 317 417 1)
(112750 -52380.8 13880.3 333 433 1)
(112758 4047.77 111450 113 213 1)
(112759 -47261.8 -78699.8 532 632 1)
(112775 51375.3 -40179.8 220 320 1)
(112778 -11992.4 -64231.7 362 462 1)
(112785 -115751 -101825 561 661 1)
(112786 -85468.9 -61446.5 138 238 1)
(112787 17181.9 64255.3 537 637 1)
(112789 23230.8 -76641.7 505 605 1)
(112806 73552.4 36094.5 461 561 1)
(112812 -10852.3 -41417.9 98 198 1)
(112816 -31129.1 129838 606 706 1)
(112829 -88447.1 -85567 164 264 1)
(112831 69505.1 -6175.45 69 169 1)
(112848 92577.5 11097.1 65 165 1)
(112849 -22105.2 42166.3 158 258 1)
(112853 81481.4 -131829 69 169 1)
(112877 -34503.1 -61619.4 501 601 1)
(112878 -68323.3 -61744.9 450 550 1)
(112879 119918 88540.8 526 626 1)
(112910 56440 -41408.4 451 551 3)
(112916 -25048.9 -37381.7 128 228 3)
(112917 -102633 -128054 606 706 1)
(112918 -72412.8 -86653.2 431 531 1)
(112919 -69364.2 -22277.3 333 433 1)
(112922 10062.4 -35293.3 273 373 1)
(112926 12128.2 -24272.4 318 418 1)
(112942 33306 -42361.5 20 120 1)
(112943 -116846 20082.4 431 531 1)
(112954 -35231.7 34144.7 459 559 1)
(112967 -26552 78557.4 469 569 1)
(112970 38312.8 -80646.2 359 459 1)
(112972 -1899.94 -9330.37 416 516 1)
(112978 -94477.1 137652 100 200 1)
(112987 71554.7 -74581.9 329 429 1)
(112990 -48222.9 36104.1 64 164 1)
(112998 79415.6 5083.91 489 589 1)
