(192001 -87528.8 -33407.2 403 503 1)
(192003 34276 -9196.91 269 369 1)
(192004 20182.1 19984.2 240 340 1)
(192010 77617.1 65347.7 586 686 3)
(192015 -95580.5 -21241.9 363 463 1)
(192017 -98520.3 120583 78 178 1)
(192022 71429.3 -16281.4 469 569 1)
(192026 -50195.9 -112851 202 302 3)
(192029 -12004.3 1847.32 366 466 1)
(192031 8175.96 -42345.6 369 469 1)
(192034 -54298.7 31072.3 162 262 1)
(192040 111712 1703.58 181 281 1)
(192042 -119753 -23303.5 560 660 3)
(192048 -65332.2 -98777.5 431 531 1)
(192051 -119725 132765 460 560 1)
(192062 -109688 124719 538 638 1)
(192070 -47170.2 111517 229 329 3)
(192073 24280.2 24074.2 444 544 1)
(192075 -78483.7 49131.1 428 528 1)
(192079 -61365.3 148820 414 514 3)
(192081 24245 -36391.3 509 609 3)
(192083 -111538 18987.8 2 102 1)
(192091 5098.25 -124978 477 577 1)
(192097 -21112 -81771.1 176 276 1)
(192099 23205.9 -146063 401 501 1)
(192100 6115.41 -134929 251 351 1)
(192103 32301.6 -3166.63 465 565 1)
(192116 -107607 32014.2 121 221 3)
(192129 -33282.2 8909.87 310 410 1)
(192131 -52247.2 -113723 39 139 3)
(192134 -74365 64250.5 135 235 3)
(192137 -24092 -33330.5 187 287 3)
(192139 -51225 -54418.2 142 242 1)
(192142 80409.8 -19201.5 13 113 1)
(192149 72519.1 -59523.9 349 449 1)
(192151 -93523.2 -2029.17 49 149 1)
(192152 40311.1 -144925 245 345 1)
(192154 -963.497 -91732.7 352 452 1)
(192157 -11271 -132127 572 672 1)
(192158 6107.56 -26287.6 184 284 1)
(192162 -110687 -119980 559 659 1)
(192163 2156.39 12016.7 305 405 1)
(192166 37255.8 -131878 317 417 3)
(192167 -27099.1 -140933 178 278 1)
(192171 -21061.6 25069.1 218 318 1)
(192176 63.4464 -148016 241 341 1)
(192185 -84430 -17218.4 141 241 1)
(192192 -6989.62 -39401.4 393 493 1)
(192194 -31180.8 17903.3 370 470 1)
(192195 -45288 -34360.2 298 398 1)
(192199 15156 -62413.7 64 164 1)
(192203 17152.1 -139169 572 672 1)
(192216 16200.3 1882.77 601 701 1)
(192224 -41237.7 -19259.8 448 548 1)
(192226 -116399 136463 520 620 3)
(192227 9226.47 -133711 10 110 3)
(192231 -114626 85231.6 4 104 1)
(192242 -78513.9 -114971 540 640 1)
(192265 -25167.6 148724 237 337 1)
(192276 116722 -130787 122 222 3)
(192278 -120581 -148088 195 295 1)
(192287 -66377.7 28052 476 576 3)
(192288 -124732 -79577.8 318 418 1)
(192290 -20086.8 140919 424 524 1)
(192294 17234.6 -141.127 495 595 1)
(192304 58369.8 56219.1 19 119 1)
(192310 56378.5 21005.8 144 244 1)
(192312 -39941.9 55246.4 238 338 1)
(192321 1040.83 18980.4 387 487 1)
(192329 -42194.8 89411.2 74 174 1)
(192331 27192 -42323.2 285 385 3)
(192336 115859 -68629.8 557 657 1)
(192342 119950 -100764 385 485 1)
(192346 -90586.8 144538 151 251 1)
(192347 -95477.9 -87629.3 184 284 3)
(192351 -62422.1 9884.58 586 686 1)
(192357 -72362.8 3707.03 310 410 1)
(192359 65523.8 12919.5 547 647 1)
(192366 37373.6 63211.8 33 133 3)
(192383 -49248.3 -52502.2 339 439 1)
(192386 -22071.4 -83586.1 97 197 1)
(192388 66494.7 -60644.5 488 588 -1)
(192391 119731 72179.2 128 228 3)
(192404 46321.6 56214.2 430 530 1)
(192406 -57331.1 -104824 330 430 1)
(192418 5466.12 -58478.6 190 290 1)
(192426 -59345.2 -141079 488 588 1)
(192428 -123827 -49516.2 580 680 1)
(192431 106522 -34241.4 66 166 1)
(192432 -103583 135717 287 387 1)
(192443 -29101.3 37059.9 3 103 1)
(192446 15258.3 -28212.8 91 191 1)
(192457 4101.97 -138094 542 642 3)
(192468 55391.2 91450 280 380 1)
(192471 92679.5 -132114 597 697 3)
(192478 -61279.9 45130.7 229 329 1)
(192499 57541.3 47183.4 333 433 1)
(192504 -109662 36104.4 454 554 1)
(192506 82401.9 -56553.4 128 228 1)
(192511 -58332.3 -107870 509 609 1)
(192514 -26103.7 44080.1 318 418 3)
(192539 -61840.7 21027.1 497 597 1)
(192540 -88496.8 -108851 258 358 1)
(192555 -89546.8 -67574.7 446 546 1)
(192563 2066.14 18015 610 710 3)
(192570 -95568.7 -93765.8 465 565 1)
(192571 5150.84 -105733 71 171 1)
(192572 94584.7 -38358 229 329 3)
(192581 20184.2 -110777 194 294 1)
(192582 64602.2 75198.1 7 107 1)
(192594 34274.6 -74586.7 346 446 1)
(192596 27223.2 -4143.44 223 323 1)
(192600 -6949.67 -66511.2 432 532 3)
(192606 -6068.01 146820 559 659 3)
(192624 120681 140635 1 93 1)
(192627 -73382.8 116574 271 371 1)
(192628 24333.7 -81451.5 511 611 1)
(192631 66287.9 -145118 237 337 1)
(192634 -104542 -13313.5 410 510 1)
(192638 27234.8 -66490.9 165 265 1)
(192639 78596.7 -24151.5 342 442 1)
(192640 -19068.2 56160.2 5 105 3)
(192645 -43203.9 -101719 215 315 1)
(192652 36246.4 109488 104 204 1)
(192659 85440.9 -21165.8 192 292 1)
(192662 -114711 -87785.7 349 449 3)
(192667 37313.7 -92713.6 342 442 1)
(192669 -61269 121511 30 130 1)
(192671 87586.6 -63521.5 304 404 1)
(192679 3036.56 2901.91 259 359 1)
(192682 -56247.7 -48376.5 114 214 3)
(192683 22283 -37619.9 204 304 1)
(192684 56406.6 80827.6 461 561 1)
(192689 51301.5 -102625 48 148 1)
(192692 -20052 -106715 42 142 3)
(192700 59465.7 -148155 530 630 3)
(192704 109698 -80634.4 268 368 1)
(192708 -17056.7 -51460.6 415 515 1)
(192712 -12986.3 -118955 275 375 1)
(192717 12019.8 13934.2 297 397 1)
(192725 -56273.6 -87690.1 358 458 1)
(192734 60327.4 107460 12 112 3)
(192735 -76495.6 -23295.2 537 637 1)
(192737 -46219.2 -104736 169 269 1)
(192741 -61305 889.406 149 249 1)
(192745 111771 -38375.8 371 471 1)
(192747 -97520.1 -101.209 265 365 1)
(192749 -81482.9 100571 557 657 1)
(192756 66518 15998.6 596 696 1)
(192760 107688 -146037 46 146 3)
(192762 -58216.6 105542 311 411 3)
(192768 22387.8 -131780 328 428 3)
(192770 41288.7 95420.1 244 344 1)
(192772 -69424.2 -97854.6 471 571 1)
(192797 11963.3 -138772 301 401 1)
(192798 -52266.2 -52409.8 350 450 1)
(192806 -93521.2 104520 440 540 1)
(192807 36253.1 -74697.4 401 501 1)
(192808 -108604 66278.9 277 377 1)
(192810 -47237.2 -105813 403 503 1)
(192813 117795 -40360 368 468 1)
(192821 25258 78310.9 500 600 1)
(192828 -54305.7 -63571.2 407 507 1)
(192830 95566.1 -76602.1 461 561 1)
(192837 -82466.3 -144084 442 542 1)
(192839 33326.9 -39392.4 476 576 1)
(192845 -1949.5 73310.3 200 300 3)
(192850 109803 -123919 436 536 1)
(192852 -97682.2 44213.8 532 632 1)
(192858 -83462.5 69365.2 248 348 1)
(192861 57633 -123948 567 667 1)
(192862 102649 -122784 65 165 1)
(192864 3049.26 -60546.8 32 132 1)
(192865 -47227.3 -24306.9 288 388 1)
(192873 -53550.4 45347.4 466 566 1)
(192874 61458.1 -102788 426 526 1)
(192885 36339.8 -50439.7 503 603 1)
(192887 -23073.1 -11191.3 272 372 3)
(192890 -70520.3 33046.4 234 334 1)
(192891 59482 91489.7 276 376 1)
(192892 -53312.5 -112008 609 709 3)
(192896 -35109.7 -48370.6 183 283 3)
(192900 -104553 64263.2 264 364 3)
(192904 97569 -69571 210 310 1)
(192908 -47226 -17275.5 160 260 1)
(192909 -9988.78 -105874 372 472 1)
(192911 -73315.6 -31449.3 111 211 1)
(192913 -63373.4 -9157.14 250 350 1)
(192918 103668 -115804 52 152 1)
(192922 22170.5 -83567.7 49 149 1)
(192924 -109642 -54472.4 317 417 1)
(192935 -65389.7 -93782.6 534 634 1)
(192936 -121585 -58429.5 33 133 3)
(192940 21219 -66603.2 552 652 1)
(192941 38367.5 -141031 272 372 1)
(192944 -101481 -23253.7 80 180 3)
(192949 8967.97 -81668.7 470 570 1)
(192951 -105629 -88736.6 461 561 1)
(192955 69789.6 43934.2 196 296 3)
(192957 46896.2 -50209.5 112 212 1)
(192960 33287.4 -28453 463 563 1)
(192963 -29094 -120779 195 295 1)
(192964 -104462 -106730 503 603 3)
(192965 -20003.7 38301.9 194 294 1)
(192968 1080.24 -19274.1 507 607 1)
(192973 -47165.9 -13089.4 54 154 1)
(192979 42371.6 -79704.5 559 659 3)
(192980 33191.2 -144228 521 621 1)
(192981 54386 88463.8 224 324 1)
(192986 -59343.6 127705 449 549 3)
(192987 -30150.1 43134 206 306 3)
(192994 -76461.3 131851 440 540 1)
(192996 -4956.45 -22246.8 67 167 1)
(192997 87515.9 -121751 26 126 1)
(192998 -121762 122491 399 499 3)
