(103010 15136.8 10956.4 61 161 3)
(103023 90591.8 148718 149 249 1)
(103028 46277.5 -78522.6 9 109 1)
(103039 60367.9 -61435.2 17 117 1)
(103040 29286 -3155.16 366 466 1)
(103049 111625 3917.28 73 173 1)
(103055 -116702 149833 428 528 1)
(103056 -102570 29045.4 326 426 1)
(103077 -65354.7 105512 349 449 1)
(103089 -63364.2 42130.1 486 586 1)
(103096 60454.8 -90571 424 524 1)
(103099 -106685 57302 379 479 1)
(103102 12151 -127044 580 680 1)
(103103 -79360.3 54172 389 489 1)
(103105 39226.6 74393.1 246 346 1)
(103107 -112701 -23296.7 515 615 1)
(103109 78486 -11163 471 571 3)
(103110 2989.72 -132015 404 504 1)
(103115 32230.9 32057.6 137 237 1)
(103117 50319.8 -128892 220 320 1)
(103118 -29998.4 67249.1 488 588 1)
(103119 45385.5 5825.38 321 421 1)
(103120 4093.11 -36384 504 604 1)
(103121 101544 -147722 35 135 1)
(103128 -53188.8 -24224.6 4 104 1)
(103133 10212 45064.2 615 715 1)
(103134 1057.36 110410 139 239 3)
(103138 -6983.3 55184.7 145 245 1)
(103139 -10030.2 92498.4 571 671 1)
(103152 -45220.6 -116849 298 398 1)
(103154 -67595.1 56047.1 526 626 1)
(103162 12151.3 83449.5 606 706 3)
(103167 47341 57244 372 472 1)
(103172 -87404 73307.8 24 124 1)
(103175 -99349.3 -70828.9 540 640 3)
(103177 119788 -120872 289 389 1)
(103179 89675.6 -16252.1 514 614 1)
(103180 77571.7 39091.1 385 485 1)
(103182 124176 -24153.2 586 686 1)
(103191 75490.8 -47397.2 168 268 3)
(103200 -62352.7 64292.8 487 587 3)
(103224 3285.37 77089.6 410 510 3)
(103236 -90532 21002.4 547 647 1)
(103239 55345 139645 18 118 1)
(103240 -90442.7 -85559 20 120 3)
(103241 -5974.77 -77553.7 110 210 1)
(103251 -79516.6 5969.33 571 671 1)
(103257 59466.6 -146127 533 633 1)
(103258 45433.1 -129054 435 535 3)
(103259 -117742 -126040 596 696 1)
(103270 25129.2 -43384.7 31 131 1)
(103272 -49303.4 -97840.1 617 717 1)
(103280 -72385.1 -138032 562 662 1)
(103285 21239.7 -10205.4 222 322 1)
(103289 66442.7 -57511.1 317 417 1)
(103291 -49209.6 -124790 46 146 3)
(103294 53428.9 31035.2 236 336 1)
(103297 -18941.2 29598.4 495 595 1)
(103298 27218.6 -74518.6 45 145 1)
(103303 -5969.09 -109820 285 385 3)
(103309 117720 95385.4 245 345 1)
(103311 116820 55233.8 437 537 1)
(103323 -102645 130785 473 573 1)
(103327 -49259.9 147955 609 709 1)
(103328 -82411.5 -6151.74 72 172 1)
(103342 -38265.8 -108601 383 483 1)
(103348 72420.2 75465.3 506 606 3)
(103351 -83532.3 -44452.1 423 523 3)
(103356 -27.4638 -25327.9 67 167 3)
(103364 -120642 140697 191 291 1)
(103367 56417.1 -23264.3 291 391 1)
(103369 -4953.02 -123917 240 340 3)
(103371 -29114.2 -50381.9 30 130 3)
(103378 9024.62 107693 448 548 1)
(103380 -64288.1 -117739 16 116 3)
(103393 -13001.6 98424.2 36 136 1)
(103395 117834 13960.5 365 465 1)
(103398 -27148.6 34125.6 247 347 1)
(103400 -90467.5 -38349.2 162 262 1)
(103404 -32866.5 19113.3 395 495 3)
(103405 28255.5 47216.4 577 677 1)
(103406 63536.2 -103761 297 397 1)
(103409 -9973.97 141736 228 328 3)
(103412 -109619 -35357.5 289 389 1)
(103418 -64328.7 -137983 302 402 1)
(103435 101808 -131076 595 695 1)
(103444 -15034.3 -69582.4 350 450 3)
(103446 -110725 -85863.5 464 564 1)
(103451 -48288.5 -11262.6 556 656 3)
(103453 -89491.3 107558 209 309 1)
(103455 -50410.4 12166.1 181 281 1)
(103457 -58444.4 -9270.79 439 539 3)
(103484 -50423.6 137874 594 694 1)
(103495 22178.1 2868.74 156 256 1)
(103507 -42197 -74625.7 465 565 1)
(103508 116709 -82565.6 64 164 1)
(103512 22161 -89606.1 37 137 1)
(103518 21213 -91694.6 284 384 1)
(103521 -30120 -146168 583 683 1)
(103526 18158.5 39073.3 117 217 1)
(103529 -59291.5 -55462 125 225 1)
(103530 -87520.6 119673 589 689 1)
(103539 -10950.2 23025.3 21 121 3)
(103543 -54273.3 -124834 55 155 1)
(103547 -112740 -28198.1 575 675 1)
(103553 35259.2 -132919 222 322 1)
(103554 -10002.2 -33354.1 427 527 1)
(103555 -14018.7 -23292.3 423 523 1)
(103561 50359.3 5941.35 34 134 1)
(103562 -37180.7 -74661.4 446 546 1)
(103569 23204.7 -133890 185 285 3)
(103579 67430 -143002 270 370 1)
(103581 -11015.4 -32283 491 591 1)
(103584 102813 -29345.8 619 719 1)
(103586 -5959.36 -69537.2 224 324 1)
(103587 -89333.3 126645 260 360 1)
(103588 6127.78 -28299.9 309 409 1)
(103589 -84580.3 -84536.5 207 307 1)
(103591 7038.69 -49356.6 82 182 1)
(103593 -95615.6 46177.2 457 557 3)
(103594 121728 76267.4 24 124 3)
(103607 -59276.5 -59507.9 467 567 3)
(103608 -67331 -106769 179 279 3)
(103612 -88368.7 -85501.7 84 184 1)
(103615 -16035.6 -105659 1 94 3)
(103618 -91563.7 -105767 347 447 1)
(103622 -97575.6 -57504.6 452 552 1)
(103631 67365.5 -79724.9 112 212 1)
(103635 15164.2 29096.9 156 256 1)
(103666 -101438 36781.7 402 502 1)
(103674 36275.7 -117894 341 441 1)
(103681 -49195 -39539.3 583 683 1)
(103688 6043.24 72304.8 97 197 3)
(103692 72465.4 49153.6 116 216 1)
(103694 -64350.5 -4022.93 4 104 1)
(103707 50416.3 13950.2 577 677 1)
(103709 49392.3 5920.57 394 494 1)
(103717 60457.5 138831 398 498 3)
(103722 -51234.9 83365.8 82 182 1)
(103727 -33235.7 118616 411 511 1)
(103729 12039 54063.1 31 131 1)
(103731 -48215.5 2874.44 260 360 3)
(103732 63358.5 38252.3 82 182 1)
(103735 2854.44 -35325.4 568 668 1)
(103738 -89366.5 10518.1 359 459 1)
(103741 42253.4 -43518.2 352 452 3)
(103743 -61331.2 48165.4 426 526 1)
(103745 -32125.6 -23156.1 317 417 1)
(103747 -19028.9 21000.6 408 508 1)
(103759 -35150.5 -3125.46 81 181 3)
(103768 -9918.67 -19415.4 237 337 1)
(103774 73576.4 -44521.9 569 669 3)
(103782 115749 49168 58 158 1)
(103795 106711 43175.5 122 222 3)
(103796 24964.4 -143007 1 98 1)
(103811 -122791 22011.6 587 687 1)
(103812 -120717 -105883 398 498 1)
(103814 -87499.6 47110.6 36 136 1)
(103817 71620.7 5583.28 124 224 1)
(103819 76674 -113874 378 478 1)
(103821 -69376.9 -143065 419 519 1)
(103830 -56290.6 -149993 165 265 1)
(103832 18214 39116.8 578 678 3)
(103834 -96471.5 -59471.6 137 237 1)
(103835 17286 -77660.5 249 349 1)
(103840 -113566 -9144.63 1 101 1)
(103842 -99524 34083.2 159 259 1)
(103847 -11007.1 38051.6 253 353 3)
(103848 35312.8 -57547.9 498 598 1)
(103851 1128.98 145833 448 548 3)
(103853 989.519 -15301.6 63 163 3)
(103855 -32870.3 83324.3 315 415 1)
(103857 -68130.1 -37045.8 99 199 1)
(103863 -30120.1 -39390.3 564 664 3)
(103866 48469.2 136875 500 600 1)
(103874 96638.3 -92672.9 238 338 3)
(103883 -9995.03 -53476.7 426 526 1)
(103885 45357.1 -40552.5 225 325 1)
(103890 -15031.2 6919.76 56 156 1)
(103894 72497.4 28160 570 670 1)
(103909 104833 28193.7 246 346 3)
(103916 -71430.7 130730 73 173 1)
(103920 88402.4 -130851 69 169 3)
(103930 -25083.8 -67485.1 63 163 1)
(103941 -75446.8 -14241 530 630 1)
(103945 79604.7 -149152 497 597 1)
(103961 -88463.3 107606 195 295 1)
(103966 -120686 76334.6 354 454 1)
(103979 -109525 -133863 109 209 1)
(103985 -18945.7 -66950.5 569 669 1)
(103988 70754.7 143975 590 690 1)
(103990 -6033.47 -146091 624 724 1)
