(150003 22590.5 18631.8 179 279 1)
(150006 -97469.8 -85589 120 220 1)
(150007 63462.6 -71521.4 127 227 1)
(150013 -64356.9 -142898 63 163 1)
(150015 32286.2 6787.66 225 325 1)
(150024 -44166.8 30019.1 175 275 1)
(150042 -23132.9 17991.4 335 435 1)
(150046 -97651 49253.9 428 528 3)
(150050 111799 -30407.3 223 323 1)
(150060 -86442.1 -51413.7 168 268 1)
(150065 -53203.7 -49190.3 311 411 3)
(150066 109812 35165.7 442 542 1)
(150068 -34111.8 53235 467 567 1)
(150073 1096 100471 94 194 1)
(150079 -84531 -21220.5 288 388 1)
(150081 52382.6 89429.6 261 361 1)
(150084 -66322.5 -74558.2 184 284 1)
(150093 -20979.5 -37273 249 349 1)
(150096 -93492 29073.3 380 480 1)
(150098 -26151.2 -69526.6 89 189 3)
(150104 112782 -74614 388 488 1)
(150110 99655.8 -12202.2 297 397 1)
(150134 36293.2 -9190.19 314 414 1)
(150143 20175.5 -108776 251 351 1)
(150156 -111563 84365.4 50 150 1)
(150159 80640.4 -100857 602 702 3)
(150160 25244.1 -23322 550 650 1)
(150161 -83390 27984.3 303 403 1)
(150163 115049 97425.6 300 400 3)
(150173 -24065.1 -109703 34 134 1)
(150175 -43323.5 91413.3 549 649 1)
(150196 93473.1 -69829.2 585 685 3)
(150200 107810 28057.4 533 633 3)
(150203 -81382 78371.5 355 455 1)
(150204 -103509 -55423.6 76 176 1)
(150205 -117556 -128682 8 108 1)
(150210 38393 -64351 267 367 3)
(150213 -94552.6 129710 194 294 1)
(150217 -4248.92 -107885 514 614 3)
(150220 -25083.4 96400.9 48 148 1)
(150222 15154.8 -97653.6 107 207 1)
(150225 -3955.37 -70505.5 72 172 1)
(150232 -81466.4 60296.3 495 595 1)
(150243 124192 71102.3 313 413 1)
(150245 -120613 -91617 70 170 1)
(150246 -23664.4 59772.4 133 233 3)
(150255 -103569 -132938 268 368 1)
(150258 -37157.8 -120803 219 319 1)
(150259 63467.1 -38368.2 340 440 3)
(150263 77465.6 -23258 64 164 1)
(150270 -65380.7 39127.4 567 667 1)
(150273 -91539.1 10920.3 432 532 1)
(150275 -20133.5 85382.6 421 521 1)
(150285 -114566 2894.07 95 195 1)
(150291 -61279.4 -15212.1 99 199 3)
(150306 -16949.8 -52473.4 463 563 3)
(150309 90676.2 68383.6 452 552 1)
(150314 29258 -34352.8 343 443 1)
(150315 -105531 -132945 197 297 1)
(150320 -65237.3 78433.4 240 340 1)
(150322 -64261.6 -120508 119 219 1)
(150325 34273.4 114490 76 176 3)
(150328 17174.7 5886.31 146 246 1)
(150335 58564.6 120654 618 718 1)
(150340 -60329 -28260 130 230 1)
(150341 93625 83360.7 597 697 1)
(150353 -114830 16969.7 343 443 1)
(150359 -11009.2 116636 422 522 1)
(150376 60689.5 -143184 531 631 3)
(150382 -98649.3 -149033 241 341 1)
(150387 51475.6 37093.8 559 659 1)
(150394 86693.8 148930 478 578 1)
(150400 -93462.3 -72817 335 435 3)
(150401 -34242.9 -130997 302 402 1)
(150402 -39207.7 -129068 613 713 1)
(150407 -122646 12966.6 165 265 1)
(150415 -74328.1 -115726 47 147 1)
(150416 -41191.3 -127148 583 683 1)
(150418 -2915.73 -101722 248 348 1)
(150426 -87559.3 71247.5 99 199 3)
(150430 -88282 88327 18 118 1)
(150438 8098.47 -34419.4 466 566 1)
(150440 25259.2 -75680.1 582 682 1)
(150441 -108660 124719 373 473 3)
(150446 -23114.4 69336.5 431 531 1)
(150451 -124466 -29218.1 1 94 3)
(150464 -54207.2 15962.7 239 339 1)
(150465 41392.3 101552 491 591 1)
(150480 21196.8 -109842 376 476 3)
(150489 -111566 59180 591 691 1)
(150490 -105635 17969.2 557 657 1)
(150500 110771 44206.6 396 496 1)
(150501 48368.8 100434 213 313 1)
(150513 26194.9 -79607.9 181 281 1)
(150523 10962.7 -55252.1 341 441 1)
(150529 96682.9 -44194.5 35 135 1)
(150531 2093.94 -61606.5 472 572 1)
(150536 100692 -3191.24 292 392 1)
(150537 -110623 69289.4 272 372 1)
(150544 21135.9 9946.76 417 517 3)
(150550 -47297.1 124591 152 252 1)
(150557 -82860.7 -36903.8 578 678 1)
(150560 -44226.3 -111898 493 593 1)
(150564 3005.01 -35450.2 37 137 1)
(150565 91758 -57530.9 215 315 1)
(150568 -103727 53017.4 274 374 1)
(150570 13216.7 90337.7 263 363 1)
(150572 50361.3 52133.9 207 307 3)
(150587 -23077.5 119745 433 533 1)
(150590 -56312.5 -56544 561 661 1)
(150596 33426.3 -79693.3 355 455 1)
(150599 -40117 -17213.4 21 121 1)
(150609 -62311.5 54219.4 240 340 1)
(150615 -68387.6 -21285.7 500 600 1)
(150620 92689.8 -22240 129 229 3)
(150623 -28054.3 144893 377 477 1)
(150630 16192.1 -68633.6 529 629 3)
(150634 -48113.6 110402 165 265 1)
(150644 -971.541 -15177.3 74 174 3)
(150653 -86476.6 131682 289 389 1)
(150654 35266.5 93352 11 111 1)
(150668 34297 -34346.8 314 414 1)
(150673 58327.5 -70467.1 47 147 1)
(150693 13156.4 -78368.9 150 250 1)
(150696 -97433.9 11962.5 181 281 1)
(150700 67497.5 30059.3 261 361 1)
(150706 36270.1 -96686.7 189 289 1)
(150711 -101646 62299.7 452 552 3)
(150725 48173 4739.69 260 360 1)
(150730 31276.3 -70565.5 363 463 1)
(150740 -45131.4 -35197.3 43 143 1)
(150741 -91500.4 -12204.2 313 413 1)
(150745 90519.5 -51548.8 403 503 1)
(150756 -45145.4 -50504.8 378 478 1)
(150758 65411.6 -1114.95 36 136 1)
(150763 40308.4 97431.1 79 179 1)
(150774 -61379.9 -95697 155 255 3)
(150775 -69386 -123896 437 537 1)
(150785 74499.5 29049.6 205 305 1)
(150792 -59713.4 -113534 99 199 1)
(150799 27213.4 147804 346 446 1)
(150801 -101564 -68648.8 614 714 3)
(150807 -95888.2 -41668.8 620 720 1)
(150819 -54252.4 73301.9 150 250 1)
(150820 80537 -9154.73 15 115 1)
(150823 31227.9 -126881 175 275 3)
(150832 -46203.9 145019 504 604 1)
(150833 -53452.4 -65628.3 219 319 1)
(150836 101690 -123040 556 656 1)
(150839 112821 -77610.4 427 527 1)
(150845 -2855.85 12902.2 26 126 3)
(150851 28233.4 -131919 258 358 1)
(150853 -19046 68255.9 109 209 3)
(150857 -72360.9 -145087 371 471 1)
(150859 -30151.2 142848 583 683 1)
(150869 -22060.8 -56480.5 366 466 1)
(150875 -9996.77 91448.6 356 456 1)
(150876 -19058.7 132620 95 195 1)
(150877 -95414.1 -83750.3 131 231 3)
(150879 39495.1 -16391.8 414 514 1)
(150880 -54514.3 -35177.3 245 345 1)
(150884 82633.3 -68662.4 523 623 1)
(150890 19000.1 125582 548 648 3)
(150891 -41196.7 -126918 321 421 3)
(150893 -57258.1 25028.5 15 115 1)
(150900 -46084.9 97340.4 231 331 1)
(150904 -1968.5 -82735.3 550 650 1)
(150909 2107.18 53205.5 252 352 1)
(150914 -122811 -87747.1 415 515 1)
(150920 -13976 -110951 498 598 1)
(150930 -54345.9 -87720.3 511 611 1)
(150934 10189.3 37456.9 170 270 1)
(150945 -122736 -76630.5 427 527 1)
(150948 21320 -27350.5 77 177 1)
(150965 41364.3 111588 411 511 1)
(150968 50360.7 -14215.5 161 261 1)
(150969 -64361.3 -140077 466 566 1)
(150982 77601.6 -149163 536 636 3)
(150987 -7941.49 -32333.7 340 440 1)
(150991 22100 -64542.5 529 629 1)
(150996 -98764.9 35998.7 408 508 3)
(150997 14070.1 93363.1 189 289 1)
