(96001 -114721 -148075 28 128 1)
(96007 -12008.6 135651 116 216 3)
(96013 77734.3 51339.2 583 683 1)
(96019 -31111.2 71346.3 584 684 3)
(96025 -109550 43185.9 64 164 1)
(96026 93564.4 -95677.3 136 236 1)
(96032 68541.2 63315.6 602 702 1)
(96043 84526.9 -53420.1 99 199 1)
(96047 34271.6 -143945 122 222 3)
(96050 59378.4 -9218.22 352 452 1)
(96051 46321.4 -146911 54 154 1)
(96056 38328 -98817.6 529 629 1)
(96058 -98551.9 -27304.6 330 430 3)
(96065 -36223 76386.5 518 618 3)
(96068 1059.11 -56413.3 45 145 3)
(96074 -49214.8 36091.9 210 310 1)
(96079 -123661 16964.6 94 194 1)
(96085 -14025.9 40159.5 525 625 1)
(96089 -97522.5 -68564.2 311 411 1)
(96090 -55279.7 -132086 543 643 1)
(96106 -13098.1 -98706.2 113 213 3)
(96115 114877 74386.8 595 695 1)
(96124 -1032.23 -42342.6 320 420 1)
(96127 29173.5 -133026 202 302 1)
(96139 -99522.5 116593 50 150 1)
(96141 -91510.8 -154.901 380 480 1)
(96147 -5952.8 -29302.3 277 377 1)
(96148 -75396.3 85392.8 109 209 1)
(96153 -78349.5 64397.7 611 711 1)
(96155 50314 -73604.2 346 446 1)
(96169 -43224.8 -66340 252 352 1)
(96171 63605.7 -54520.7 382 482 3)
(96175 110826 110578 525 625 1)
(96188 -34170.9 -5158.26 194 294 3)
(96191 10933.6 6891.15 476 576 1)
(96194 -20839.6 -102849 466 566 1)
(96198 -32134.7 -149980 115 215 1)
(96204 28248.4 -56506 422 522 3)
(96205 -114661 58197.5 591 691 1)
(96216 -81431.2 -9187.77 279 379 3)
(96221 107595 49232.7 306 406 3)
(96225 14295.6 41074.2 433 533 1)
(96233 -120680 -29300.2 298 398 3)
(96236 30165.9 82286.8 129 229 1)
(96239 60470 55185.3 455 555 1)
(96249 -123730 -91723.9 367 467 1)
(96252 53352 28037 80 180 1)
(96257 63462.2 106525 283 383 3)
(96261 13129.4 -52470.3 370 470 1)
(96265 107712 -138847 398 498 3)
(96274 -82655.7 34020.8 389 489 3)
(96280 -81399.9 112448 400 500 1)
(96282 -67318 -27976.3 339 439 3)
(96287 -27102.6 -106689 43 143 1)
(96288 33241.9 -98665.4 103 203 1)
(96293 -50208 -69609.7 471 571 3)
(96300 -57286.9 30068.6 549 649 1)
(96303 -86411.1 -60535.6 566 666 1)
(96305 34247.3 -123779 48 148 1)
(96324 -51251.8 41108.2 170 270 1)
(96328 82551.5 -38303.3 100 200 1)
(96330 -45254.6 84334.5 56 156 3)
(96332 -10059.8 -38343.3 590 690 1)
(96335 -93436.4 99516.4 400 500 1)
(96343 -70172.1 -47345.3 460 560 3)
(96348 -69432.8 -114903 578 678 1)
(96351 108792 -31363.2 484 584 1)
(96358 -113612 45124.2 197 297 1)
(96364 -35177.4 -16206.9 470 570 1)
(96374 -31113.4 -102567 150 250 1)
(96375 106756 -80632.7 356 456 1)
(96384 -16031.7 -110693 2 102 3)
(96409 35233.6 -33509.4 236 336 3)
(96410 -92522 64246.1 428 528 3)
(96444 -64367.5 -21280 494 594 1)
(96446 -19572 20998.9 513 613 1)
(96456 22232 108620 613 713 1)
(96457 18148.1 41115.4 1 97 1)
(96458 -5961.22 80476.9 616 716 1)
(96459 -48204.1 68266.3 77 177 1)
(96460 121757 44074.6 156 256 1)
(96465 -40206.7 -143073 439 539 1)
(96470 20338.5 -2415.07 304 404 3)
(96471 36391.9 -101859 512 612 1)
(96475 -115545 -94667.9 147 247 1)
(96478 91794.1 25113.9 393 493 1)
(96485 12153.3 16983.2 216 316 1)
(96498 88517.9 49241.2 31 131 1)
(96500 -7098.24 -82611.1 371 471 3)
(96501 26227.3 -100818 462 562 1)
(96505 15159.9 -32337.9 423 523 1)
(96506 -37209.5 78384 602 702 1)
(96516 99643.8 -52444.7 284 384 1)
(96523 67439.8 42924.7 273 373 1)
(96528 -25108.7 -34396 584 684 3)
(96536 -32133.5 27037.7 136 236 1)
(96537 -77520.6 105533 485 585 1)
(96538 -57280.9 -121963 503 603 3)
(96540 38304.8 -75551.8 218 318 1)
(96541 -40207.9 -146879 39 139 1)
(96542 113855 52247.7 433 533 1)
(96545 30222.4 98422.6 59 159 1)
(96550 -57575.8 -50307.8 499 599 1)
(96554 54388.2 -43386.4 420 520 1)
(96555 34290.3 -66547.1 299 399 1)
(96566 24274.8 -101701 101 201 1)
(96569 29246.7 -3192.34 295 395 3)
(96572 -54299.5 -102785 293 393 1)
(96581 6014.99 148716 216 316 3)
(96591 -81547.5 148921 534 634 3)
(96608 64400.3 84330.6 272 372 1)
(96618 -956.684 -125826 88 188 1)
(96623 -25108.5 -14242.2 537 637 1)
(96626 -4019.26 -121008 585 685 1)
(96632 -22014.7 -119996 595 695 3)
(96633 90577.3 -20250.6 97 197 3)
(96639 100714 -52473.9 426 526 1)
(96641 105685 -53469.5 339 439 1)
(96643 -113629 -7152.48 166 266 1)
(96650 26252.2 -21210.9 461 561 1)
(96658 116962 135899 616 716 1)
(96664 108786 7920.18 344 444 1)
(96665 100452 75370.3 102 202 1)
(96670 -436.939 -125850 73 173 1)
(96671 59434.3 -9215.54 530 630 1)
(96673 -47244.6 -85718.6 522 622 1)
(96680 -66360.5 40008.4 441 541 1)
(96688 29349.1 -43469.9 140 240 1)
(96693 -99479 -28424.7 436 536 1)
(96694 -118561 -97944.1 89 189 1)
(96696 -114599 -80440.3 69 169 1)
(96700 116813 -54470.9 306 406 1)
(96708 37292.2 123665 395 495 3)
(96712 -8943.08 -127035 589 689 1)
(96716 31979.2 35135.8 278 378 1)
(96725 101631 -47379.2 124 224 1)
(96733 -96530.3 -16217.3 227 327 3)
(96738 -61333.4 129727 398 498 1)
(96741 -27115.6 17971.1 454 554 1)
(96747 52361.8 -128059 524 624 1)
(96751 -7965.32 -58498.6 182 282 1)
(96765 -59324.9 -3156.2 587 687 1)
(96784 15209.7 -78743.9 539 639 3)
(96792 -85405.1 -67494.5 123 223 3)
(96793 -36133.2 -109737 111 211 1)
(96794 7101.63 45221.8 198 298 1)
(96802 -92472.2 -130811 219 319 1)
(96803 11125.3 -127994 478 578 1)
(96811 -55287.7 -92694.5 108 208 3)
(96815 26129.7 2920.03 229 329 1)
(96816 -86477.1 -26314.9 405 505 1)
(96825 53456.2 -43390.6 470 570 1)
(96826 88668.7 -24403.5 470 570 1)
(96832 -46125.4 29016.5 192 292 3)
(96839 -2134.6 117638 122 222 1)
(96840 -30131.9 -44403.3 215 315 1)
(96846 9857.61 -135001 399 499 3)
(96854 -97564 61225.3 319 419 3)
(96863 -83371.5 -96674.8 86 186 1)
(96870 102643 105393 55 155 1)
(96876 -14173.6 -36295.6 232 332 1)
(96891 -10006.3 -53531 608 708 1)
(96895 -117710 149837 387 487 1)
(96898 124011 -85436 8 108 3)
(96905 -18078.9 -40462.6 354 454 1)
(96908 -112575 -83616.7 288 388 3)
(96913 -11010.5 -7172.99 147 247 1)
(96914 4084.96 27027.8 132 232 1)
(96916 31202 101484 235 335 1)
(96918 95595.2 36230.4 101 201 1)
(96936 60551.3 -86823.5 429 529 1)
(96937 -97520.3 -50540 81 181 1)
(96938 26113.9 138888 613 713 1)
(96948 -45184.5 -99871.2 347 447 3)
(96950 -5964.93 -72646.2 427 527 1)
(96961 83647.5 -48412.9 448 548 1)
(96964 -109656 -76644.8 410 510 1)
(96967 114708 13929.9 52 152 1)
(96978 13218.9 -113851 115 215 1)
(96988 22192.2 -20253.1 217 317 1)
(96989 -85522.6 51218 360 460 1)
(96996 106878 -39429 619 719 1)
