(56000 -123558 18039.9 192 292 1)
(56002 -41168.9 -76591.7 127 227 1)
(56004 -73474.5 60353.1 406 506 3)
(56005 -83425.7 13809.7 549 649 3)
(56008 -95589.1 111606 237 337 1)
(56010 23065.7 -16305.8 175 275 1)
(56011 20182.8 82390.7 1 101 1)
(56014 71447.2 31068.3 155 255 1)
(56018 -77438.2 14971.9 102 202 1)
(56019 -122690 -34356.2 337 437 1)
(56029 11141.8 -3163.33 549 649 3)
(56030 -77462.9 67270.3 201 301 1)
(56034 -105717 -93805.4 500 600 1)
(56039 83840.1 -114212 546 646 1)
(56040 12135.1 -108728 170 270 1)
(56048 -105619 142781 386 486 1)
(56049 20198.5 -48471.8 480 580 3)
(56050 -116683 -51481.3 399 499 1)
(56060 -56224 -126788 66 166 1)
(56062 -105700 -133123 611 711 3)
(56064 -59559.8 -20185.5 583 683 1)
(56083 -64314.9 -25346.3 198 298 3)
(56087 -45294.4 -82733.7 553 653 1)
(56092 74517 34163.8 362 462 1)
(56093 -68453 129751 578 678 3)
(56098 -10004.7 -5168.44 246 346 1)
(56099 38233.6 -135823 409 509 3)
(56101 3107.46 58281.5 245 345 1)
(56102 -25148.7 82388.4 378 478 1)
(56118 -37369.1 -58484.8 202 302 1)
(56121 -48326.5 -120015 580 680 1)
(56125 -53253.3 23019.1 334 434 1)
(56131 68520.5 -49522.4 522 622 1)
(56137 -51269.1 -105827 474 574 1)
(56142 30167.2 74380.2 113 213 1)
(56147 -112578 -72530 127 227 1)
(56149 42376.1 4863.87 498 598 1)
(56152 8046.61 -118670 119 219 1)
(56181 -107558 114718 528 628 1)
(56185 90678.5 -9188.8 445 545 3)
(56205 -84394 -92600.3 1 99 1)
(56211 -33193.9 -130870 140 240 1)
(56217 35192.6 76443.9 442 542 1)
(56219 -33199.7 -54530.4 561 661 3)
(56220 49431.9 -36350.1 488 588 1)
(56222 15072.1 -132850 1 95 1)
(56236 33367.8 47277.7 224 324 1)
(56238 -25089.3 -65601.1 471 571 1)
(56246 112861 -96134.8 313 413 1)
(56247 -50261.9 -136997 36 136 3)
(56260 78562.1 -68571.6 372 472 1)
(56265 -63357.3 59289.4 562 662 1)
(56267 -21080.4 -12229.6 589 689 1)
(56268 -19066 87431.4 48 148 3)
(56274 3212.08 -17171.5 379 479 1)
(56278 -20066.9 -133916 235 335 1)
(56286 -6101.93 98504.8 121 221 1)
(56287 4107.37 41127.7 317 417 3)
(56297 -9882.13 -58706.4 426 526 3)
(56303 5092.14 -105884 460 560 1)
(56304 -84466.2 -30406.7 408 508 3)
(56326 45353.1 -18246.9 346 446 1)
(56331 -8858.49 -63344.8 112 212 1)
(56334 95643.4 -140934 165 265 3)
(56335 37229.6 73324.7 381 481 1)
(56336 -64335.3 67278.8 232 332 1)
(56340 4086.77 -87654 273 373 1)
(56342 -1950.06 27042.6 208 308 1)
(56343 -108542 895.606 16 116 1)
(56345 79632.3 95465.7 594 694 1)
(56354 -62354.1 -39376.2 325 425 1)
(56358 -102548 -59783.9 155 255 1)
(56362 -82403.6 -1142.71 129 229 1)
(56377 -78111.6 -125141 470 570 1)
(56381 12141.5 -69587.8 287 387 3)
(56390 109512 24881.8 116 216 3)
(56402 84642.3 36073.8 232 332 1)
(56403 19102.4 93387.2 165 265 1)
(56410 91710.4 109590 453 553 1)
(56415 -30205.8 109378 122 222 3)
(56417 15248.3 22995.2 620 720 1)
(56434 -115646 142694 373 473 1)
(56437 -74356.7 13977.4 285 385 1)
(56443 -54389.2 36176.9 594 694 1)
(56448 -61301.5 -33293.5 193 293 1)
(56450 9117.58 -55475.1 239 339 1)
(56451 -24224.8 -12130.8 160 260 3)
(56464 -63277.8 35174 438 538 1)
(56467 -65278.4 -141905 76 176 1)
(56483 123929 70338.5 558 658 3)
(56495 71407.1 -140872 1 95 1)
(56502 -94546.5 -36511.7 433 533 3)
(56503 44291.3 12907.4 185 285 1)
(56507 -44207.7 -7156.89 76 176 1)
(56512 -122735 49201.1 86 186 1)
(56519 49370.7 -142986 484 584 3)
(56520 29268.5 -82603.3 239 339 1)
(56521 89668.8 -6172.64 474 574 1)
(56523 71692.5 -15283.6 205 305 1)
(56528 74618.9 -18261.6 262 362 3)
(56531 35334.3 24025.2 557 657 1)
(56537 -22135.5 70358.2 500 600 3)
(56538 -63365.3 143812 555 655 1)
(56539 -10963.4 91460.5 263 363 1)
(56540 -41112.2 -121789 1 100 1)
(56543 68468 -99694.8 240 340 1)
(56548 -36168.4 -17020.4 37 137 1)
(56552 -9028.58 -44367.9 220 320 3)
(56553 -124706 -50443.5 325 425 1)
(56561 4106.18 -18273.3 576 676 3)
(56565 23254.5 -97932.3 473 573 1)
(56577 -31148.6 -93691.7 242 342 1)
(56578 -94481.8 20000.7 170 270 1)
(56580 -79432.8 -143016 279 379 1)
(56586 24154.2 -6160.02 278 378 3)
(56588 -2965.61 -48485.5 515 615 1)
(56593 -16719.6 -26218.3 256 356 1)
(56596 26207.3 85468.1 433 533 1)
(56605 67428.3 -37349 249 349 1)
(56610 -3954.49 41111.6 30 130 1)
(56611 18187.5 -116823 605 705 1)
(56618 -54147.1 -63815.1 592 692 1)
(56619 -111605 25996.3 26 126 3)
(56626 62387 -105690 14 114 1)
(56627 88572.5 63260 337 437 3)
(56630 24200.2 -47466.5 371 471 3)
(56636 -62650.4 34012.7 393 493 1)
(56640 36364.5 -49478.5 588 688 3)
(56642 -100563 64289.1 158 258 1)
(56643 -66301.8 -18196.7 65 165 1)
(56646 -23096.6 -2153.92 602 702 1)
(56650 -36206.1 -62631.1 559 659 1)
(56664 72450.1 -4128.76 149 249 3)
(56671 -89334.7 -108711 358 458 1)
(56694 53326.6 -83536.8 3 103 1)
(56695 -79447.6 -6907.59 405 505 1)
(56696 58495.3 -98853.3 600 700 1)
(56699 -58174.5 -93792.1 606 706 1)
(56713 -35162.9 -41432.5 542 642 3)
(56715 79544.2 -43398.9 286 386 3)
(56724 87651.8 -88593.9 328 428 1)
(56726 104844 -92799.5 611 711 1)
(56736 -61349.4 60211.1 535 635 3)
(56738 47332.6 10956.5 81 181 3)
(56745 95689.1 -34342.7 372 472 1)
(56752 -14039.8 -43434.7 429 529 3)
(56764 33318.1 -130932 157 257 1)
(56770 1042.17 -25256.3 364 464 1)
(56772 84539 57224.3 17 117 3)
(56773 31258.4 1875.85 406 506 3)
(56785 86505 -126872 134 234 3)
(56788 19168.1 28020.6 1 100 1)
(56789 106752 -1141.73 391 491 1)
(56810 -25112.8 26050.3 570 670 1)
(56814 -18052.4 3916.05 132 232 3)
(56821 8144.04 -86671.3 393 493 1)
(56823 72485.9 -132.162 617 717 1)
(56837 100647 59289.7 6 106 3)
(56838 -110632 -52498.2 488 588 1)
(56849 -106759 40599.4 323 423 3)
(56865 -44091.7 -73245.4 344 444 1)
(56869 -10210 146046 306 406 3)
(56871 -9988.35 67264.3 97 197 1)
(56875 14238.7 -35280.1 259 359 -1)
(56884 -18141.6 -113836 224 324 1)
(56887 16191.5 8912 560 660 3)
(56894 -91506.4 -86658.4 366 466 1)
(56900 14162.6 104562 487 587 1)
(56901 3178.87 147005 395 495 1)
(56906 32340.7 37130.1 587 687 1)
(56912 88511.1 25003 20 120 1)
(56916 -106651 15984.2 522 622 1)
(56919 1067.98 -88667.2 204 304 1)
(56920 94708.1 -71583.7 279 379 1)
(56929 -39155.4 -75525.4 82 182 1)
(56930 -42201 -40386.9 306 406 1)
(56951 16160.1 -101822 436 536 3)
(56956 -67224.7 7876.28 536 636 1)
(56963 -20050.1 -55403.9 1 97 1)
(56964 -33144.1 68243 1 100 1)
(56966 44411.2 -90662.2 153 253 1)
(56968 6263.37 18029 553 653 1)
(56969 -1978.91 41126.5 433 533 3)
(56978 -99575.5 -94741.4 379 479 3)
(56980 87639.5 68293 428 528 3)
(56982 13122.7 3908.83 149 249 1)
(56994 -57268.3 -120785 162 262 1)
