(15001 -44365.3 12969.8 290 390 1)
(15007 100683 -42400.9 295 395 1)
(15018 -61315.6 -40445.9 478 578 3)
(15020 -9989.62 -100745 303 403 1)
(15023 -67260.6 -48767.7 146 246 1)
(15026 89648.5 -38315 21 121 3)
(15028 -114692 -114980 576 676 1)
(15034 9107.31 75367.6 461 561 3)
(15035 78527.4 -119903 333 433 1)
(15039 -83410 -140908 115 215 1)
(15042 52342.5 -88614.8 80 180 1)
(15043 -75377.9 46134.3 79 179 1)
(15048 -97405.3 -86500.3 98 198 1)
(15051 -79375.1 -75468.9 18 118 1)
(15057 -73410.1 60280.4 528 628 1)
(15059 77511.5 -101604 45 145 3)
(15060 -114754 147905 626 726 1)
(15091 -26077.7 -63455.1 18 118 3)
(15093 -123741 -125965 434 534 1)
(15095 7083.15 -53419.4 509 609 1)
(15102 -36219.1 -68489.1 122 222 3)
(15103 64380 13980.5 15 115 1)
(15106 112804 17951 563 663 1)
(15108 -61361.2 41143.8 616 716 3)
(15109 -37350.8 -56674.6 624 724 1)
(15133 46243.2 -94801.6 504 604 1)
(15138 47440.3 -30305.8 220 320 3)
(15141 -3962.91 135712 285 385 1)
(15147 100718 44183 166 266 1)
(15157 70424.1 5907.85 113 213 1)
(15160 33261 -8186.18 316 416 1)
(15162 -113692 -72602.1 429 529 1)
(15163 -65573.4 -14250.8 352 452 1)
(15165 -97609.7 -51511.8 566 666 1)
(15186 -65327.1 75314.7 115 215 1)
(15187 -12030 -42447 621 721 3)
(15188 20377.1 -123978 498 598 1)
(15200 -113722 77396 569 669 1)
(15204 82608.3 -66568.1 256 356 1)
(15206 -72636.4 144551 292 392 3)
(15209 -121782 -98798.5 493 593 1)
(15215 50422.3 -20328 502 602 1)
(15217 -113763 4702.55 488 588 1)
(15222 80513.8 -97664.1 62 162 3)
(15228 59502 56266.5 588 688 1)
(15230 10000.1 -40500.5 348 448 3)
(15241 46630.1 -97909.4 28 128 1)
(15249 -104584 -114879 359 459 1)
(15253 23199.5 -38290.6 185 285 1)
(15255 53401.3 -54483.7 531 631 1)
(15267 32351.4 -54403.6 5 105 1)
(15272 81658 24994.2 200 300 1)
(15273 -33116.4 29102.9 179 279 3)
(15274 -47202.1 -9167.95 87 187 1)
(15275 100677 -86673.2 467 567 1)
(15279 -121749 -82847.6 303 403 1)
(15288 -51263.1 -127964 407 507 1)
(15293 109739 -48475.3 408 508 1)
(15298 72470.9 -100681 112 212 1)
(15299 29384.6 -29412 224 324 1)
(15300 -69197.4 -39357.4 33 133 1)
(15305 25212.8 -41370.5 222 322 1)
(15309 113616 -66628.4 258 358 1)
(15311 100.955 60124.9 137 237 1)
(15322 -50299.3 -27237.8 45 145 1)
(15324 -70323.3 -44339.7 60 160 3)
(15327 -33114.9 15870 203 303 1)
(15332 -66353.8 -66621.8 426 526 1)
(15343 23254.5 112410 389 489 1)
(15346 -30898.4 -103923 317 417 3)
(15350 111084 142604 230 330 1)
(15358 23204.3 73349.5 223 323 1)
(15363 -68377.3 -82636.7 283 383 1)
(15365 105841 104579 586 686 1)
(15377 -89525.3 110434 86 186 1)
(15384 -63338 -48365.6 125 225 3)
(15390 -94418.9 -36313.7 137 237 1)
(15392 123873 -124903 371 471 1)
(15397 -70363.7 -103724 232 332 1)
(15408 64042 -118086 246 346 1)
(15421 52504.4 142767 160 260 3)
(15422 -55354.1 80420.8 532 632 1)
(15423 -5905.19 96348.3 140 240 1)
(15424 22175.5 -85542.5 72 172 1)
(15429 -89453.9 62442.7 519 619 3)
(15443 74507.7 -56472.9 280 380 1)
(15454 121567 116434 250 350 3)
(15470 -5988.47 -96602.2 34 134 1)
(15471 -77690 -105025 560 660 3)
(15473 49481.9 74427.6 373 473 1)
(15476 -61353.1 21047.7 589 689 1)
(15484 -35158.3 -15210 333 433 1)
(15485 78432.5 -119823 124 224 1)
(15487 17175.5 -112825 304 404 3)
(15493 -91424 -55444.1 78 178 1)
(15499 84651.9 -36369.3 563 663 1)
(15502 22204.7 146760 265 365 1)
(15503 -46128.7 -122904 239 339 1)
(15505 -22080.3 -95808.8 543 643 1)
(15507 -934.215 -68631.9 465 565 3)
(15509 12222.8 -25166.1 213 313 1)
(15510 89659.3 -4167.87 537 637 1)
(15516 -28130.3 -69484.1 310 410 3)
(15518 121681 -111678 1 93 1)
(15522 -10107.1 21060 297 397 1)
(15541 -124733 16033.7 586 686 3)
(15549 -83411.9 124815 23 123 1)
(15558 -20179.2 -79601.9 309 409 1)
(15561 -35149 -27255.2 178 278 1)
(15566 101699 -130984 261 361 1)
(15571 55380.8 -21241.6 151 251 3)
(15574 68516.1 1898.67 265 365 1)
(15589 67462.4 -62505.6 250 350 1)
(15607 68483.8 -98699.3 162 262 1)
(15608 -66368.2 28063.5 375 475 3)
(15610 -65450.7 -15248.1 570 670 1)
(15621 37309.2 7935.71 379 479 3)
(15625 14131.3 -66514.4 219 319 1)
(15628 -56237 69401.9 390 490 1)
(15638 61443 8838.97 401 501 1)
(15639 -100478 -58422.7 35 135 3)
(15642 105707 112568 167 267 1)
(15643 -25087.7 -97708.1 224 324 1)
(15646 113778 -41446.6 198 298 1)
(15652 54975.9 -36034.8 467 567 3)
(15653 -64312 23017 190 290 1)
(15663 -52251.4 -62495.1 178 278 1)
(15665 -123637 -42246.6 236 336 1)
(15673 -26074.7 1839.89 176 276 1)
(15679 20407.6 -147118 549 649 1)
(15681 115686 -81693.9 458 558 1)
(15687 66441.1 120544 115 215 1)
(15691 -83451.5 -147944 124 224 1)
(15696 -54978 -76817.5 134 234 1)
(15703 -39242.9 -81765.1 616 716 1)
(15706 20078.1 -128222 503 603 1)
(15707 15176.3 -13187.2 312 412 1)
(15710 -76370.4 137726 302 402 1)
(15712 117748 48184.9 239 339 1)
(15720 -115559 -66493.4 24 124 1)
(15732 41285.2 -143830 25 125 1)
(15735 14157.4 -98800.5 493 593 1)
(15743 -75418.2 50200 414 514 1)
(15756 -124790 34065.6 594 694 3)
(15761 -89496.8 -124883 295 395 1)
(15786 25280 37155.4 467 567 1)
(15787 -65352 144830 392 492 1)
(15789 -12001.8 107616 626 726 3)
(15811 -109594 -21216.6 390 490 1)
(15817 99844 50983.6 448 548 1)
(15821 -77082.8 33928.9 539 639 1)
(15825 8177.88 -109926 525 625 1)
(15829 -14033.8 -64508.9 122 222 1)
(15840 19213.5 19997.9 572 672 1)
(15845 30256 23018.2 329 429 1)
(15852 21894.5 -74982 562 662 3)
(15866 -16112.7 -43436.1 269 369 1)
(15881 5008.96 -86601.5 250 350 3)
(15882 27256.5 73311.1 379 479 1)
(15887 -2511.18 -30354.3 435 535 1)
(15906 -7059.1 -53494.8 238 338 3)
(15922 82686.7 48204.8 104 204 1)
(15931 28282.9 102642 563 663 1)
(15936 10121.7 -58516.7 342 442 3)
(15947 97650.5 52204.2 472 572 3)
(15951 -50136.8 -18321.3 47 147 1)
(15967 3091.09 24024.1 184 284 1)
(15972 -44209.6 -111826 310 410 1)
(15982 -56637.4 -59462.1 561 661 1)
(15994 35307.3 122723 617 717 1)
