(54008 -73464.1 -92849.9 512 612 1)
(54010 22186.1 14036 231 331 1)
(54017 115732 37086.1 115 215 1)
(54032 -106574 -50416.3 253 353 1)
(54038 68428.7 -52386.3 88 188 3)
(54040 -98537.7 122612 257 357 1)
(54041 53408.2 77332.4 184 284 1)
(54044 -73342.1 -6124.01 19 119 1)
(54049 -34104.8 -50332.9 163 263 1)
(54065 53399.6 -39395.3 550 650 3)
(54067 -21043.5 -113750 68 168 3)
(54077 -73451.3 -76701.7 610 710 1)
(54082 -41224.7 34091.7 351 451 1)
(54103 16044.2 7736.63 192 292 1)
(54110 -73371.1 99727.3 589 689 1)
(54111 -18052.5 -83601.5 151 251 3)
(54113 25226.8 2885.8 574 674 1)
(54124 21166.9 -104673 1 101 1)
(54126 101690 -120764 148 248 1)
(54127 92578.8 131629 122 222 3)
(54128 -73429.8 -3147.41 269 369 3)
(54134 1077.08 -90766.3 540 640 3)
(54135 39310.3 85397 285 385 1)
(54139 120861 11868.5 453 553 1)
(54140 -122702 129658 225 325 1)
(54141 -55249.8 -128062 591 691 1)
(54144 -59351.7 -61544.1 478 578 1)
(54148 -7988.82 -28319.4 243 343 1)
(54151 -20067.2 -3174.19 398 498 1)
(54166 -24255 105537 70 170 3)
(54167 -10063.3 105593 308 408 1)
(54181 -114449 -65481.9 157 257 1)
(54182 -9009.69 -18283.6 610 710 1)
(54194 -28116.6 -25265.3 340 440 1)
(54196 78482.1 58207.5 82 182 3)
(54204 112.35 -119924 458 558 1)
(54211 -45214.3 78356.7 218 318 1)
(54222 -98611.5 -87810.9 611 711 1)
(54234 72513.7 47160.9 311 411 1)
(54249 -85503.4 50214.9 447 547 3)
(54254 -87500.6 55939.7 121 221 1)
(54257 96811.6 -41401.3 613 713 1)
(54264 -96521.5 10950.7 333 433 1)
(54265 62505.2 -137070 512 612 1)
(54269 13873.3 6193.01 530 630 1)
(54297 39293.8 -74629.2 585 685 1)
(54299 -20061.4 103424 12 112 1)
(54308 69676.9 -128795 295 395 3)
(54326 -86348.1 -112775 40 140 1)
(54329 -18044.2 16969.8 21 121 3)
(54331 39401.8 8899.09 557 657 1)
(54339 41321.2 -54505.8 272 372 1)
(54345 77484.5 -130894 144 244 1)
(54349 34239.9 -125935 321 421 3)
(54353 101712 19991.6 383 483 3)
(54356 -83427.1 -146911 125 225 1)
(54357 3077.53 -66500 53 153 1)
(54368 -35125 -27255.6 69 169 1)
(54380 -22132.3 -41438.8 395 495 1)
(54386 26296.6 -92815.1 488 588 1)
(54404 71504 4862.79 387 487 1)
(54412 -63442.9 -4158.98 626 726 1)
(54421 25253.6 31974.2 488 588 1)
(54426 -52357.3 -65758.2 258 358 1)
(54427 -9964.26 83372.1 90 190 3)
(54442 9038.88 -55612.4 256 356 1)
(54443 6149.31 -132954 334 434 1)
(54450 39412 56119.7 545 645 3)
(54459 -15096.6 33010.5 463 563 1)
(54461 44335.3 -21274.3 382 482 1)
(54462 96703 -70407 334 434 3)
(54463 87596.5 -21274.5 512 612 1)
(54469 118891 24992.3 304 404 1)
(54474 -61375.3 -63524.7 553 653 1)
(54485 -101595 -36499.3 330 430 1)
(54487 -2976.58 -27549.6 346 446 1)
(54492 -92601.6 105592 514 614 3)
(54498 -83494.8 -105795 90 190 1)
(54511 41113.1 87193.9 63 163 1)
(54516 58426.8 6920.24 370 470 3)
(54522 -66533.6 -143046 532 632 1)
(54526 -6976.17 -76629.4 497 597 1)
(54529 87645.6 53057 498 598 1)
(54531 -6935.78 -106864 577 677 1)
(54538 -23183.9 -9234.73 491 591 1)
(54540 -44114.2 7951.43 31 131 1)
(54541 -101588 -115655 204 304 1)
(54547 16142.3 -56446.4 292 392 3)
(54551 13897 -130733 181 281 3)
(54553 64550.5 95538.5 627 727 1)
(54556 -16166.3 -55850.7 242 342 3)
(54561 73620.5 -80620 526 626 1)
(54563 119643 114570 195 295 3)
(54574 -79604.9 78348.3 5 105 1)
(54597 -84445.3 -72554.9 82 182 3)
(54601 -41182.6 -23258.4 167 267 1)
(54603 69449.7 43168.8 266 366 1)
(54605 60489.9 40128.4 392 492 1)
(54607 8108.78 47153.3 35 135 1)
(54614 85607.8 -35406.9 340 440 1)
(54615 36262.6 -26276.9 147 247 1)
(54622 -59310.7 -2116.84 385 485 1)
(54623 -10994.1 -37304.8 206 306 1)
(54628 47420.8 48304.4 428 528 1)
(54642 92643.7 93492.2 262 362 1)
(54650 48212.9 -53438.3 515 615 3)
(54653 111695 -61467.4 137 237 3)
(54661 -91483.3 71266.1 167 267 1)
(54665 113867 51145.7 581 681 3)
(54673 -41181.3 54129.4 391 491 1)
(54674 -76305.4 -115849 264 364 1)
(54688 -79505.6 128710 540 640 1)
(54692 121815 -97721.1 32 132 1)
(54694 94586 -77587.3 58 158 1)
(54696 8205.35 -67610.3 206 306 1)
(54705 -89517.7 29082.5 403 503 1)
(54713 -50273.3 112618 547 647 1)
(54731 -93275.5 -100966 518 618 1)
(54733 9138.5 107607 565 665 1)
(54736 -46261.1 6902.76 578 678 1)
(54743 -42017.4 -95375.4 244 344 1)
(54747 -80497.3 -95827.4 620 720 1)
(54756 38056.6 -79960.1 12 112 1)
(54757 -120813 115641 440 540 1)
(54763 50310.8 -122748 1 98 1)
(54771 53177.5 22467.2 414 514 1)
(54772 41230.8 -13211.3 352 452 3)
(54782 -3841.43 -5204.8 264 364 1)
(54788 -3998.89 41190.3 40 140 3)
(54789 -16956.8 40244.3 258 358 3)
(54791 15.7699 -1136.52 81 181 1)
(54798 -33161.3 -49481.7 495 595 1)
(54801 -110770 -125048 428 528 3)
(54802 67261.7 -102596 8 108 1)
(54803 -40184.8 -19246.3 285 385 1)
(54804 36315.5 -78669.4 485 585 1)
(54816 -26084.2 -36273.8 9 109 3)
(54817 -8993.09 -104721 164 264 1)
(54818 -34150.4 -3145.84 491 591 1)
(54820 -96515.4 -95706.3 413 513 1)
(54821 -30981.3 95460 456 556 3)
(54836 2087.15 98578.1 617 717 1)
(54839 16189.2 -60625.1 610 710 1)
(54843 59519.4 -58466.8 441 541 1)
(54849 -71428.8 -88803.6 438 538 3)
(54850 19175.3 -105758 417 517 1)
(54852 -9845.49 -104752 470 570 3)
(54855 61504.8 -93814.6 213 313 1)
(54867 -119719 40126.3 542 642 1)
(54868 -79424.7 -45462.2 358 458 3)
(54870 -48244.1 -63547.8 341 441 1)
(54874 -45221.7 56249.4 62 162 3)
(54879 7096.58 -74707.8 356 456 1)
(54891 -70461.1 -74637.9 491 591 1)
(54909 52403 -99824.6 464 564 1)
(54913 22205.7 5932.91 23 123 1)
(54915 47314.2 53258.6 94 194 1)
(54919 42344.5 -10215.3 458 558 3)
(54933 -89543.8 -76673.1 557 657 1)
(54934 111854 30098.4 555 655 1)
(54936 -43264.8 -62565.8 438 538 1)
(54944 44385.6 -36500.8 54 154 1)
(54973 -87448.6 33997.3 72 172 1)
(54980 -83536.4 -81683.1 553 653 1)
(54988 -56563.8 -124844 460 560 1)
(54992 -114772 46147.4 607 707 1)
(54993 -76357.3 -74580.3 568 668 1)
(54995 -31116.7 -116772 101 201 1)
(54996 -61459.2 -95893.1 549 649 1)
