(190004 20225.7 -40418.2 549 649 1)
(190013 16123.1 88366.5 91 191 1)
(190014 -72370.5 -38351.6 239 339 1)
(190024 117664 -67477.3 80 180 1)
(190030 -25092.5 -46437.4 275 375 1)
(190034 86679.2 40166 492 592 1)
(190041 22149.5 -59648.7 454 554 1)
(190043 -60409.1 -111895 501 601 1)
(190046 -36139.9 -115867 358 458 1)
(190063 -116608 35079.9 144 244 3)
(190064 97693.4 88686.4 340 440 3)
(190067 -2958.02 -72485.9 106 206 3)
(190070 73920 -143051 611 711 1)
(190078 53.3337 86368.7 90 190 1)
(190079 63552.7 -118929 464 564 1)
(190081 -26083.3 -64580.7 471 571 1)
(190087 -83419.7 -94667.9 191 291 1)
(190092 18164.5 -107725 25 125 1)
(190100 23249.1 -49483.4 573 673 3)
(190105 -27077.2 -7134.51 474 574 1)
(190111 50377.3 -133867 620 720 1)
(190117 93707.1 -91770.9 543 643 1)
(190131 -40268.5 -126956 373 473 1)
(190141 61380.1 69255.3 48 148 3)
(190143 -29171.8 -29278.9 334 434 1)
(190144 -103527 74300.8 131 231 1)
(190150 31268.3 -106876 506 606 1)
(190152 36387.1 70112.7 205 305 1)
(190154 31230.9 79370.6 210 310 1)
(190155 53471 96512.6 616 716 1)
(190158 -94638.2 137885 529 629 3)
(190166 43271.2 -39333.2 151 251 1)
(190168 66485.6 -58537.3 150 250 1)
(190177 -59340.9 -45309.3 137 237 1)
(190203 -103544 -141937 228 328 1)
(190211 7313.92 37119.5 94 194 1)
(190222 -4872.59 -27246 12 112 3)
(190227 99774.4 129780 569 669 1)
(190237 89060.7 -148282 26 126 1)
(190251 -78454.2 -112916 582 682 3)
(190253 36295.4 -76672.3 424 524 1)
(190264 4066.84 -97777.7 469 569 1)
(190269 -70435.7 -28356 625 725 1)
(190273 65453.6 -104810 249 349 3)
(190280 39853.4 104585 470 570 1)
(190281 -62463.4 -142143 446 546 3)
(190287 72606.7 -4178.05 617 717 1)
(190293 -59332.9 -108772 145 245 1)
(190295 -13131.8 114645 467 567 1)
(190300 58375.5 -69490.1 62 162 1)
(190319 -8985.09 -9200.01 393 493 3)
(190321 -34182.5 106603 344 444 1)
(190324 20172.9 -69470.7 1 98 1)
(190325 -82377.9 -68476.6 2 102 3)
(190329 95079.4 -84271.4 110 210 1)
(190335 11263.1 -84694 39 139 1)
(190339 -11036.9 50308.8 222 322 1)
(190356 -59556.2 -55448.1 507 607 1)
(190360 -3813.18 56193 502 602 1)
(190374 -116543 20132.4 94 194 1)
(190393 -104549 -125799 81 181 1)
(190397 -49197.1 36020.7 304 404 1)
(190400 -19092.1 -117025 580 680 3)
(190404 71562.7 -83699.1 544 644 1)
(190406 -20055.1 -76279 515 615 1)
(190409 -106698 118719 513 613 3)
(190413 -95459.3 -83568.8 23 123 1)
(190417 100589 96401.5 29 129 3)
(190420 9052.41 -136014 326 426 1)
(190424 23230.7 11932.1 507 607 1)
(190425 -29189.1 -43551.8 182 282 1)
(190429 67405.3 77348 268 368 3)
(190442 49466.7 -33272.7 245 345 3)
(190446 18155.7 -25106.2 468 568 3)
(190450 -1962.71 841.318 404 504 1)
(190452 63438.5 -33310.1 108 208 3)
(190459 -55206.7 38173.4 137 237 1)
(190466 -43251.7 728.536 121 221 1)
(190471 -7055.79 16028.7 305 405 1)
(190476 82494.4 48154.5 26 126 1)
(190491 106749 -129843 163 263 3)
(190493 57476.8 -57499.6 454 554 1)
(190497 100583 149738 27 127 1)
(190509 -107421 -83515.8 341 441 1)
(190514 19338.8 -33909.8 157 257 1)
(190515 -21086.7 -89752.8 432 532 3)
(190518 16195 -91787.2 577 677 1)
(190529 -119801 147832 292 392 1)
(190530 57306 -10629.6 397 497 1)
(190531 -9980.05 42171.3 140 240 1)
(190533 95679.5 -113965 534 634 1)
(190544 -52220.1 -5158.89 76 176 1)
(190564 -18256 -1318.57 103 203 1)
(190565 52376.5 -80675.7 347 447 3)
(190566 -1952.3 -48384.3 77 177 1)
(190570 -51355.5 145926 450 550 1)
(190574 -77362.8 -123976 434 534 1)
(190580 112805 32083.6 417 517 1)
(190582 52350.2 -67655.9 463 563 1)
(190590 -32153.4 -40401.8 371 471 3)
(190592 -60316.1 -126996 535 635 3)
(190602 62425.4 -75559.1 238 338 3)
(190609 55450.8 -92714.8 392 492 1)
(190618 63529.8 17954.1 363 463 3)
(190619 -4019.28 77408.7 383 483 1)
(190620 -23154.2 14926.9 517 617 1)
(190625 -101617 111666 437 537 1)
(190630 20197.5 -84681.3 412 512 1)
(190634 28252.8 139787 454 554 1)
(190644 17973.2 -15163.1 273 373 1)
(190648 90731.8 -15260.5 403 503 3)
(190649 4094.61 3897.41 512 612 3)
(190653 95725.8 -112893 463 563 3)
(190669 59414.9 124622 214 314 1)
(190672 71487.4 -9142.09 173 273 1)
(190674 -21037.3 81464.1 79 179 1)
(190677 -12012.4 -116805 175 275 1)
(190678 54450.4 -145124 472 572 1)
(190682 -49288.6 101556 556 656 1)
(190692 -4940.21 -32297.7 89 189 1)
(190701 -70335.3 15896.5 586 686 3)
(190707 -17054 -76566.5 55 155 1)
(190713 2086.12 149773 221 321 1)
(190718 13109.4 -63496.5 100 200 3)
(190720 -24102.6 69349.4 605 705 3)
(190721 -33110 118485 76 176 1)
(190731 -45202 102454 194 294 1)
(190736 47361.9 -27262.9 300 400 1)
(190738 -71344 -40344.5 116 216 1)
(190742 -7986.39 13950.6 528 628 3)
(190744 43323.4 -83622.9 224 324 1)
(190751 94638.9 29054.2 297 397 3)
(190763 79463.8 64261.7 11 111 1)
(190767 -110734 -112962 570 670 3)
(190769 18197.2 -97839.3 411 511 1)
(190771 28239.8 44150.3 455 555 1)
(190772 29802.1 51753.2 628 728 3)
(190773 -109564 103475 168 268 3)
(190779 82567.6 -128908 275 375 1)
(190787 33267.4 -139978 309 409 3)
(190789 -22102.4 -63488.7 331 431 1)
(190792 65532.9 129767 547 647 -1)
(190800 85576.4 -142011 297 397 1)
(190802 -11045.4 -141056 489 589 1)
(190806 -75312.5 88428.9 167 267 3)
(190808 -91400.6 -21262.3 92 192 1)
(190816 -62296.5 122569 212 312 3)
(190819 -23982.2 -36291.7 373 473 1)
(190837 52300 -61400.7 41 141 3)
(190845 71518.8 138715 390 490 1)
(190865 37296.2 53207.6 360 460 1)
(190875 72491.6 -40426.1 190 290 1)
(190887 -48255.1 -29323.2 373 473 1)
(190894 37474.2 -40692.9 372 472 3)
(190895 -117826 -3145.66 612 712 3)
(190896 -48270.1 -34289.1 486 586 3)
(190907 -6026.4 11970.1 600 700 1)
(190912 32280.3 -137048 519 619 1)
(190913 68395.7 -119776 355 455 1)
(190917 -70540.5 -50457.9 562 662 1)
(190927 -124572 -80582.3 13 113 1)
(190930 -101781 -82635.8 359 459 1)
(190941 88603.3 -52455.3 243 343 3)
(190945 -47211.8 -122761 42 142 1)
(190953 98773.8 78406.8 588 688 1)
(190966 -62357.4 -38404.1 523 623 1)
(190967 -6965.13 -13216.6 451 551 1)
(190969 -123685 -34175 240 340 3)
(190970 -24111.4 -45343.3 48 148 1)
(190978 -106637 -115887 425 525 1)
(190986 63.5688 140668 122 222 1)
(190990 -11054.9 -98797 314 414 3)
(190991 53416.9 140671 137 237 1)
(190998 110789 134705 201 301 1)
