(105008 51.3961 -147068 393 493 1)
(105020 -122697 18996.8 251 351 1)
(105027 41405.3 -69599.2 147 247 1)
(105036 99649.2 -60450.2 255 355 3)
(105039 -24064.5 -1202.03 437 537 1)
(105040 33060.7 -141706 17 117 1)
(105048 -25139.6 45276.8 159 259 1)
(105061 -82476 133946 573 673 1)
(105074 -65326.4 -7010.22 17 117 1)
(105082 -91543.5 -102821 400 500 1)
(105092 -42200 51306.3 163 263 1)
(105106 70556.4 48186.4 448 548 1)
(105107 93708.5 -10221.7 491 591 1)
(105114 103633 -4139.03 114 214 1)
(105115 108844 -103856 597 697 1)
(105128 -17012.4 3903.68 188 288 1)
(105130 -955.411 -142926 133 233 1)
(105135 -117588 116599 7 107 1)
(105137 -95547.2 -98783.4 415 515 3)
(105139 110838 -69107.8 136 236 1)
(105156 29279.4 94417.5 125 225 3)
(105157 30.2472 -53504.5 583 683 1)
(105158 20826.8 -141962 66 166 3)
(105162 -11039.7 50150.5 93 193 1)
(105167 -30822.8 55343.9 39 139 3)
(105173 -92499.1 55208.8 256 356 3)
(105178 -103561 -12180.4 152 252 1)
(105179 1147.52 133611 62 162 3)
(105215 37365.3 -1920.55 629 729 1)
(105227 103891 146846 514 614 1)
(105229 -77446 -46459.6 441 541 1)
(105241 -112640 -87765.6 444 544 1)
(105248 -105549 85447.6 164 264 1)
(105256 95706.6 -38403.1 423 523 1)
(105269 25200.9 95479.7 251 351 1)
(105272 14085.7 117680 434 534 1)
(105276 -41253.8 63293.6 518 618 1)
(105284 -6997.09 -16194.5 225 325 3)
(105292 -111625 -28292.9 386 486 1)
(105293 105465 -102856 332 432 1)
(105294 -112705 -68631.1 562 662 1)
(105317 -102421 -54905 100 200 3)
(105322 -55365.3 102604 547 647 1)
(105323 -56254.9 -110810 373 473 1)
(105326 -93455.3 99500.4 172 272 1)
(105347 54402 -143053 587 687 3)
(105351 7084.25 -107758 212 312 1)
(105356 34151.3 -37375.5 228 328 1)
(105361 66469.4 132646 201 301 1)
(105370 55403.6 -15244.3 289 389 1)
(105391 42262.4 -72515.5 68 168 1)
(105404 30281.6 -28298.7 265 365 1)
(105407 -24094.1 -147086 386 486 1)
(105412 -75425.1 109627 378 478 3)
(105417 50352.2 -146004 243 343 1)
(105425 9117.58 -130866 150 250 1)
(105426 95573.5 96429.9 93 193 1)
(105429 51407 2947 383 483 1)
(105447 -104408 -139074 224 324 1)
(105449 -63322.9 -119786 146 246 1)
(105452 4207.26 -148918 220 320 3)
(105454 -26123.8 -128875 172 272 1)
(105455 -101640 -40385 400 500 1)
(105459 76544.5 31070.8 344 444 1)
(105464 76383.8 -114614 186 286 1)
(105468 99619.3 -87664.7 256 356 1)
(105472 -100571 -5174.68 367 467 1)
(105481 -33213.1 72121.7 11 111 1)
(105488 -48221.3 29071.7 197 297 1)
(105489 24298.9 -120920 389 489 1)
(105506 -67405.8 -3198.92 587 687 1)
(105507 -69447.2 116678 555 655 1)
(105508 120710 7027.92 233 333 1)
(105511 31247.8 59291.5 258 358 1)
(105514 119760 88387.1 171 271 1)
(105529 -54255 869.269 45 145 3)
(105531 30261.7 58155.5 62 162 3)
(105536 15176 122668 427 527 1)
(105545 -23171.5 5968.58 71 171 3)
(105556 -88366.7 130666 14 114 1)
(105557 65415.7 -3115.96 500 600 1)
(105564 80704.4 -48329.4 135 235 1)
(105565 53340.8 -33267.9 60 160 1)
(105571 71497.2 -117829 60 160 3)
(105577 -109704 61365.4 607 707 1)
(105588 13170 -113972 514 614 3)
(105592 41297.4 -65497.1 170 270 3)
(105605 101808 69291.1 629 729 3)
(105610 -24092.3 -50448.8 299 399 1)
(105618 -36185.3 109529 287 387 3)
(105626 -16028.1 -32317.1 268 368 1)
(105629 -32178.9 -31452 410 510 1)
(105634 -81465.9 108599 458 558 3)
(105638 9208.4 -71556.6 216 316 1)
(105640 99780.3 -48492.5 590 690 1)
(105647 38315.9 -22251 94 194 1)
(105649 112647 35075.7 1 97 3)
(105650 -118568 -118776 2 102 1)
(105652 7500.98 -3792.88 53 153 1)
(105656 -36010.2 -102047 514 614 3)
(105657 -53310.3 -30305.9 439 539 3)
(105659 49409.4 50217.4 614 714 1)
(105663 -21047.3 -36275.6 34 134 1)
(105672 33306.5 -142996 242 342 3)
(105678 -30148.4 93493.3 524 624 3)
(105685 65537.6 140923 350 450 1)
(105690 -86418.9 -101654 51 151 1)
(105691 22101.1 136847 210 310 1)
(105692 35301.2 -3198.05 439 539 1)
(105693 8061.29 -105811 9 109 1)
(105695 11139.6 -58543.7 596 696 1)
(105697 22185.6 32102.3 524 624 3)
(105700 59408.1 100469 208 308 1)
(105719 -105626 11901.7 375 475 3)
(105727 101767 135761 481 581 1)
(105731 77513.9 47153.6 170 270 1)
(105736 -64302 -30278.6 118 218 3)
(105744 69555.5 80263.5 36 136 1)
(105753 63416.7 -100871 587 687 1)
(105754 57479.7 -89723.1 434 534 3)
(105763 -93457 -59496 262 362 1)
(105767 -14828.1 -18248.2 534 634 1)
(105775 104745 24038.5 383 483 1)
(105779 -27088.6 -11187.7 280 380 3)
(105783 -79482.9 -82714 566 666 1)
(105803 96608 28029.9 200 300 1)
(105805 22191.2 -130899 207 307 3)
(105811 -8981.35 16989.9 437 537 3)
(105822 -83466.3 -29355.9 407 507 1)
(105836 -7987.62 -36286.6 26 126 1)
(105838 118731 48138.3 87 187 1)
(105839 28254.3 20996.6 257 357 1)
(105842 31347 97480.1 357 457 1)
(105844 63510 -147182 590 690 1)
(105846 70575.6 -99862.2 561 661 1)
(105848 24227.7 -47461.5 526 626 1)
(105853 -9997.31 59296.3 278 378 1)
(105855 -36189.4 -170.066 476 576 1)
(105856 59471.8 -43405.8 449 549 1)
(105859 2178.15 43092.9 379 479 1)
(105865 -60457.2 28219.8 72 172 1)
(105869 93654.7 -78627.9 355 455 1)
(105871 97711.6 -11196.7 447 547 1)
(105877 -42176.4 143696 62 162 1)
(105881 -54226.8 -49384.2 33 133 1)
(105885 62460.5 -92684.7 286 386 1)
(105888 -103689 5888.48 579 679 1)
(105895 76568.6 22020.3 443 543 1)
(105897 -82433.2 98467 324 424 3)
(105898 7124.54 -33399.2 329 429 1)
(105900 -43115.1 -107988 328 428 3)
(105903 48304 -110705 30 130 1)
(105907 -78391.4 -3145.14 268 368 1)
(105909 73434.9 -66461.4 8 108 1)
(105914 -35137 -36265.4 1 95 1)
(105918 102695 11925.7 375 475 1)
(105920 -72439.8 -121015 580 680 1)
(105925 15945.4 5808.79 577 677 3)
(105936 28204.4 86430.5 179 279 1)
(105942 -21054.8 147695 99 199 3)
(105946 9129.22 -130027 544 644 3)
(105947 41366.5 -61571 540 640 1)
(105949 -19057.2 -132090 626 726 1)
(105951 -9986.5 76431.6 544 644 1)
(105963 119863 121670 376 476 1)
(105969 31234.9 -32309.9 154 254 1)
(105970 13097.7 128622 333 433 1)
(105975 -116743 28041.3 514 614 1)
(105988 83606.4 66279.6 395 495 1)
(105990 -34197.1 -56612.6 612 712 1)
(105994 -73644 105566 442 542 1)
