(160001 3363.38 15952.3 125 225 1)
(160005 -6972.77 14949.2 404 504 1)
(160009 -69321.8 5926.17 43 143 1)
(160015 -43196.8 51198.3 476 576 3)
(160019 2016.25 -21221.1 129 229 1)
(160025 -41240.7 -97653.2 526 626 1)
(160030 -28014 -45408.2 222 322 1)
(160033 -16022.7 -55530.9 581 681 1)
(160036 -49316.7 -61534.4 612 712 1)
(160043 115677 24037.5 59 159 1)
(160049 67.9028 -77687.3 558 658 1)
(160060 67458.5 -74555.6 218 318 1)
(160066 -86509.5 -108755 230 330 1)
(160070 -78376.4 29086.6 326 426 1)
(160083 36289.2 -29297.5 343 443 1)
(160090 -3964.46 -73509.7 42 142 1)
(160093 -4198.2 105415 81 181 1)
(160107 55493.9 -62624.4 407 507 -1)
(160112 55427.5 34950.5 225 325 1)
(160115 -44158.5 -69550 153 253 1)
(160116 91730.1 -51443.3 131 231 1)
(160117 -91335.5 70362 186 286 1)
(160121 93603.4 -41362.2 166 266 1)
(160125 -100479 -98826.4 433 533 3)
(160131 -25084.1 896.183 1 97 3)
(160143 -79426.5 -19215 126 226 1)
(160146 -6968.7 93468.1 358 458 1)
(160148 -5014.32 8930.32 368 468 1)
(160151 -62223.4 94415.6 31 131 1)
(160154 9151.62 -47493 620 720 1)
(160172 -67355.7 140651 84 184 1)
(160177 88683.6 71353.7 517 617 1)
(160178 -95606.4 -35392.3 508 608 1)
(160179 13137.9 -29306.6 208 308 1)
(160187 -91530.3 94474.1 419 519 1)
(160190 64429.8 44138.5 164 264 1)
(160208 -60713.2 -70025.3 554 654 1)
(160209 74506.4 51181.4 389 489 3)
(160212 23213.6 -17239.4 389 489 1)
(160219 12564 24766.6 596 696 3)
(160222 -94436.8 -34341.2 71 171 1)
(160228 7104.35 18984.1 195 295 3)
(160233 -5075.73 -83895.5 613 713 1)
(160246 78628.3 -123900 488 588 1)
(160252 68439.7 41112.1 48 148 3)
(160255 -8930.79 59295.7 249 349 1)
(160257 -73325.6 -107767 150 250 3)
(160258 25191.9 27059.5 302 402 3)
(160260 6860.94 -85431 1 94 1)
(160261 -58350.9 15032.4 315 415 1)
(160269 124977 -39428.3 593 693 1)
(160275 -22113.8 105581 625 725 1)
(160286 -39337.5 -109193 584 684 1)
(160290 62267.2 -149896 51 151 1)
(160297 -22139.7 46218.3 544 644 1)
(160309 38391.1 -21354.3 525 625 1)
(160312 -70370.3 53190.3 193 293 1)
(160314 9095.89 -71614.5 464 564 1)
(160317 87624.9 -126884 319 419 3)
(160319 -91433.8 -9219.66 152 252 3)
(160330 -90570.2 -126.55 464 564 1)
(160332 -21939.4 -52557 262 362 1)
(160333 10137.7 47174.3 363 463 1)
(160338 -14072.8 -6165.89 504 604 1)
(160342 -54445.6 -104972 585 685 1)
(160350 -21973.7 -48416.1 255 355 1)
(160356 8093.07 123501 359 459 3)
(160360 51354 -6020.54 27 127 1)
(160365 112700 52124.9 85 185 1)
(160368 -13384.7 -90455.4 198 298 1)
(160369 116559 -87547.5 106 206 1)
(160371 -43190.2 -66456.7 12 112 1)
(160372 29272.6 46115.2 545 645 1)
(160374 -1679.55 -4263.3 259 359 1)
(160389 -108519 -74575.8 100 200 1)
(160390 23186.1 54210.4 261 361 1)
(160393 -31603.1 38310.5 340 440 1)
(160394 -29080 -45379.5 150 250 1)
(160401 96626.8 -53462.2 179 279 1)
(160406 -35157.6 -133887 25 125 1)
(160414 -11911.9 -37344.9 626 726 1)
(160415 -104589 -6090.59 201 301 3)
(160427 8847.9 -66192.5 266 366 1)
(160429 -121743 -135035 442 542 1)
(160431 7011.98 -121166 216 316 1)
(160432 48421.3 121606 488 588 1)
(160434 73561.3 36098.9 506 606 3)
(160438 -55327 -54522.4 592 692 1)
(160445 2068.52 63270.9 390 490 1)
(160446 -72380.3 -110806 278 378 3)
(160448 -108605 -86652 289 389 1)
(160451 -105639 22077.5 81 181 1)
(160460 15173.8 76398.2 552 652 3)
(160476 29194.7 -112946 291 391 1)
(160478 -61426.1 -75903.7 422 522 1)
(160481 -9971.78 -67492.1 69 169 1)
(160483 3096.89 -16250.5 200 300 1)
(160486 91749.2 -92766.4 530 630 1)
(160496 -41205.1 -35386.7 424 524 3)
(160508 61428.7 -56488.5 402 502 3)
(160516 -27099.7 -147918 83 183 1)
(160525 -124658 -79563.3 144 244 3)
(160534 -10958.3 67420.8 505 605 1)
(160543 -41123.8 -143109 429 529 1)
(160544 45051.1 46991.8 73 173 1)
(160561 -50277.8 -137108 561 661 1)
(160563 -39187.4 77481.5 450 550 3)
(160564 -115019 33831.1 270 370 1)
(160567 -57295.3 -11203.8 457 557 1)
(160568 43359.4 -101820 483 583 1)
(160570 10203.5 -28335.9 487 587 1)
(160571 27260.1 -100820 481 581 1)
(160578 19216.8 -51448.5 309 409 1)
(160579 -35041.9 -64465.5 516 616 1)
(160581 37299.2 123642 343 443 1)
(160606 87517.1 -29279.9 42 142 1)
(160608 -83471.9 -88930.3 593 693 1)
(160610 23236.2 112508 18 118 1)
(160613 -55401.4 -47446.8 544 644 3)
(160620 -5136.09 -92657.5 578 678 1)
(160625 -42055.4 89444.3 161 261 1)
(160642 -14974.7 -149077 347 447 1)
(160646 -8956.06 -143094 415 515 1)
(160657 -111524 22120.2 545 645 1)
(160659 -33200 -121925 511 611 1)
(160670 71503.5 122639 307 407 1)
(160671 -13059.8 -1927.15 83 183 1)
(160675 -65365.9 -30341.9 438 538 1)
(160681 -44834.5 -57585.9 454 554 3)
(160695 36232.3 -65570.7 210 310 1)
(160698 -26117.2 83449.2 601 701 1)
(160699 -52206.6 17956.3 260 360 1)
(160704 -50334.9 88461.7 569 669 1)
(160709 -12069.2 -80773.9 481 581 1)
(160710 -11057 137737 90 190 1)
(160724 44347.3 24992.2 282 382 3)
(160725 -35155.7 29171.6 523 623 1)
(160726 -34189.5 -56474.5 245 345 1)
(160728 31248.3 -44396.6 248 348 1)
(160733 -18056.1 47186.6 321 421 1)
(160742 -13022.5 100538 338 438 1)
(160752 -38167.2 72332.2 96 196 1)
(160758 -9971.65 59339.2 542 642 3)
(160759 -102651 96609.8 156 256 1)
(160763 38277.4 130642 189 289 1)
(160774 -24325.4 100436 116 216 3)
(160781 -19769.8 -28250.2 440 540 1)
(160784 -6953.6 133750 57 157 1)
(160791 -45273.2 -85741.6 625 725 1)
(160799 70452.3 5869.02 163 263 1)
(160808 61342.7 18982.7 82 182 -1)
(160810 87533.1 56281.2 480 580 1)
(160811 67595.9 -59518.1 324 424 3)
(160812 10118.3 -120986 526 626 1)
(160814 72514.3 -68559.6 331 431 1)
(160820 82503.5 -1123.35 1 95 1)
(160838 -86458.2 -127848 126 226 1)
(160845 28131.3 -119709 267 367 1)
(160855 94500.7 9919.27 332 432 1)
(160864 -94409.4 136611 26 126 1)
(160886 -27154.7 -114907 449 549 1)
(160887 1076.48 -52549.5 540 640 1)
(160899 50410.5 26078.7 473 573 1)
(160902 -97596.5 -56537 525 625 1)
(160907 81585.6 58245.7 318 418 1)
(160911 112551 90911.5 582 682 3)
(160913 67527 6859.11 462 562 1)
(160938 -10011.5 -66496 199 299 1)
(160950 4093.88 -8119.29 337 437 1)
(160951 41441.1 -93570.4 7 107 1)
(160953 2072.75 -40309.5 137 237 3)
(160958 -42209.4 11976.6 417 517 1)
(160962 -17011.6 -88505.7 193 293 1)
(160964 -15085.8 70318.5 115 215 1)
(160971 86523.3 43198.1 220 320 1)
(160977 -51475 -24096.2 608 708 3)
(160982 72627.7 -33394.2 565 665 1)
(160984 24260.7 -107903 496 596 3)
(160988 -120745 28062.9 339 439 1)
(160998 -96493.9 -56404.4 33 133 1)
