(170000 32120 -21302.1 327 427 1)
(170002 -114605 -55406.5 97 197 3)
(170020 -21083.1 57263.4 590 690 1)
(170021 38338.3 -113773 381 481 3)
(170023 3071.52 53173.2 77 177 1)
(170028 22155.1 -90632.1 96 196 3)
(170032 102801 -29373.6 582 682 3)
(170033 23215.7 99485.6 109 209 1)
(170044 38322 126581 65 165 3)
(170056 10082.8 17994.8 406 506 1)
(170071 33282.8 1879.73 392 492 3)
(170080 -21059.8 -23235.3 238 338 1)
(170081 94618.4 -124880 236 336 1)
(170086 -64361.4 -141995 153 253 1)
(170102 -80223.7 141277 460 560 3)
(170106 -37146.2 15895.6 573 673 1)
(170109 -49222.2 32084.9 75 175 1)
(170112 -8942.96 -34264.9 91 191 1)
(170117 -85682 -61923.5 409 509 1)
(170119 -19018.3 37181.8 105 205 3)
(170120 71422.2 -8089.94 217 317 1)
(170123 20220.4 28047.4 434 534 1)
(170127 17196.4 -77574.4 98 198 1)
(170130 103960 -106814 423 523 1)
(170131 -46219.8 11937.9 589 689 1)
(170132 -114686 104418 271 371 1)
(170141 58477.4 -138085 511 611 1)
(170142 57399.5 136743 321 421 1)
(170143 45318.6 -126824 564 664 1)
(170151 90525.4 -129816 6 106 1)
(170158 -80245.4 -91706.8 254 354 1)
(170160 79599.5 -122962 485 585 1)
(170162 84540.1 -50478.8 325 425 1)
(170164 -51225.5 -2123.8 33 133 1)
(170177 39359.9 -116823 256 356 1)
(170179 -26089.9 -110696 15 115 1)
(170181 93761.9 -148164 607 707 1)
(170182 -43166.1 51172.3 482 582 3)
(170184 40349.3 -110970 583 683 1)
(170190 35262.2 -142908 100 200 1)
(170194 117946 89443.1 120 220 3)
(170212 79451.3 -111675 7 107 1)
(170217 -15073.7 -30265.7 303 403 1)
(170223 79514.4 18981.4 189 289 1)
(170226 120965 -116900 387 487 3)
(170228 3087.71 45164.2 321 421 1)
(170229 -114497 -126928 341 441 1)
(170231 -111466 -115835 380 480 1)
(170237 48370.3 -136994 352 452 1)
(170242 -65994.4 88127.5 98 198 1)
(170246 57.6467 -76582.8 226 326 1)
(170250 -67484.8 -104885 528 628 3)
(170254 -86394.3 -20153.6 35 135 3)
(170257 86556.7 129625 165 265 1)
(170261 -9056.26 -25023.7 378 478 1)
(170280 -40246.2 121581 300 400 1)
(170282 -34993.3 -34717.2 239 339 1)
(170291 -55340.1 142747 293 393 1)
(170294 56380.1 85356.9 130 230 1)
(170296 80479.8 147693 40 140 1)
(170298 -109740 -127968 278 378 3)
(170327 -120655 143803 375 475 1)
(170329 -18430.2 67596.7 624 724 1)
(170354 36256.6 -37346.2 273 373 1)
(170374 -66370.5 95359.6 152 252 1)
(170378 22195 22008.1 236 336 1)
(170379 40302.4 -15220.2 209 309 1)
(170384 -104736 15951.1 615 715 1)
(170389 68482.1 -24282.6 148 248 1)
(170397 116745 -106823 184 284 1)
(170403 -43233.3 115670 593 693 1)
(170415 -43026.9 -84666.1 184 284 1)
(170417 -8154.1 -5210.96 300 400 3)
(170419 -88615 108482 584 684 1)
(170421 70485.7 -143961 169 269 3)
(170424 -43223.5 -67544.3 328 428 3)
(170426 119850 -62474 142 242 3)
(170451 -117580 -77549.9 79 179 1)
(170462 69403 -27223.6 138 238 1)
(170466 64402.3 21996.9 183 283 1)
(170471 35398.4 91356.3 433 533 1)
(170478 99621.9 -29283 125 225 1)
(170482 16179.6 79414.4 579 679 1)
(170497 -15992.5 -63492.1 232 332 1)
(170499 101697 -135163 418 518 1)
(170503 44273.6 80343.8 90 190 1)
(170509 -38047.5 -127148 583 683 1)
(170512 -21021.1 42161.5 184 284 1)
(170513 -1940.16 -57503.2 381 481 1)
(170520 83464.6 13972.7 102 202 1)
(170524 -51386.6 56288.1 603 703 1)
(170526 -21158.6 -121012 557 657 1)
(170532 -43203.1 20997.8 526 626 1)
(170544 65467.4 -34373 199 299 3)
(170546 115774 -84662.8 319 419 1)
(170547 -78472 -122065 375 475 1)
(170554 43446.2 8970.36 298 398 1)
(170555 122826 -24143.5 208 308 3)
(170563 -20009 -67448.7 98 198 1)
(170570 -25145.2 34995.2 288 388 1)
(170573 -52407.1 47099.2 431 531 1)
(170587 117721 -111801 82 182 1)
(170588 -40195.7 -77626.1 404 504 1)
(170592 44401 -46260.1 84 184 1)
(170610 -7992.87 -9182.08 248 348 3)
(170611 108700 102477 208 308 3)
(170622 -106741 -2153.9 607 707 1)
(170628 8134.72 -80707.8 579 679 1)
(170632 123789 125644 263 363 1)
(170633 73519.3 -22362.2 446 546 1)
(170650 83629.5 13923.7 472 572 1)
(170651 -107561 30011.1 96 196 1)
(170655 50326.4 -13206.5 98 198 3)
(170657 65537.1 -71638.6 501 601 1)
(170658 23183.3 -24268.3 228 328 1)
(170663 15191.1 -119727 547 647 1)
(170670 -51214.3 13754.7 109 209 1)
(170672 -46264.4 51106.4 425 525 1)
(170683 29243.8 21992.4 137 237 1)
(170684 101669 -131940 400 500 1)
(170690 39271.5 132602 71 171 3)
(170704 -43194.5 -91681.2 241 341 1)
(170710 22290.8 -24332.8 582 682 1)
(170712 -76399.3 111485 147 247 0)
(170718 -114606 86418.5 340 440 1)
(170726 100729 33066.3 393 493 1)
(170731 -19977.1 -100788 142 242 3)
(170743 86576.7 30043.9 158 258 1)
(170745 34380.7 -83799.3 621 721 1)
(170764 -41131.6 -132974 460 560 1)
(170765 -105424 95305.9 141 241 1)
(170770 61501.5 25033.4 617 717 1)
(170771 70482.7 -1162.21 288 388 1)
(170777 14043.6 33045.4 51 151 1)
(170779 -92549.2 81393 411 511 1)
(170786 -16040.7 -110767 324 424 1)
(170788 113928 -64531.9 395 495 1)
(170801 -97529 148975 549 649 1)
(170809 102799 852.304 399 499 1)
(170813 85630.4 -91689.8 290 390 1)
(170815 -108784 62322.3 358 458 3)
(170818 95632.5 102487 239 339 1)
(170819 7203.95 -68597.6 4 104 1)
(170829 -14065.8 -3168.91 14 114 3)
(170834 -75454 54223.5 591 691 -1)
(170859 107855 -4155.84 387 487 1)
(170870 -121725 16077 441 541 3)
(170874 -38293.2 24814.7 597 697 1)
(170877 -109582 -85350.5 441 541 -1)
(170886 -94454.3 -114770 180 280 3)
(170887 64446 60148.3 264 364 1)
(170889 -1909.49 -64604.6 282 382 1)
(170892 101049 -57644.4 479 579 3)
(170894 81610.5 136758 426 526 1)
(170914 -43232.1 42154.1 501 601 3)
(170917 56395.1 -111735 90 190 3)
(170924 -115009 132911 539 639 1)
(170936 10212.1 -79446.8 75 175 3)
(170942 -7981.95 76299.4 25 125 1)
(170943 -91524.9 12932 493 593 3)
(170944 116959 113733 621 721 1)
(170945 -100498 -6161.08 28 128 1)
(170947 -114638 -71538.6 238 338 1)
(170974 18386.2 41169.6 289 389 1)
(170975 68368.7 -46471.5 444 544 1)
(170976 -124956 13837.8 522 622 1)
(170985 -120707 -80665.2 377 477 1)
(170986 109782 -76644.7 510 610 1)
(170997 -87415 1903 6 106 1)
