(166003 -11027.7 -147056 352 452 1)
(166005 82513.1 -46472.7 530 630 3)
(166022 -92562.7 -55445.9 307 407 3)
(166032 68489.9 64275.2 327 427 1)
(166035 -31147.4 -96792.3 376 476 1)
(166039 31261.2 -14215.5 333 433 3)
(166043 -123792 -141101 622 722 3)
(166044 -28012.2 -45418.4 206 306 1)
(166049 -113597 -115792 171 271 1)
(166051 -99407.2 -2048.98 296 396 3)
(166052 52495.3 112671 177 277 3)
(166061 -52240 122682 389 489 1)
(166062 -55277.2 -130933 206 306 1)
(166063 -115576 32060.3 138 238 3)
(166068 -23079.8 -31293.4 149 249 1)
(166071 -74458.7 131638 438 538 1)
(166076 115887 883.367 54 154 1)
(166086 59439.6 -145043 298 398 1)
(166095 -79446 -12229.6 245 345 1)
(166096 12116.2 -53533.6 203 303 1)
(166102 14028.9 -48499.2 154 254 1)
(166105 35258.8 -40389.3 384 484 1)
(166108 -65458.4 43251.9 570 670 1)
(166112 -83414.5 21954.6 141 241 1)
(166122 23201.1 -70527.3 499 599 1)
(166125 4105.65 -22272.2 24 124 1)
(166127 25182.5 148713 220 320 1)
(166133 59439.9 3879.58 386 486 3)
(166135 62345.1 42083.2 126 226 1)
(166139 -85491.6 55228.8 458 558 1)
(166140 -52265.5 15959.4 376 476 1)
(166151 -65368.1 -10229.1 533 633 1)
(166155 -80526.3 15071.6 605 705 1)
(166169 -118540 -58617.1 181 281 1)
(166171 -85990.6 24938.3 227 327 1)
(166176 -91551.7 13952.5 487 587 1)
(166179 -71371.4 82372.6 258 358 1)
(166197 28223.9 -2134.8 198 298 1)
(166218 -116771 -8178.73 477 577 1)
(166221 -12965.9 -58424.7 4 104 1)
(166227 9162.07 -13247.7 339 439 3)
(166231 65495 26998.5 148 248 1)
(166239 84560.7 44191.9 466 566 1)
(166241 -18088.2 -80570 149 249 1)
(166243 -27010.1 79339.7 587 687 1)
(166246 -79375.5 1860.12 144 244 3)
(166253 -39114.3 -6161.71 168 268 1)
(166260 -80426.9 -112887 438 538 1)
(166269 23190.8 -36366.1 215 315 1)
(166270 68498.7 60131.4 36 136 1)
(166271 -58255.4 138634 5 105 1)
(166278 16143 -128796 17 117 3)
(166281 -93544.8 127736 529 629 1)
(166287 30250.6 98445.5 64 164 3)
(166288 91648.7 133594 214 314 3)
(166314 52438.4 -148166 554 654 1)
(166318 -4129.31 -41654.5 275 375 1)
(166324 -72363.9 49248.5 477 577 1)
(166350 -106517 54312.8 137 237 1)
(166351 17186.1 12945.6 248 348 3)
(166353 -26205.8 -1128.46 500 600 3)
(166367 17058 -122063 588 688 1)
(166371 56487.6 -8206.43 606 706 3)
(166377 53735.2 31612.9 244 344 1)
(166383 -33331.3 33951 131 231 1)
(166397 -47289.6 76373.9 437 537 1)
(166398 85438.2 54098.1 195 295 1)
(166400 -90423.3 -60386.8 172 272 1)
(166405 51333.2 -40331.6 61 161 3)
(166408 83574.8 -120833 255 355 1)
(166411 63516.1 -84738.4 575 675 3)
(166415 -69290.3 112628 123 223 1)
(166418 120832 78371.8 324 424 3)
(166419 104728 -26282.1 337 437 3)
(166427 -48173 56208.3 87 187 1)
(166428 -95475.9 -13208.2 53 153 1)
(166429 88676 -104831 489 589 1)
(166430 -10982.2 -18293.2 424 524 1)
(166450 -13972.5 -116878 452 552 1)
(166451 -3971.88 -113935 480 580 3)
(166462 60422.1 -52602.8 291 391 1)
(166466 12167.4 31135.8 152 252 1)
(166467 -42155.6 -44455.1 256 356 3)
(166470 123944 92550 576 676 3)
(166473 -948.541 -106693 50 150 1)
(166482 47387 47141.4 274 374 3)
(166490 120893 -138315 566 666 3)
(166497 85532.4 -125804 68 168 1)
(166514 -119582 149725 49 149 1)
(166527 86568.4 -126910 336 436 1)
(166528 48373 -33383.1 336 436 1)
(166529 -120689 -125897 378 478 1)
(166539 -1951.63 -23242.6 29 129 1)
(166542 -62362 39246.5 381 481 1)
(166543 43281.3 -61457.3 64 164 1)
(166544 71648.8 44187 312 412 1)
(166559 12152.5 2865.31 125 225 1)
(166563 77394.9 -25368.8 54 154 1)
(166568 12129.9 68336.1 343 443 1)
(166577 8110.82 -79637 351 451 3)
(166578 -119637 -127.434 219 319 3)
(166584 8112.05 63295.9 398 498 1)
(166586 105740 -26299.2 350 450 1)
(166596 -79605.2 71282.8 51 151 3)
(166597 70569.4 43261.1 184 284 1)
(166630 20237.6 -68613.6 241 341 1)
(166632 -24046.7 15961.2 274 374 1)
(166644 -1967.35 130521 297 397 3)
(166653 103812 -8206.59 589 689 1)
(166662 9123.67 -77698.1 621 721 3)
(166665 -50173 129637 204 304 1)
(166667 90540.6 149689 17 117 1)
(166672 -63288.7 -55407.9 27 127 1)
(166677 34257.1 -78619.2 286 386 1)
(166680 -4066.81 -33518.3 246 346 1)
(166681 -78466.1 65197.7 141 241 3)
(166684 -19078.7 99376.4 398 498 1)
(166688 63502.9 71358.1 345 445 1)
(166692 -110740 27037.1 584 684 1)
(166694 -32128.3 -73527.8 114 214 1)
(166699 -71585.9 13928.5 369 469 3)
(166707 -57462.7 -23372.6 47 147 3)
(166711 -80498.6 -149169 561 661 1)
(166716 32256.8 35135.4 90 190 1)
(166720 31275.7 -90584.6 35 135 1)
(166748 13090.9 -52588.2 577 677 3)
(166750 50379.5 49188.5 411 511 1)
(166754 -93610.2 -43336.7 227 327 1)
(166758 17157.8 38076.7 619 719 1)
(166759 23217.8 80386.2 435 535 1)
(166767 26284.7 -106738 377 477 3)
(166769 -24075.9 -106801 448 548 3)
(166770 -102521 31468.5 288 388 1)
(166774 -37179.8 83349.8 52 152 3)
(166795 105752 57232.5 474 574 1)
(166797 36264.7 -50421.2 222 322 1)
(166801 -106554 -38434 72 172 1)
(166804 6113.42 -60567.6 584 684 3)
(166816 -65122.1 3894.02 164 264 1)
(166822 64273.5 6935.32 229 329 1)
(166835 -52280.4 -8189.01 317 417 -1)
(166842 -123760 -106860 474 574 1)
(166845 42509.9 38298 56 156 1)
(166847 42236.4 -18323.5 298 398 1)
(166849 -80458.6 134784 493 593 3)
(166854 -24127.2 -54606.6 382 482 1)
(166856 -31106.4 -19189.5 507 607 1)
(166858 -84439.6 115449 21 121 1)
(166860 38364.2 97287.1 7 107 1)
(166861 41272.4 -91672.7 176 276 1)
(166862 -103533 -8218.03 206 306 1)
(166866 68569 -98719.5 416 516 1)
(166867 15133.5 50075.9 12 112 1)
(166871 -99534.6 135665 214 314 1)
(166872 -30190.3 -13195.2 384 484 1)
(166873 -23035.9 -137899 131 231 1)
(166886 67479.2 -79582.5 292 392 1)
(166888 123853 -79592.8 242 342 1)
(166907 -67024.9 70876.7 248 348 1)
(166908 -65363.6 -66589.9 565 665 1)
(166935 -65342.1 -31353.2 389 489 1)
(166939 -30126.4 100619 141 241 1)
(166941 -949.202 -105679 47 147 1)
(166944 42437.6 61310.6 542 642 1)
(166954 -7965.42 6843.62 524 624 3)
(166959 -48213.5 6912.34 188 288 1)
(166963 -17052.1 -61587.4 607 707 1)
(166987 -52197.2 -89834.4 606 706 1)
(166989 -115678 -124903 200 300 -1)
