(180009 -6963.31 -82525 87 187 1)
(180017 86681.4 8912.5 476 576 3)
(180020 86573 -64516.7 400 500 3)
(180028 -28122.2 -26307.5 428 528 1)
(180031 41264.6 -90621.8 56 156 1)
(180043 49311.1 -127788 42 142 1)
(180047 79561.5 -131976 363 463 1)
(180048 -13996.1 -75692.6 495 595 3)
(180055 -69324 -45355.5 19 119 1)
(180065 63364.6 -51422.3 10 110 1)
(180067 -57267.3 9791.26 235 335 1)
(180075 -949.426 37988.3 176 276 1)
(180076 105858 -57308.7 419 519 1)
(180083 -118535 76383.8 64 164 3)
(180084 -47194.8 -6260.7 476 576 1)
(180086 25227.2 106575 176 276 3)
(180087 -19085.4 57165.6 208 308 1)
(180089 42360.2 -49627 388 488 1)
(180100 -57369.4 -70697.9 530 630 3)
(180107 -71354.5 -52368.7 163 263 1)
(180113 -84528.7 141913 453 553 1)
(180115 61932.9 99780.5 133 233 1)
(180118 63482 -31320.1 469 569 1)
(180121 -110569 -131841 131 231 1)
(180130 -115609 -126834 102 202 1)
(180132 -124831 -3162.68 312 412 1)
(180134 101604 30063.4 28 128 1)
(180143 3008.59 95423.3 62 162 1)
(180148 42270.7 10982.7 29 129 1)
(180149 -10006.9 -136881 151 251 1)
(180154 91589 88497.2 188 288 3)
(180164 109868 69532 416 516 1)
(180169 -53280.1 -36342.6 41 141 1)
(180170 -85466.6 -84623 241 341 1)
(180206 120797 -43398.6 290 390 3)
(180218 -70212.2 -120065 244 344 1)
(180220 17161.8 -33328.5 311 411 1)
(180225 -87412.2 -134763 68 168 1)
(180226 63448.1 27035.8 313 413 1)
(180238 -58271.4 38080.7 219 319 1)
(180246 -40231.1 64318.8 619 719 1)
(180249 92669.1 98525.7 500 600 1)
(180253 -45367.1 78419.2 257 357 1)
(180254 52355.7 -105870 168 268 1)
(180256 -29143.4 -62483.7 166 266 1)
(180257 -20916.3 -33092.1 385 485 1)
(180266 -107425 122573 34 134 1)
(180282 62463.2 140612 148 248 1)
(180288 -85424.6 -32151.1 236 336 1)
(180294 -15093.1 114576 242 342 3)
(180295 43286.5 -3083.04 122 222 3)
(180297 65528.7 -100855 590 690 3)
(180304 -51222.1 -60371 163 263 1)
(180305 10144.2 -90778.8 583 683 1)
(180314 66507.9 -58570.8 506 606 1)
(180319 62457.5 -15148.1 62 162 1)
(180322 33277.6 -120843 250 350 1)
(180329 83.8279 21020.8 500 600 1)
(180331 46140.6 80427.2 166 266 1)
(180335 -42220.4 -148343 506 606 1)
(180336 -86510.8 -67566.8 388 488 1)
(180339 -69241.9 -145192 216 316 1)
(180347 -98591.5 -77659.7 451 551 1)
(180349 -120666 148763 312 412 1)
(180351 32280.2 -120063 612 712 1)
(180355 3166.57 120614 159 259 1)
(180357 -21065.1 -66542 356 456 1)
(180362 -41241.3 90561.9 620 720 1)
(180364 -16004.3 76336.7 371 471 3)
(180369 19231.6 -78715.6 566 666 1)
(180372 26207.2 1896.32 7 107 3)
(180376 -43210.9 -61552.4 456 556 1)
(180383 -34098 123647 116 216 1)
(180385 116676 -34299.5 21 121 1)
(180389 -39214.6 63336.4 515 615 1)
(180395 26209.6 -33334.3 154 254 3)
(180399 -94577.9 -120995 475 575 3)
(180402 50405.1 97547.4 518 618 1)
(180418 24191.7 -16219.8 71 171 1)
(180421 -5959.5 -2137.7 141 241 1)
(180426 36322.3 19988.7 389 489 1)
(180428 -70342.4 -56449.2 149 249 1)
(180429 -94473.2 -35307.7 6 106 1)
(180432 26230.6 -46750.1 460 560 1)
(180434 -82408.2 -68538.7 148 248 1)
(180437 51377.3 -103738 251 351 1)
(180439 -32129.4 26016.1 14 114 1)
(180442 46294.8 -27233.2 328 428 1)
(180445 2125.22 13701.1 502 602 1)
(180455 -64292.8 -117756 20 120 1)
(180469 -30178.4 -102835 442 542 1)
(180477 -52288.6 -9182.99 592 692 1)
(180481 -74368.6 70197.6 337 437 1)
(180486 -78396.7 71336.7 1 101 1)
(180495 -10997.1 -39178.8 85 185 1)
(180503 -90579.5 56299.4 465 565 1)
(180508 -118553 -80675.5 282 382 1)
(180518 -97731.9 87417.4 276 376 3)
(180523 -24002.5 -27052.3 309 409 3)
(180533 -78245.6 85159.8 150 250 1)
(180535 104669 -60476 162 262 1)
(180540 23185.7 -82564.7 15 115 1)
(180549 45357.3 -61552.3 459 559 1)
(180554 97707.7 70398.1 95 195 3)
(180567 -27145.2 -77621.8 310 410 1)
(180568 -81669.1 -31345.7 627 727 1)
(180571 -41166.3 -126953 293 393 1)
(180584 -104679 -48487.7 625 725 1)
(180585 -69875.5 90230.1 226 326 3)
(180586 14067.1 41127.8 62 162 3)
(180591 -4970.39 86458.7 565 665 3)
(180602 -67349.4 -107713 272 372 1)
(180607 -13025.5 -110745 145 245 3)
(180609 61442.5 -131904 177 277 3)
(180610 59361.7 12980.6 3 103 1)
(180619 86512.8 12949.1 48 148 1)
(180622 106701 -147114 391 491 3)
(180631 -870.501 -90567.8 132 232 1)
(180636 -19058.3 -147020 249 349 1)
(180637 -89493.6 -56413.2 59 159 1)
(180647 90559.2 117800 562 662 1)
(180653 107652 -35170.5 91 191 1)
(180654 119781 19003.7 236 336 3)
(180660 119624 -16141.1 302 402 1)
(180662 79511.9 69314.5 232 332 3)
(180665 63499.4 14879 619 719 1)
(180684 49401.9 -18259.9 629 729 3)
(180685 102754 -21266.7 499 599 1)
(180694 115691 110863 90 190 1)
(180698 113854 -58388.1 187 287 3)
(180700 -29087.6 -10250 188 288 1)
(180704 38335.8 -81698.2 524 624 1)
(180711 -48242.3 9930.47 282 382 1)
(180713 -78392.3 8929.1 67 167 1)
(180728 104816 -149162 612 712 3)
(180733 107812 94451.3 235 335 3)
(180735 44404 -69647.9 536 636 1)
(180738 -61305.3 37331.3 581 681 1)
(180740 10153 51235.6 346 446 1)
(180742 -102490 33952.6 240 340 1)
(180749 -51364.5 34086.6 567 667 1)
(180757 -25156.4 97539.4 31 131 1)
(180758 1062.26 -85583.1 100 200 3)
(180770 74453.9 11908.1 56 156 1)
(180779 31225.5 -120907 260 360 1)
(180793 47366.4 123637 399 499 1)
(180794 37356.8 16984.7 39 139 1)
(180800 -28911 -61358.2 367 467 1)
(180801 50427.6 12930.5 435 535 1)
(180807 -45127.9 -141993 169 269 1)
(180810 -10010.6 128621 181 281 1)
(180811 -57346.1 -115938 517 617 1)
(180820 -88533.2 -47306.9 197 297 1)
(180828 13093.9 91423.8 3 103 1)
(180836 81552.7 -89475 100 200 1)
(180840 77398.8 75418.4 558 658 1)
(180846 88911.8 28223.7 567 667 1)
(180847 94518.2 144634 1 98 3)
(180851 122857 -25322.3 421 521 1)
(180854 -35181.8 -65587.5 500 600 1)
(180866 -10014.2 7846.41 201 301 1)
(180870 64469.6 2962.99 139 239 1)
(180876 -41224.4 -32204.7 107 207 1)
(180891 -31144.7 -18282.1 580 680 1)
(180892 34286.9 82318.4 473 573 1)
(180894 -24171.8 -147050 185 285 1)
(180897 101629 143760 257 357 1)
(180905 -49247 80352.6 283 383 1)
(180909 62474.5 -47435.9 420 520 1)
(180916 -61367.8 -28349.1 577 677 1)
(180917 55398.4 -8164.3 251 351 3)
(180924 51423.7 -76582.7 88 188 1)
(180930 28270.3 -69638.5 571 671 1)
(180934 -25275.7 -26315.3 593 693 1)
(180936 70564.5 -109859 14 114 1)
(180937 -77619.9 73398.2 343 443 3)
(180938 -36174.6 47217.2 475 575 1)
(180942 -118690 145945 584 684 1)
(180944 -80464.8 55223.2 447 547 3)
(180946 -7892.56 -14294.4 553 653 1)
(180952 44310.1 56186.9 74 174 1)
(180953 24274.2 126662 330 430 1)
(180961 -42044.6 -60796.8 63 163 3)
(180964 -61642.5 -105843 90 190 1)
(180974 4094.21 105575 274 374 1)
(180977 101639 -40354.1 163 263 1)
(180986 6112.13 -45440.3 469 569 3)
