(106001 63441.8 93560.6 450 550 1)
(106003 19151 114568 214 314 1)
(106013 -108727 -95634.3 312 412 1)
(106023 66532.7 36128.4 222 322 1)
(106025 115870 110611 496 596 1)
(106032 32147.4 75364.2 188 288 3)
(106033 92734.8 -67616.3 555 655 1)
(106036 -38220.1 -16294 491 591 1)
(106037 -57339 -122695 216 316 3)
(106038 20206.5 81470.6 619 719 1)
(106042 -45228.5 -24250.5 195 295 3)
(106049 14181.2 61272.6 459 559 3)
(106054 84604.6 78378.1 411 511 3)
(106066 86542.6 -55433.5 148 248 3)
(106089 88655.6 108582 471 571 3)
(106090 -30108.3 -95712.5 469 569 1)
(106092 104469 -104761 69 169 1)
(106099 -22013.7 -110863 333 433 1)
(106101 -92538 -11180.8 208 308 3)
(106116 -88487.9 -68509.6 41 141 3)
(106120 19219.1 -67466.2 468 568 1)
(106125 -113887 71240.6 557 657 3)
(106158 97623.3 -81606 194 294 1)
(106162 31261.8 873.938 283 383 3)
(106163 -48235.2 -77662.5 216 316 1)
(106164 -18194.8 4881.27 495 595 1)
(106176 108588 131663 33 133 1)
(106177 25171.2 -7205.88 456 556 1)
(106194 101662 95437.2 201 301 1)
(106198 -28149.3 -61630.8 614 714 1)
(106208 -14023.6 21993.4 267 367 1)
(106221 85546.9 -136847 2 102 1)
(106223 89552.7 -33302.9 95 195 1)
(106224 47232.8 149837 377 477 1)
(106226 53473.4 -21254.8 287 387 1)
(106228 25037.9 23845.6 415 515 1)
(106229 2132.3 -53559.1 527 627 1)
(106230 -69350.7 19993.4 198 298 1)
(106239 76511.3 -43405.7 241 341 3)
(106242 42305.6 54212 177 277 1)
(106244 101649 85370.8 205 305 1)
(106245 -27094.1 -146957 154 254 1)
(106246 -73375 -23264.9 40 140 3)
(106255 78563.3 -87645.7 333 433 1)
(106261 55484.3 -82729.7 620 720 1)
(106268 -44210.9 4876.65 251 351 1)
(106278 85582.7 -75592.4 285 385 1)
(106280 -86556.3 -122174 542 642 1)
(106283 121814 -133950 279 379 1)
(106284 -59279.3 -102690 98 198 1)
(106289 -117533 -64488.1 454 554 1)
(106290 39132.9 -143971 136 236 1)
(106298 106575 106717 315 415 1)
(106301 -11971.3 -125954 378 478 1)
(106302 -116749 88502.1 572 672 1)
(106307 -85464 107514 190 290 1)
(106315 43389.9 -96852 620 720 1)
(106333 -15151.5 -107073 628 728 1)
(106334 -39204.1 -71623.3 500 600 1)
(106335 24215.8 97503.8 350 450 1)
(106336 79572.6 132711 543 643 1)
(106338 72429.6 -86579.8 52 152 1)
(106340 -79473.7 -27311.3 450 550 1)
(106346 87609.2 -31333 335 435 1)
(106356 84632.8 -83753.7 598 698 1)
(106367 -62353.8 -38776.4 463 563 1)
(106371 90590.4 -7350.19 495 595 1)
(106376 113826 -59422.6 186 286 1)
(106377 -84521 -97848.3 598 698 1)
(106395 -44178.8 63238.7 183 283 1)
(106397 -46207.3 2903.74 361 461 1)
(106400 17139.4 55169 16 116 1)
(106403 -71302.3 -99755.9 283 383 1)
(106404 -6800.27 -145920 57 157 1)
(106418 298.648 35875 1 99 1)
(106435 -27110.6 -96830 595 695 1)
(106441 -8005.98 -121033 537 637 1)
(106448 53334.1 19097.6 477 577 1)
(106461 -39162.6 -43445 465 565 1)
(106462 -42231 -103865 380 480 1)
(106466 -34153.6 -67551.4 215 315 1)
(106467 -108526 -64451.4 1 93 1)
(106472 -109731 -67617.3 525 625 1)
(106479 93674.1 -95739.2 361 461 1)
(106489 -4821.49 -8076.47 585 685 3)
(106494 32223 -113704 1 101 1)
(106499 -60351.4 112610 150 250 3)
(106504 111515 -57361 49 149 1)
(106512 -61267.3 -59501.1 209 309 3)
(106513 50385 102513 360 460 1)
(106519 52435.9 6914.77 603 703 1)
(106526 -967.022 -129110 2 102 1)
(106530 52321.7 -6258.3 301 401 1)
(106531 91618.4 -54544.8 180 280 3)
(106540 -13028.8 71383.9 524 624 1)
(106543 -105595 -119802 257 357 3)
(106545 -83996 69201.1 385 485 1)
(106553 -61371.2 -60464 253 353 1)
(106557 -119682 38102.9 280 380 1)
(106561 -38230 -2131.2 326 426 1)
(106562 -62207 -13286.4 355 455 3)
(106564 -48213.7 -53502.5 496 596 1)
(106571 -102515 -132962 348 448 1)
(106577 65520.1 92286.1 297 397 3)
(106580 77471.5 92393.6 32 132 1)
(106583 -84484.6 -125992 328 428 1)
(106587 -7986.9 -88611.3 57 157 3)
(106596 -95752 24064.6 540 640 1)
(106626 -86523.8 -38330 325 425 1)
(106631 76623.2 76511.6 192 292 1)
(106644 81589.2 -66663.8 560 660 1)
(106647 22128.6 -9280.43 251 351 1)
(106650 -43229.7 -148.066 560 660 1)
(106654 -9968.09 3736.71 619 719 1)
(106663 -58260.1 63229.6 45 145 3)
(106671 118762 44141.6 212 312 3)
(106680 -48206.1 -89591.1 22 122 3)
(106683 -6025.53 96479.9 272 372 1)
(106689 -74383.8 -133912 215 315 1)
(106690 -104513 -114767 148 248 1)
(106695 11155 -71577.8 303 403 3)
(106696 -15014.3 -87716.1 223 323 1)
(106710 -25026.6 74319.5 234 334 1)
(106716 -66257.6 -72666.8 147 247 1)
(106720 7098.22 -33370.8 580 680 1)
(106726 -61325.6 -81622.1 234 334 1)
(106730 -36158.7 35083.5 360 460 1)
(106735 64433.9 -136907 179 279 1)
(106740 -8987.59 -81702.7 554 654 1)
(106741 41360.4 43166.4 598 698 1)
(106744 -42183.3 -143116 489 589 1)
(106751 -24083.8 -90755 315 415 1)
(106752 96594.2 -58354.8 321 421 1)
(106757 -39191.7 -17249.8 458 558 1)
(106760 -47112.2 145791 452 552 1)
(106763 -65505.4 -8243.09 629 729 3)
(106783 -4896.86 96479.7 418 518 1)
(106795 -89421.7 -93602.3 1 97 1)
(106796 2995.22 2854.86 312 412 3)
(106815 107642 54205.7 57 157 1)
(106817 28266.5 -22302.5 546 646 1)
(106825 -30096.4 92371.8 277 377 3)
(106828 -78395.5 -71534 168 268 3)
(106830 3132.12 46059.2 195 295 3)
(106833 -46179.7 23032.1 383 483 1)
(106836 -37220.4 -76711.5 291 391 1)
(106843 28210.7 -60474.2 161 261 3)
(106845 66414.8 -89592.4 37 137 3)
(106848 -103633 106568 486 586 1)
(106851 -124781 -77666.9 364 464 1)
(106853 29245.6 -148087 385 485 1)
(106858 -43174.2 136676 117 217 3)
(106862 79362.6 -26491.8 234 334 3)
(106863 87578.8 49127.7 207 307 1)
(106864 -65337.4 28017.1 294 394 1)
(106865 102899 -77483.2 461 561 1)
(106868 -55281.6 77409.6 598 698 1)
(106875 15046.7 -121012 595 695 1)
(106878 21178.1 105588 43 143 1)
(106883 63484 -112594 55 155 1)
(106884 -35220.3 128618 444 544 1)
(106886 -79475 -7192.91 529 629 1)
(106909 11147.3 -127917 357 457 3)
(106914 -4960.7 104539 359 459 3)
(106921 81394.8 -90548.5 22 122 1)
(106922 31367.2 9702.12 520 620 1)
(106945 64531.9 -32379.3 629 729 1)
(106960 -7001.42 42196.1 517 617 1)
(106961 -73366.4 -99746.9 235 335 1)
(106977 -120610 -48387 68 168 1)
(106986 -77394.4 -91593 261 361 1)
(106988 10114.7 -75537.5 69 169 3)
(106994 34221.8 -148232 464 564 1)
(106995 112689 -126835 129 229 3)
