(153000 -46210.3 55281.4 581 681 1)
(153004 114770 -139000 265 365 3)
(153009 9916.92 -1768 108 208 1)
(153011 -77475.7 -103876 594 694 1)
(153044 75467.1 -47386.2 38 138 1)
(153047 -13078.2 13884 471 571 1)
(153052 -87560 -74704.1 624 724 1)
(153056 -44311.1 106659 619 719 1)
(153063 -66251.8 145845 37 137 1)
(153073 7115.75 41167 485 585 1)
(153077 -33190.3 -23516.5 205 305 1)
(153085 98794.5 -96717.4 495 595 1)
(153091 -21095.6 -26345.3 134 234 1)
(153102 -19062.7 22010 356 456 3)
(153103 -115775 50000 165 265 1)
(153108 -77354.6 13923.2 54 154 1)
(153119 39277.7 -94643.1 155 255 1)
(153120 -21025.7 -81656.3 418 518 1)
(153124 101599 -22234.6 53 153 1)
(153128 92682.8 -145122 440 540 1)
(153138 -9973.68 -63574.6 503 603 3)
(153145 25186.7 66448.1 531 631 1)
(153151 -39169.5 -88711 255 355 1)
(153155 1023.7 -59449.6 148 248 3)
(153156 -78354 -106716 148 248 1)
(153160 -8041.16 -117817 116 216 1)
(153169 -104673 81333.3 481 581 1)
(153178 119835 -105851 255 355 1)
(153191 -100532 125658 235 335 1)
(153198 -98517.9 -44357.7 101 201 1)
(153204 56366.9 32993.4 297 397 1)
(153215 -37174.6 78353.4 320 420 1)
(153226 -108559 29011.2 66 166 1)
(153229 120897 -111920 541 641 1)
(153233 31343.4 93646.9 595 695 1)
(153235 18178.1 -95836.6 603 703 1)
(153239 73583 -146168 578 678 1)
(153241 -64309.8 -145957 191 291 3)
(153242 63448.5 -144055 371 471 1)
(153257 -23097.9 143664 117 217 3)
(153270 -68406.8 -59562.2 622 722 3)
(153273 40398.1 95669.8 619 719 1)
(153276 -49626.2 -43067.5 366 466 1)
(153279 92490.4 -80670 139 239 1)
(153291 -2084.32 -21276.1 149 249 1)
(153298 23200 -33326.8 249 349 3)
(153306 108740 55219.3 305 405 1)
(153309 -60198.4 93311.9 30 130 1)
(153319 -21069.4 -1108.23 86 186 1)
(153322 -27080.1 -95637.4 17 117 1)
(153329 37317.9 27041.6 311 411 1)
(153343 -18031.8 -41386.8 103 203 1)
(153346 -93582.7 8957.01 432 532 1)
(153349 -68324.7 -84568.3 121 221 1)
(153352 7120.25 101655 545 645 1)
(153356 -90469.4 3825.87 528 628 3)
(153359 102730 -117912 407 507 1)
(153362 103644 -69551.6 167 267 1)
(153365 2639.65 -81324.1 121 221 1)
(153370 -54322 -56481.2 343 443 1)
(153371 99662.9 -10206.3 427 527 1)
(153377 32268.6 -25318.5 199 299 3)
(153390 10135 88435 430 530 3)
(153393 12139.2 -98799.7 400 500 1)
(153405 20194.1 76353.1 325 425 1)
(153413 89466 86327.5 184 284 1)
(153422 80549.5 -82647.4 299 399 3)
(153426 56299.8 -24316.4 88 188 1)
(153431 -57310.9 -24260.9 387 487 1)
(153432 89629.9 3912.56 454 554 1)
(153444 122875 -120891 311 411 3)
(153453 -2012.11 -120862 387 487 1)
(153457 63417.7 -145068 372 472 3)
(153462 15152.4 -140929 156 256 3)
(153465 -9000.65 148840 501 601 1)
(153468 -67315.5 -45357.4 31 131 1)
(153475 66536.8 -56546.9 319 419 1)
(153476 39282.8 114542 156 256 1)
(153482 -31134.5 68401.4 402 502 1)
(153491 82621.1 -1149.05 463 563 1)
(153503 100594 86357.5 183 283 3)
(153505 42313.4 -72535.7 95 195 1)
(153508 42878.8 -90966.4 370 470 1)
(153512 3087.57 67319 558 658 1)
(153526 -55253.2 114574 91 191 3)
(153531 87617 116606 359 459 3)
(153535 67470.6 -84673.4 307 407 1)
(153543 117926 70441.7 183 283 1)
(153546 124988 90480.3 569 669 1)
(153547 -68390.4 -47446 206 306 3)
(153553 43204.9 -114860 64 164 3)
(153556 -117668 -30299.3 252 352 3)
(153567 85517.2 83439.1 160 260 3)
(153573 4474.17 -100878 506 606 1)
(153574 -86626.4 110339 128 228 3)
(153578 67518.9 72312.5 563 663 3)
(153592 40313.6 -9188.9 397 497 1)
(153599 -23948.1 -13269.3 102 202 1)
(153609 -20036.8 -119975 570 670 1)
(153617 -20076.1 -67636.6 418 518 1)
(153623 70505.8 -3146.32 332 432 3)
(153625 -32584.4 8606.24 454 554 1)
(153626 76208.5 136643 158 258 1)
(153628 16105 83432.3 103 203 1)
(153629 23110.8 24086.2 214 314 1)
(153634 96585.5 94384.3 74 174 1)
(153640 110720 -78578.3 216 316 1)
(153652 49313.9 -54369.2 7 107 1)
(153671 -63289.5 69391.2 336 436 3)
(153681 -99482.1 72286 61 161 1)
(153684 19884.7 -70327 294 394 1)
(153689 -64339.7 55225.4 148 248 1)
(153692 56425.2 -70569.4 277 377 1)
(153696 107411 76315.1 328 428 1)
(153701 109814 98513.5 210 310 3)
(153711 -8016.8 -54441.5 120 220 1)
(153719 35227.3 903.285 164 264 3)
(153726 -74504.2 -51455.2 492 592 1)
(153732 6151.33 -44420.5 353 453 1)
(153739 -55258.1 -66607 503 603 1)
(153741 -40181 -82637.9 297 397 1)
(153744 24264.1 106650 546 646 3)
(153749 -90464.7 -83695.4 336 436 1)
(153757 -97109.7 126677 507 607 1)
(153761 50411.4 -148073 343 443 1)
(153766 67367.7 -134981 597 697 1)
(153768 -85433.4 -38287.9 222 322 3)
(153784 123749 129624 93 193 1)
(153787 44348.4 20899.4 624 724 1)
(153795 40348.9 -141988 79 179 1)
(153805 -37213.3 -24447.8 248 348 1)
(153811 -20028.1 -102755 207 307 1)
(153817 54423.1 -115817 249 349 1)
(153818 -7970.86 21119 237 337 1)
(153827 118718 -31295.6 117 217 1)
(153829 -12020.9 -140925 127 227 1)
(153835 16832.7 -90849 404 504 1)
(153837 41311.4 -90701.5 324 424 1)
(153843 14297.6 51187.2 302 402 1)
(153850 -87485 12909 138 238 1)
(153853 4123.59 40180.1 399 499 1)
(153858 -61290.2 -63442.7 93 193 1)
(153859 35288.9 -111853 360 460 1)
(153863 70500.6 -63588 349 449 3)
(153874 2026.12 -17154.5 1 99 1)
(153881 84642.9 34143 393 493 1)
(153882 102784 -148146 387 487 3)
(153902 118768 -64531.2 201 301 1)
(153903 -58357 2879.82 519 619 1)
(153917 -18099.9 -6190.17 405 505 3)
(153919 113686 -108686 72 172 1)
(153929 88520.4 18918.1 136 236 1)
(153939 17154.2 61140.2 387 487 1)
(153941 10089.4 71575 373 473 1)
(153942 -25087.1 -123710 81 181 1)
(153946 -87426.7 -37302.1 85 185 3)
(153952 -79375.8 -74614.3 202 302 3)
(153953 28179.7 -60430.5 158 258 1)
(153958 83644.3 63262.6 64 164 3)
(153962 -41195.6 75339.9 323 423 1)
(153968 73597.5 -24352.9 593 693 3)
(153971 -118767 -91705.5 1 95 1)
(153977 -104576 -106721 352 452 1)
(153978 68538.2 -89745.8 488 588 1)
(153980 5095.59 -107810 430 530 1)
(153982 -82415.9 88272.6 181 281 3)
(153986 74470.9 -88631.4 102 202 1)
(153990 102798 54191.6 327 427 1)
(153991 -72282 -26389.4 153 253 3)
