(30006 -91472.1 -87622.4 155 255 1)
(30016 -91548.1 126694 564 664 1)
(30022 6110.08 -102818 549 649 3)
(30030 21168 -119037 613 713 1)
(30036 -69394.5 -49461.2 381 481 1)
(30042 -42195 -119898 480 580 1)
(30044 84486.8 53138.8 197 297 1)
(30046 13070.9 -29369 444 544 1)
(30048 -59248.2 -112811 303 403 1)
(30062 35286.9 -93540.4 38 138 3)
(30064 -114728 -106895 472 572 1)
(30065 -57264.3 -48441.8 301 401 1)
(30066 -23522.2 90791.4 472 572 1)
(30073 88631.6 52202.2 211 311 1)
(30095 21160.7 -67602.9 424 524 1)
(30100 -71382.1 55201.8 397 497 3)
(30122 90686.8 140013 623 723 1)
(30130 -3953.06 132863 557 657 1)
(30133 24185.7 -3158.74 414 514 1)
(30143 8106.25 -33296.9 98 198 1)
(30154 4945.71 -149110 572 672 1)
(30157 -68283.8 -135914 192 292 1)
(30165 53443.5 -106831 490 590 1)
(30168 -8979.69 -66542 226 326 1)
(30172 -98497.2 -44364.4 73 173 1)
(30176 -93406.8 139791 263 363 1)
(30179 -123812 -82673.1 569 669 1)
(30181 -65406.3 -55515 369 469 1)
(30207 113822 -21279.1 468 568 1)
(30208 40359.9 47192.6 544 644 1)
(30216 36355.7 -126915 502 602 1)
(30232 -98496.4 -130903 391 491 1)
(30241 -4042.35 21076.5 113 213 1)
(30243 -80461.6 65332.8 486 586 3)
(30247 15102.2 -67707.6 321 421 1)
(30268 76568.4 136736 327 427 1)
(30281 -5964.52 -33315.6 435 535 -1)
(30283 37335.3 -6172.9 606 706 1)
(30286 14027.2 5928.69 23 123 1)
(30287 -5059.45 6022.7 365 465 1)
(30289 78845.8 28121 203 303 1)
(30297 42230.4 -104841 437 537 1)
(30301 -55303.6 -25329.4 569 669 1)
(30310 -70314.5 -50387.7 75 175 1)
(30313 -53267.3 144641 10 110 1)
(30320 -105422 -12260.9 1 96 1)
(30324 -55288.1 -113680 180 280 1)
(30326 -5037.78 -89627.9 127 227 1)
(30329 25232.9 -92661.9 182 282 3)
(30330 7920.26 926.582 457 557 1)
(30338 12125 81459.2 127 227 1)
(30370 67563.1 108540 32 132 3)
(30375 32252.9 -91836.9 479 579 1)
(30377 26215.9 -44388.3 104 204 1)
(30384 29277.5 135718 387 487 1)
(30386 -10954.3 -26283.9 254 354 1)
(30388 27261.8 -121936 435 535 1)
(30397 -109582 -140826 35 135 1)
(30399 -37196 130794 413 513 1)
(30402 5075.51 126552 3 103 3)
(30405 1041.07 1877.98 53 153 1)
(30411 87639 89443.5 436 536 3)
(30418 70482.2 11954.3 272 372 1)
(30422 15130 13965.4 93 193 1)
(30439 -10087.4 78282.3 68 168 1)
(30444 -87463.3 -96781.7 328 428 1)
(30450 -94614.3 47222.1 598 698 3)
(30461 -14028.3 1866.86 567 667 1)
(30469 -120005 69391.8 591 691 1)
(30471 -55335.6 21020.5 324 424 1)
(30472 4082.23 34139.1 547 647 1)
(30482 -33435.3 122727 222 322 1)
(30484 -66377 -100835 516 616 1)
(30487 10314.4 -99659.3 89 189 1)
(30489 39261.8 25024 276 376 1)
(30494 93688.3 -125979 472 572 3)
(30507 60274.5 -90594.3 411 511 1)
(30512 -44193.2 -27255 30 130 3)
(30514 57440.2 -45416.7 338 438 1)
(30526 74562.1 -109890 332 432 1)
(30530 95726.3 -103829 498 598 1)
(30537 55409.6 125623 356 456 1)
(30541 -70405.1 -124812 197 297 1)
(30570 -39099.3 -54504.3 457 557 1)
(30572 100488 -11498.4 355 455 1)
(30583 106777 149976 306 406 1)
(30595 -33255.9 -94900.5 602 702 1)
(30612 -93465.1 -117.806 99 199 1)
(30613 4084.73 -6157.03 223 323 1)
(30621 46212.2 115474 241 341 1)
(30629 95642.7 139751 201 301 1)
(30636 -25135.3 103600 566 666 1)
(30645 124850 -40390 394 494 1)
(30653 106652 -56435.1 106 206 3)
(30656 -123666 142827 395 495 1)
(30665 -104637 -50374.7 362 462 1)
(30668 -52301.7 53236.8 495 595 1)
(30672 -96548.5 48169.5 401 501 1)
(30679 -25089.2 114567 310 410 3)
(30683 56382.9 146729 167 267 1)
(30693 -65387.2 29055.9 474 574 1)
(30696 -104530 -111754 166 266 3)
(30698 20179.1 -27298.6 228 328 3)
(30712 82544.8 137699 271 371 1)
(30719 32193.6 -131069 448 548 1)
(30729 -1907.56 47067.3 135 235 1)
(30742 13184 -58709.5 551 651 1)
(30746 88578.2 -24275.6 193 293 3)
(30749 -82284 -66474.5 1 94 3)
(30752 44366.5 18015.4 500 600 1)
(30759 18294.1 23091.2 484 584 3)
(30771 -96520.9 -142943 186 286 1)
(30773 -29226.5 -16379.2 468 568 1)
(30808 23189.8 4974.74 543 643 1)
(30813 85.1668 15958.6 521 621 1)
(30814 18209.2 33175.7 430 530 1)
(30815 -16005.6 126796 493 593 3)
(30823 30249.8 -20203.5 146 246 1)
(30835 -37192.6 -103812 620 720 1)
(30836 39268.9 8925.33 357 457 1)
(30843 236.51 -132938 335 435 1)
(30845 -27969.9 -121743 227 327 1)
(30846 44250.7 9187.7 444 544 1)
(30848 -37182.2 -124841 96 196 1)
(30860 115799 -86660.8 301 401 1)
(30861 -68350.2 -107810 312 412 1)
(30863 37316.6 -26321.4 482 582 1)
(30872 5271.13 65078.9 608 708 1)
(30884 -36164.4 -100731 224 324 3)
(30897 59466.2 3909.22 391 491 3)
(30902 -95610.7 10959 508 608 1)
(30903 66520.6 -72603.8 339 439 1)
(30904 3841.11 -77501.8 407 507 1)
(30906 92683.7 5153.7 78 178 1)
(30911 103743 6019.7 434 534 1)
(30922 -58255.3 -64497.8 234 334 1)
(30923 64603.1 18076.9 429 529 1)
(30935 49431.7 -19177.3 537 637 1)
(30936 107821 -50497.4 595 695 1)
(30954 58386.9 70268.9 26 126 1)
(30956 -95512.9 7944.21 430 530 1)
(30965 14200.1 33078.2 515 615 3)
(30971 11129.3 -51418.1 91 191 1)
(30976 -31151.9 25023.1 344 444 1)
(30980 -69427.4 -81659.6 501 601 1)
(30981 -64354 76323.5 136 236 3)
(30989 88573.8 100624 455 555 1)
(30992 19125 118513 8 108 1)
(30995 40318.4 15968 157 257 3)
(30996 -26256.8 5956.57 90 190 1)
