(151011 14140.4 67254.2 139 239 1)
(151017 95696.6 65289.1 474 574 3)
(151023 103.343 20985.4 343 443 1)
(151032 55440.6 -46275.1 310 410 1)
(151035 -84407.8 35072.9 45 145 3)
(151038 -46356.2 20968.6 413 513 1)
(151043 -80380.3 -75574.9 381 481 1)
(151077 19191.8 -75596.4 111 211 1)
(151081 -67358.2 -95729.5 303 403 3)
(151083 -25093 17004.1 419 519 1)
(151102 135.267 -52546 379 479 3)
(151104 100656 60216.8 211 311 1)
(151113 -121729 -31310.5 478 578 1)
(151117 -55257 7907.95 42 142 1)
(151125 -33137.4 -12254.7 312 412 1)
(151134 -90474.7 75297.1 247 347 3)
(151140 -54235.6 -94731.8 25 125 1)
(151146 -77381.1 -125833 159 259 3)
(151150 -16128.6 89356.4 416 516 3)
(151152 -105421 28334 492 592 3)
(151157 -82433.2 100408 116 216 1)
(151167 -17134.8 -42378.6 402 502 1)
(151169 -56342.1 136750 554 654 1)
(151170 6153.33 27158.8 302 402 1)
(151175 -69309.8 -63419.9 43 143 1)
(151179 20153.4 122135 432 532 1)
(151184 12178.6 -63598.8 538 638 1)
(151195 113851 114665 557 657 1)
(151213 29233.3 -45380.8 212 312 3)
(151224 95632.3 115568 247 347 1)
(151226 87709.5 79450.1 619 719 1)
(151234 -22050.6 -20288.3 270 370 1)
(151238 -7939.31 84296.9 133 233 1)
(151241 89514.4 41160.4 6 106 1)
(151243 -19051 -42423.7 468 568 1)
(151255 -44255.4 128637 189 289 3)
(151275 -63317.7 -50421.7 252 352 3)
(151294 -56323.3 -29416.7 151 251 3)
(151296 -116672 83423.8 324 424 1)
(151299 59437.5 143782 368 468 1)
(151301 38294.2 126733 493 593 1)
(151303 37262.8 106423 162 262 1)
(151310 -117704 -119834 271 371 1)
(151321 12238.4 -116188 506 606 1)
(151322 84581.7 -47430.4 329 429 1)
(151325 -9012.6 -144077 412 512 1)
(151326 36197.7 23077.3 323 423 1)
(151328 -9954.63 145838 528 628 1)
(151335 46363.7 -83709.4 384 484 1)
(151338 -98550.5 -75569.4 178 278 1)
(151345 24020.5 -50431.3 24 124 3)
(151347 -44215.2 100570 538 638 3)
(151348 -26211.5 102512 404 504 1)
(151352 -45230.8 -78641.9 382 482 3)
(151355 78320.3 4852.3 384 484 1)
(151359 -2944.67 -27693.5 145 245 1)
(151368 -80236.6 -52326.2 266 366 1)
(151376 -113631 -123.214 294 394 1)
(151377 -88492 -92711.8 316 416 1)
(151380 -14981.5 88358.9 154 254 1)
(151398 56487.1 -42329.7 63 163 1)
(151412 7974.13 83484.6 19 119 3)
(151415 -5824.9 -11103.5 568 668 1)
(151419 92751.6 42146.2 625 725 1)
(151434 -91561.4 17931.2 427 527 1)
(151439 -53569 89532.4 412 512 3)
(151444 -30217.9 109691 532 632 1)
(151446 106890 -61648 591 691 1)
(151450 -108549 -66473.7 34 134 1)
(151456 16175.5 -12224.8 241 341 1)
(151460 71689.4 -45595.1 437 537 1)
(151464 -77431.4 88444.7 324 424 1)
(151467 111741 -29266.1 80 180 3)
(151480 -17050.5 -124011 576 676 3)
(151484 69629.5 -140776 356 456 3)
(151494 111865 -5209.48 609 709 1)
(151497 -97611 -141127 566 666 1)
(151529 101032 -48580.9 362 462 1)
(151531 123211 -52438.1 252 352 1)
(151541 -28376.1 -126987 213 313 1)
(151545 3045.64 -104711 155 255 1)
(151547 57322.9 144770 429 529 3)
(151563 -59176.3 -49290.8 528 628 3)
(151566 -108918 53470 32 132 3)
(151573 -16077.1 -92816.4 593 693 3)
(151574 -45033.3 -47372.5 125 225 1)
(151577 17109.6 -33301.8 167 267 1)
(151582 -98462.5 -111712 111 211 1)
(151592 53467.1 -39392.9 556 656 1)
(151596 59576.8 -138095 581 681 1)
(151602 -51237.7 -94633.4 92 192 1)
(151603 84367.8 149744 55 155 1)
(151604 77577.9 -109847 487 587 1)
(151605 -121741 -149103 398 498 3)
(151610 -2927.29 1877.38 354 454 1)
(151613 107671 125582 126 226 1)
(151617 31322.2 -41447.1 564 664 1)
(151624 29208.8 -54416.7 98 198 1)
(151632 -52265.4 51183.6 286 386 1)
(151634 55465.3 86372.7 161 261 3)
(151638 -12015.1 48231.8 629 729 1)
(151648 -91568.7 -102855 567 667 1)
(151649 71491.6 -143993 259 359 1)
(151650 53405.6 -103796 371 471 3)
(151652 -96586.3 -45452.2 561 661 1)
(151659 -83393 -50313.1 37 137 1)
(151662 59438.3 -58490.4 278 378 3)
(151666 -68370 -30321.1 260 360 1)
(151675 -1929.35 -99684 283 383 1)
(151684 96742.1 -76661.3 552 652 1)
(151690 83532.9 86380.2 117 217 1)
(151702 -3884.61 70304 447 547 1)
(151704 10948.1 -150.213 459 559 1)
(151705 -115737 -80789.8 557 657 1)
(151713 55431.7 121672 209 309 1)
(151714 57512.5 105603 468 568 1)
(151715 -53182.1 1747 356 456 3)
(151718 80484.1 71271.7 32 132 1)
(151722 5076.6 -65531 278 378 1)
(151728 -86453.2 -144986 241 341 1)
(151731 -37210.2 -30372 527 627 1)
(151736 98653.7 -38776.5 280 380 1)
(151749 -78721.3 98584.6 534 634 1)
(151751 92558.2 -74564.4 147 247 1)
(151758 14082.4 14939 1 100 3)
(151759 -52238.3 -51389.2 185 285 1)
(151760 34319.7 -100638 244 344 1)
(151772 -80342.7 104464 39 139 1)
(151776 -10959.7 21935.2 48 148 1)
(151779 49385.9 119600 262 362 1)
(151785 -83430 66224.4 472 572 1)
(151788 20147.7 140730 345 445 1)
(151790 66431.8 21020.6 225 325 1)
(151794 -73461 30062.2 616 716 1)
(151802 39348.2 20978.7 504 604 1)
(151806 -945.849 19993.4 272 372 1)
(151811 -77405.7 96455.1 237 337 1)
(151812 -43184.4 917.26 503 603 1)
(151814 106494 -95511.3 76 176 1)
(151817 54411.9 13962.4 157 257 1)
(151820 61.4452 -11207.5 224 324 1)
(151841 -104524 81330.8 152 252 1)
(151844 -38127.7 -45418 340 440 1)
(151846 7101.31 -149988 149 249 1)
(151848 -48261.8 -122938 559 659 1)
(151849 87531.7 38106.7 147 247 1)
(151858 86641.1 -23205.8 381 481 1)
(151866 -20128.3 -93787.9 555 655 1)
(151867 -2962.53 -1144.72 65 165 1)
(151870 13076.5 29007.7 505 605 3)
(151875 -44210.6 -149939 53 153 1)
(151880 -64220.1 -82712.8 355 455 1)
(151882 19178.6 -49451.5 355 455 1)
(151892 -23069.3 32067.8 36 136 3)
(151899 60419.5 -42329 65 165 1)
(151903 -91522.4 51974.3 303 403 1)
(151908 105859 121676 568 668 3)
(151911 -18001.2 -74553.8 120 220 1)
(151912 55463.3 -76457 140 240 1)
(151913 95690 -39416.4 492 592 3)
(151923 9166.09 -55516.2 432 532 1)
(151927 -98694.5 141909 452 552 1)
(151931 62430.1 -56612.9 371 471 3)
(151937 73528.3 -10113 596 696 1)
(151941 -26116.7 44399.8 130 230 3)
(151947 86633.7 -48442 468 568 1)
(151952 -88503.3 20005.6 557 657 3)
(151961 -48255.6 42156.4 381 481 3)
(151969 -15041.7 -58456.3 162 262 1)
(151974 -69328.3 -142899 75 175 1)
(151992 50372.1 -75690.7 619 719 3)
(151993 -123655 1886.98 155 255 1)
(151997 -104806 -84647.8 192 292 1)
