(46002 68399.2 -11250.3 195 295 1)
(46007 -70410 -103773 376 476 1)
(46014 80597.2 4029.74 406 506 3)
(46028 66399.3 10921.5 147 247 3)
(46038 121709 -65572.5 13 113 1)
(46042 -22066.8 -83571.8 46 146 3)
(46048 -97502 96545.5 627 727 1)
(46049 -42179.2 -78547.3 77 177 1)
(46054 -25082.2 -122978 509 609 3)
(46057 -101574 95517.3 587 687 3)
(46060 -28082.1 -91829.5 507 607 1)
(46069 121.108 -63502.3 215 315 3)
(46084 97635.9 -121756 32 132 3)
(46089 -119768 -83727.3 570 670 3)
(46097 -120647 -118818 180 280 3)
(46098 -40156.3 32271.9 473 573 1)
(46101 -949.589 -27210.1 5 105 1)
(46120 -13138.9 4900.72 174 274 3)
(46125 -28019.9 -59459.4 50 150 1)
(46126 2059.98 137637 73 173 3)
(46135 64331.3 -43352 211 311 1)
(46142 117022 -51651.1 404 504 1)
(46145 -30149 -14241.5 613 713 1)
(46146 -47216.8 -98734.8 173 273 1)
(46147 33287.2 95519 544 644 3)
(46149 -11057.7 -146044 158 258 1)
(46150 57402.1 52123.4 188 288 1)
(46157 -98490 31059.6 150 250 1)
(46161 34145 -101868 12 112 1)
(46163 63449 47176.6 307 407 3)
(46168 81605.4 -81707.5 529 629 1)
(46171 116827 67387 346 446 1)
(46173 7116.67 139775 396 496 1)
(46175 -38057.5 -93125.3 255 355 1)
(46178 53451.1 57220.6 193 293 1)
(46194 -39203.3 -128945 323 423 3)
(46199 -67442.2 -48173.5 451 551 1)
(46200 11118.1 -7160.74 88 188 1)
(46212 11135.9 147714 167 267 3)
(46217 103726 -103752 367 467 1)
(46226 75350.9 -62650.7 160 260 3)
(46227 9019.59 -146056 348 448 1)
(46232 43220.8 -120777 8 108 1)
(46239 -113652 -30722.2 166 266 1)
(46240 14083.7 60210.2 200 300 3)
(46241 -43204.4 78355 262 362 1)
(46243 -66282 -83717.1 480 580 1)
(46244 14938.2 -135800 45 145 3)
(46249 61397.5 37093.3 119 219 1)
(46251 109650 -81575.9 2 102 1)
(46252 -106559 -80577.8 180 280 1)
(46255 -54269.3 -94695.1 124 224 3)
(46265 50353.7 -76630.4 268 368 1)
(46274 75472.9 -45509.3 494 594 1)
(46279 -14978.4 53156 94 194 1)
(46283 39347.2 -147185 575 675 3)
(46289 -51272 -37390.1 435 535 3)
(46300 -8513.42 -47571 337 437 1)
(46306 -39218.2 -25327.1 590 690 1)
(46307 -122754 -76661.3 492 592 1)
(46308 -29107.7 -12205.7 107 207 3)
(46312 -77329 -56451.5 128 228 3)
(46319 83508.4 105466 13 113 1)
(46328 21195.7 -118864 379 479 1)
(46330 -86504.8 -14233.4 273 373 1)
(46332 -91527.3 -12232.9 297 397 1)
(46340 -59334.6 16969.5 512 612 3)
(46357 -40199.9 -84695.4 576 676 1)
(46362 -78407 -109893 614 714 1)
(46363 93697 76283.5 22 122 1)
(46365 -8960.18 -110009 577 677 1)
(46376 114825 -6116.86 51 151 1)
(46378 -86398.7 -35325.7 235 335 1)
(46380 -93523.9 -121935 226 326 3)
(46391 -68398.5 -86691.6 421 521 3)
(46400 -37229.4 21066.3 566 666 1)
(46413 -119587 -89548.2 59 159 3)
(46423 -36194.1 -109953 617 717 1)
(46431 -20165.3 -134043 389 489 3)
(46434 65503.8 -55502.5 459 559 1)
(46439 107685 -104680 106 206 3)
(46441 -24078.7 -51420.2 162 262 1)
(46447 -14033.9 50218.5 619 719 1)
(46449 30341.1 36213.7 490 590 1)
(46455 9121.52 -30432.4 351 451 1)
(46458 26191.8 -59427.4 14 114 1)
(46461 121546 -135270 619 719 1)
(46465 -80506.4 18016.7 485 585 1)
(46467 29286.9 128795 608 708 1)
(46472 38273 -24257 158 258 3)
(46483 -42185.1 -60399.3 1 95 1)
(46503 -55350.5 -50341.6 558 658 1)
(46504 -102489 56206.8 38 138 1)
(46505 51.4021 140732 314 414 1)
(46509 -41051.7 -136944 229 329 1)
(46527 17150.9 58220.2 186 286 3)
(46529 -79386.6 -36213 162 262 1)
(46534 65409.8 -119740 129 229 3)
(46537 -38177 125740 356 456 1)
(46539 19205.4 -147088 487 587 1)
(46552 -104545 -69479 1 94 1)
(46558 85563.4 50178 190 290 1)
(46563 27250.2 -101666 1 101 1)
(46583 9902.01 -60625.9 420 520 1)
(46587 67527.6 29894 100 200 1)
(46600 -54157.8 -87677 288 388 1)
(46605 55428.1 84482.1 588 688 1)
(46606 -63399.3 18990 553 653 1)
(46616 117678 134638 157 257 3)
(46620 6121.02 -26329.2 182 282 3)
(46621 -101612 117625 404 504 1)
(46634 49399.5 -5159.96 396 496 3)
(46638 -109552 -66442.1 68 168 1)
(46642 107838 -19286.8 618 718 1)
(46649 23212.2 134719 180 280 1)
(46651 7102.37 -42348.5 87 187 3)
(46661 54449.4 -99787.7 533 633 1)
(46669 -72454.6 144842 526 626 1)
(46670 -80389.3 -27271.5 107 207 3)
(46671 -34117.8 11874.8 96 196 1)
(46677 30204.1 128585 48 148 3)
(46679 90601.3 -26196 26 126 1)
(46681 -110698 14941.4 467 567 3)
(46687 83631.4 12876.4 88 188 1)
(46688 109610 -87276.5 202 302 1)
(46705 -16009.5 146789 88 188 1)
(46710 24195.9 25079.9 271 371 3)
(46717 -111556 106472 87 187 3)
(46730 122847 -143.207 469 569 1)
(46740 -43195.7 -127979 402 502 1)
(46741 11121.5 -39381.9 302 402 1)
(46743 21192.3 -139877 75 175 1)
(46749 -124642 -31289.4 79 179 3)
(46752 -20061.9 21010.4 422 522 1)
(46762 46360.1 -114837 34 134 3)
(46774 -85521.8 18017.2 137 237 1)
(46776 72520.8 -82666.3 410 510 1)
(46779 -10276.8 -48494.6 292 392 3)
(46781 -58333.3 -10235.7 480 580 1)
(46785 3117.22 53281.5 546 646 1)
(46786 -11009.4 6900.8 496 596 1)
(46816 47369.1 -84710.4 461 561 3)
(46817 -32161.9 -96832.5 598 698 3)
(46819 -93422.7 128636 101 201 1)
(46823 88607.5 45144.7 336 436 3)
(46828 50424.3 -22296.2 565 665 1)
(46834 -39139.7 33069.5 368 468 3)
(46843 -62881.4 67332.4 420 520 1)
(46849 -69386.5 -52422.2 182 282 1)
(46854 -116585 19986.9 306 406 1)
(46865 82674.3 6792.35 543 643 1)
(46868 -104583 78336.4 176 276 3)
(46878 -13021.6 127745 555 655 1)
(46883 111870 -99838.7 593 693 1)
(46888 55559.9 -131043 459 559 1)
(46889 27227.7 -74566.3 204 304 1)
(46893 -22109 -27196.7 32 132 1)
(46895 -37185.9 -103845 541 641 1)
(46896 -22144.4 107443 95 195 1)
(46900 29221.9 -81588.9 144 244 1)
(46904 24222.2 -136140 615 715 1)
(46907 -121753 -78659.3 471 571 1)
(46910 -17046.2 -86542.1 1 95 1)
(46917 -32167.3 -134900 506 606 3)
(46925 -18061.7 -118973 579 679 1)
(46931 -3954.43 -89762.6 511 611 1)
(46936 20204 -111870 369 469 1)
(46943 63465.1 96527.5 254 354 1)
(46949 25177 -70536.7 215 315 3)
(46954 -4961.6 148932 347 447 1)
(46955 115210 733.034 254 354 1)
(46959 37344.9 -16130.1 529 629 1)
(46961 60515.1 -93827.7 595 695 3)
(46967 -39162.8 -124777 1 100 1)
(46971 85419.2 -22613.7 28 128 1)
(46980 39300.2 -121748 8 108 1)
(46981 -34180.4 -101793 541 641 1)
(46982 13151.7 129788 617 717 1)
(46987 21149 64428 221 321 1)
(46993 -112455 72235.6 30 130 1)
