(155004 117796 1844.33 311 411 1)
(155013 81573.4 23047.1 476 576 1)
(155018 100739 -84709.8 480 580 1)
(155032 -31144.2 -1100.84 181 281 1)
(155042 119797 94453.8 305 405 1)
(155055 32174.4 -104720 228 328 1)
(155060 -60339.7 130631 238 338 1)
(155063 -32037.3 127648 39 139 1)
(155071 -22043.3 -56515.1 443 543 1)
(155079 -4974.78 -92644.3 58 158 1)
(155099 -30440.6 -149061 433 533 1)
(155101 86701.5 -104832 420 520 1)
(155102 -84526.1 -56158.8 516 616 3)
(155104 -35172.2 -115872 241 341 3)
(155111 93691.9 49194 476 576 1)
(155128 13156 -24311.4 343 443 1)
(155130 -44249 12940.2 569 669 1)
(155133 -18059.7 -48451.2 455 555 1)
(155143 65381.2 -86843.1 478 578 3)
(155145 -28048.5 15947.3 421 521 3)
(155152 -94511.3 -106629 74 174 3)
(155156 23241.6 -22298.8 567 667 1)
(155157 31275.7 -130051 557 657 3)
(155191 -84418.6 -54458.7 219 319 3)
(155201 -32118.6 -42389.7 437 537 3)
(155203 22200.5 -80683.4 525 625 1)
(155205 110679 -27269.7 20 120 1)
(155216 68227.3 16992.3 33 133 3)
(155221 -4960.27 -60457 3 103 1)
(155222 7115.34 -4153.75 14 114 1)
(155227 -50590 96403.3 503 603 1)
(155238 21096.7 118233 377 477 3)
(155249 -88544.2 -78683.6 487 587 1)
(155250 93.3272 -103766 31 131 3)
(155255 28274.4 101506 577 677 1)
(155259 76525.1 -65568.4 343 443 3)
(155260 -74352.5 26024.4 58 158 1)
(155265 26249.8 -90655.7 241 341 1)
(155271 115820 -125091 469 569 1)
(155276 59496.9 94451.4 288 388 1)
(155280 18165.2 -141021 474 574 1)
(155282 -28114.1 15981.4 409 509 1)
(155288 -50180.9 -50995.7 247 347 1)
(155294 5171.97 -66298.2 167 267 1)
(155300 10100.3 -45365.1 70 170 1)
(155305 -10236.2 -36341.4 320 420 3)
(155306 35264.7 111583 427 527 1)
(155311 -10006.9 -112757 50 150 1)
(155317 -7296.77 -100696 567 667 1)
(155318 32164.9 22920.4 320 420 1)
(155320 39368.6 -34403.1 596 696 1)
(155323 -22099.2 -76525.6 63 163 1)
(155345 62441 9930.45 353 453 1)
(155349 55417.8 125718 521 621 1)
(155352 -55333.6 -50363.7 49 149 3)
(155361 -13034.3 -133006 445 545 1)
(155366 98893.8 -6055.79 560 660 3)
(155369 -123689 -17205.1 160 260 1)
(155379 -90447.5 33110.9 170 270 1)
(155383 -118369 128476 203 303 1)
(155385 -115324 -124901 291 391 1)
(155387 -29221.9 -14198 540 640 1)
(155400 19124.5 25081.9 43 143 1)
(155412 -86331 -25349 79 179 1)
(155421 23246.8 -19288.5 479 579 1)
(155426 31292.2 34056.2 536 636 1)
(155430 84623.1 72024.2 60 160 1)
(155431 -36179.2 -130935 311 411 3)
(155432 68454.9 64272.8 244 344 1)
(155436 -6989.95 1897.55 145 245 1)
(155441 43312.8 79464.7 247 347 1)
(155443 -43009.6 -130764 237 337 1)
(155445 15102.2 15969.7 190 290 1)
(155448 -90551.7 92438.2 207 307 1)
(155450 14154.3 -92692 145 245 1)
(155453 -40175.9 32066.1 45 145 1)
(155456 -49220.2 125524 62 162 1)
(155458 68425.1 29151.8 23 123 3)
(155473 -93493.7 -2143.55 327 427 1)
(155483 -60350.5 -145133 502 602 1)
(155485 -37079.6 -7105.44 121 221 1)
(155487 35322.3 -19227.6 395 495 1)
(155489 124750 36083.2 88 188 1)
(155494 8113.76 -115774 220 320 3)
(155503 -57490.6 36095 487 587 3)
(155519 -21099 66252.8 2 102 1)
(155521 -101597 -10236.7 526 626 1)
(155522 43292.9 -8173.51 105 205 1)
(155525 11007.9 -121806 13 113 1)
(155529 -82663.5 -79723.5 352 452 1)
(155531 61426.1 20003 152 252 3)
(155535 32207 -4181.62 75 175 1)
(155539 17181.5 -31361.4 511 611 1)
(155543 -78340.9 -13193.7 196 296 1)
(155545 -108530 -29287.5 158 258 1)
(155552 -16179.2 -111679 460 560 1)
(155553 49418.6 -26361.8 537 637 1)
(155555 -72410.7 -135948 366 466 1)
(155558 43316.3 -55491.4 463 563 3)
(155568 -29093.1 31069.8 473 573 1)
(155569 -51342.8 108554 446 546 1)
(155570 -78406.7 85372.7 256 356 3)
(155571 -919.95 109525 215 315 1)
(155572 101889 20240.9 120 220 1)
(155578 38261.6 -18220.6 48 148 1)
(155588 -59404.1 27075.7 394 494 3)
(155605 45383.5 13954.8 593 693 1)
(155608 -31123.6 -37365.7 221 321 1)
(155610 -23196.3 103444 62 162 1)
(155619 -117730 -62581.2 509 609 1)
(155621 76566.3 -115676 70 170 1)
(155623 -43167.5 9945.53 278 378 1)
(155624 -98682 -54496.9 505 605 1)
(155634 104651 -44518.3 214 314 1)
(155650 -69284.3 -11292 196 296 3)
(155651 -78427.5 14937.6 318 418 1)
(155652 -17027.7 -100755 339 439 1)
(155653 7074.52 109598 448 548 3)
(155656 73475.2 -37338.4 78 178 1)
(155671 -15012.7 55204.2 321 421 1)
(155672 -106516 -34296.7 27 127 3)
(155673 116865 -117896 352 452 1)
(155680 38321.4 93402.7 469 569 1)
(155681 -64243.1 79390 416 516 1)
(155683 80643 119668 551 651 3)
(155685 -123582 -122800 423 523 3)
(155688 95682.3 132625 176 276 3)
(155691 122903 73395.3 294 394 1)
(155697 17217.4 -74645.4 551 651 1)
(155702 -74403.5 -92703.9 428 528 1)
(155711 12103.1 6905.19 499 599 1)
(155723 29222.8 -101660 77 177 1)
(155729 -52287.7 -45440.3 406 506 1)
(155740 93756.7 -45425.3 548 648 1)
(155749 -2951.45 5886.71 543 643 1)
(155755 -56263.6 32067.9 78 178 1)
(155760 3097.31 -12224.9 557 657 3)
(155762 -113754 -38417.5 608 708 1)
(155763 -99535.6 87320.3 59 159 1)
(155766 -96589.3 14948.1 561 661 1)
(155771 28312.4 60314.5 571 671 1)
(155775 85655.1 -148166 536 636 1)
(155777 -101713 -5877.86 97 197 1)
(155784 31393.9 -88725 565 665 1)
(155785 6102.51 60283.5 347 447 1)
(155792 29169.5 -37353.5 392 492 1)
(155803 28255.7 15948.3 434 534 1)
(155813 -30136.9 -24289.5 373 473 1)
(155819 -93495.3 -37280.5 2 102 3)
(155825 -940.087 -53430 608 708 3)
(155829 -13146.9 48658 472 572 1)
(155833 -50212.4 -85605.7 46 146 1)
(155834 73527.8 -38384.6 346 446 1)
(155835 -46261.7 112375 5 105 1)
(155846 -36175.8 -6175.15 447 547 1)
(155850 -23104.4 -84707.6 511 611 1)
(155856 -66410.7 -27376.3 607 707 1)
(155869 -83396.3 144663 16 116 1)
(155877 18187.5 -67544.3 329 429 1)
(155886 78499.9 37099 83 183 1)
(155889 19262.2 117588 294 394 3)
(155892 51236.7 82741.7 457 557 1)
(155893 58434.6 116635 393 493 1)
(155905 6104.68 5907.65 225 325 1)
(155910 64543.9 144841 372 472 3)
(155913 -71414.1 -41424 500 600 1)
(155915 1930.83 -105737 126 226 1)
(155923 29251.3 -22278 346 446 1)
(155930 -34158.6 -132.121 195 295 3)
(155941 113780 -21272.7 368 468 1)
(155944 -92449 112517 33 133 1)
(155945 104677 141886 522 622 3)
(155955 110634 -38296.2 14 114 1)
(155956 69495.1 88337.1 232 332 1)
(155958 56392.9 106440 102 202 1)
(155987 1096.13 -99798.2 451 551 1)
(155998 48303 60228 28 128 3)
(155999 28271.8 -93749.3 339 439 3)
