(90002 -45189.9 -77577 144 244 3)
(90006 5115.41 72363.5 423 523 3)
(90025 9088.92 -36428.7 483 583 1)
(90031 -85400.4 98453.1 200 300 1)
(90036 91645.7 -37309.9 139 239 3)
(90042 -50237.4 119623 400 500 1)
(90044 25207.3 141706 194 294 3)
(90051 19183.8 -112842 346 446 3)
(90054 52418.2 30031.7 386 486 3)
(90061 3159.69 -65402.5 163 263 1)
(90073 21259.8 68596.9 545 645 1)
(90075 -30011.7 -65568.1 220 320 1)
(90078 -55348.5 -138091 551 651 1)
(90085 -90608.7 -119969 617 717 1)
(90089 -86409.9 101423 42 142 1)
(90093 -9972.85 76320.4 512 612 3)
(90095 16128.7 -34333.1 117 217 1)
(90097 -48266.3 -131850 133 233 1)
(90102 -105599 -103778 470 570 1)
(90113 -32166.9 63979.3 466 566 1)
(90121 3593.45 84257.7 100 200 1)
(90122 10136 -148168 605 705 1)
(90130 -89500.4 -59508.8 342 442 3)
(90164 23184.3 -84559.5 7 107 1)
(90172 77897.7 71421.7 247 347 3)
(90173 -52242.2 -32279.1 67 167 3)
(90176 77561.5 -39377.2 369 469 1)
(90180 37201.5 73412.5 216 316 1)
(90183 121885 -63561.4 462 562 1)
(90192 -16029.3 -23245.9 126 226 1)
(90194 113830 58188.1 343 443 1)
(90197 -31213.7 8879.91 488 588 3)
(90203 -41233.6 -33398.1 433 533 1)
(90209 -25102.4 -123996 532 632 1)
(90227 76594.1 -27307 367 467 1)
(90234 -64345.8 1851.73 379 479 1)
(90240 29271 -5222.73 561 661 1)
(90241 -32107.2 38112.8 406 506 3)
(90262 49357 73334.8 333 433 1)
(90263 8038.64 14965 10 110 1)
(90270 -3901.29 -12199.9 425 525 1)
(90277 -31096.8 5909.85 54 154 1)
(90284 45379.7 -65565 382 482 1)
(90291 -43381.9 46272.6 300 400 1)
(90307 55332.5 90449.4 187 287 1)
(90312 -19821 -134123 255 355 1)
(90316 -71359.1 -6217.08 378 478 1)
(90322 -43316.7 113633 568 668 1)
(90343 -106657 -18275.6 525 625 1)
(90345 98612.4 12972.6 94 194 1)
(90347 17103.8 5980.66 276 376 1)
(90349 9114.71 -82629.2 229 329 3)
(90358 -18997.4 40132.9 292 392 1)
(90359 -21030.8 -130791 58 158 1)
(90368 107685 18932.4 11 111 3)
(90378 86693.7 42030.8 230 330 3)
(90382 27254 44978.1 327 427 1)
(90383 34295.9 50198.7 435 535 1)
(90390 -110584 -46390.1 183 283 1)
(90394 -110558 -27288.3 180 280 1)
(90397 63428.2 -113796 222 322 1)
(90403 -51260.7 55215.6 288 388 1)
(90414 -91436.3 122654 487 587 1)
(90418 -120688 44177 8 108 1)
(90420 -109565 30065.2 122 222 1)
(90421 -18128.4 -70610.2 600 700 1)
(90423 14158 118527 40 140 1)
(90425 -101596 -54377.3 279 379 1)
(90428 95733.4 -128001 396 496 1)
(90431 -7998.49 -75606.9 319 419 1)
(90432 64386.6 -61318.8 383 483 1)
(90451 -9980.43 -53464.6 276 376 3)
(90453 -58289.6 -43417.6 407 507 1)
(90459 1841.6 71353.4 289 389 3)
(90463 32218.4 -43365.2 99 199 1)
(90472 -28120.1 -147006 259 359 3)
(90476 26203.3 -50357.4 152 252 1)
(90488 -66419.6 29118 608 708 3)
(90508 -8054.21 80270 38 138 1)
(90514 -66156.8 -115868 513 613 1)
(90521 -56266.5 112598 328 428 1)
(90522 -66450.8 -71728.2 532 632 1)
(90523 -53299.5 115605 338 438 1)
(90525 -39158.6 -138945 226 326 1)
(90541 5069.82 -140836 5 105 1)
(90542 74441.4 41139.7 1 97 1)
(90549 7103.48 8958.34 189 289 1)
(90553 -77478.5 52193.4 449 549 1)
(90555 -66445 -64593.8 585 685 1)
(90561 49361.4 73322.7 382 482 1)
(90566 124976 110619 597 697 1)
(90572 105715 1944.53 393 493 1)
(90575 19198 -94732.6 577 677 1)
(90581 121980 -33439.9 599 699 3)
(90587 107691 -142961 207 307 1)
(90596 -30122.8 -5145.82 169 269 1)
(90599 61331.1 -88679.8 30 130 3)
(90604 -35183.2 8872.08 428 528 3)
(90605 3078.17 -45428.1 614 714 3)
(90608 -80527.4 -24397.3 578 678 1)
(90614 15143.9 -82627.7 340 440 1)
(90615 11115.1 110687 629 729 1)
(90616 -103624 5877.68 487 587 1)
(90622 68513.2 72337.8 204 304 3)
(90625 85603.7 76396.7 345 445 3)
(90651 -50239.1 138668 158 258 1)
(90660 -73547.1 -126788 519 619 3)
(90663 -66684.7 -54649.5 552 652 1)
(90669 61441.7 29028.2 417 517 1)
(90670 -116758 32100.7 565 665 1)
(90675 -7061.67 -147132 416 516 3)
(90677 -57368.1 -67520.2 323 423 1)
(90686 88641.4 -76621.6 386 486 3)
(90693 -77404.3 -106774 256 356 1)
(90695 38500.8 -71882.3 386 486 1)
(90696 -94669 -101864 463 563 1)
(90699 -39806.3 -8172.25 123 223 1)
(90704 11177.7 129608 195 295 1)
(90713 109790 58243.3 170 270 1)
(90720 -20066.2 123709 550 650 1)
(90723 -42192.4 -48403.3 75 175 1)
(90725 114186 -48234.5 84 184 1)
(90731 -43230.5 -75626.8 302 402 1)
(90747 25177.3 -40361.7 25 125 3)
(90759 -6861.42 -6363.38 31 131 1)
(90778 -71417.8 -114816 386 486 1)
(90779 17109.1 -55477.6 50 150 3)
(90791 -10010.6 -4172.64 284 384 1)
(90795 -66366.1 107576 478 578 1)
(90796 87785.1 -58622.9 436 536 1)
(90809 10086.2 59236.5 118 218 1)
(90816 -22498.9 -141085 27 127 3)
(90817 -19093.4 -20354.6 535 635 3)
(90818 123870 -144083 416 516 1)
(90822 -102567 -81620.9 270 370 1)
(90831 114715 -11176.9 135 235 1)
(90833 -61385.2 19062.4 28 128 1)
(90855 -120969 66496.5 553 653 1)
(90856 36276 6909.43 226 326 1)
(90858 59726.3 66296.8 528 628 1)
(90859 -82532.8 56208.7 242 342 1)
(90865 8106.92 88366 132 232 3)
(90869 30213.1 7945.25 4 104 1)
(90874 19057 -37368.1 1 93 1)
(90879 -78417.7 8932.66 374 474 1)
(90886 -34161.8 -76663.1 483 583 1)
(90897 44299.2 -135786 52 152 1)
(90898 98753 -99744.2 549 649 1)
(90900 -119802 77410.5 593 693 1)
(90903 -36140 69323.2 399 499 1)
(90913 -117600 48145.9 80 180 3)
(90914 -86537.8 -54526.7 223 323 1)
(90916 1091.63 -24244.7 594 694 1)
(90928 -84611.6 -23205.6 543 643 1)
(90929 -102670 135464 266 366 1)
(90933 -79376.7 121528 13 113 1)
(90934 40312.2 -8183.01 337 437 1)
(90935 -40126.8 -108857 396 496 3)
(90936 -100504 -61453.1 98 198 1)
(90937 116952 24006.5 524 624 1)
(90942 -16026.6 68481.4 175 275 1)
(90953 -120762 16995.5 295 395 1)
(90956 4091.86 105548 440 540 1)
(90966 -53612.9 -84493.2 17 117 1)
(90975 19137.4 -59514.2 502 602 1)
(90976 -10970.6 72370.3 275 375 1)
(90977 117895 -2153.84 597 697 1)
(90980 5033.14 146881 472 572 3)
