(92007 25231.4 110595 605 705 1)
(92012 -43135.3 2893.49 352 452 1)
(92013 -32070.5 25964.9 439 539 1)
(92020 -16040.5 -8139.66 258 358 3)
(92025 18101.5 -79637.6 515 615 1)
(92028 85479.1 -33303.9 118 218 1)
(92037 15148.4 97446.4 245 345 3)
(92041 -17050.3 9941.22 79 179 1)
(92042 77589.7 -102773 448 548 1)
(92044 32346.4 129699 489 589 1)
(92050 11169.2 -71613.3 422 522 3)
(92051 -117700 124674 393 493 3)
(92057 -16041.8 -20242.6 188 288 1)
(92060 -95991 102313 154 254 1)
(92067 91648.4 -119898 367 467 1)
(92069 -104533 -66477.6 11 111 1)
(92070 -92670.2 79818.8 625 725 1)
(92074 113750 101330 607 707 1)
(92080 37338.4 -24245.4 534 634 1)
(92082 -57334 -120880 332 432 3)
(92092 94851.9 -4122.39 408 508 1)
(92102 -34971.5 83285.5 330 430 1)
(92107 -18167.7 -101570 299 399 3)
(92108 -35118.4 117543 212 312 1)
(92119 -38149.8 -64549 314 414 1)
(92124 -19150.5 -141107 467 567 3)
(92131 -27098.3 16946.8 537 637 1)
(92143 -123795 -12251.2 593 693 3)
(92151 -103426 -111743 129 229 3)
(92154 -81635 -101905 420 520 1)
(92172 -16965.2 14874.5 548 648 1)
(92178 -57216.2 145672 70 170 1)
(92180 65532.4 -62557.7 328 428 1)
(92182 -68364.8 66200.1 290 390 3)
(92184 111751 -22283 231 331 3)
(92194 -54360.7 -82745.4 269 369 3)
(92195 82607.5 -60509 333 433 1)
(92197 99755.5 -10213.2 577 677 1)
(92213 52497 20997.5 572 672 1)
(92217 -89486.9 -141967 319 419 1)
(92219 -6988.23 10943.3 8 108 1)
(92221 -5986.45 -131959 352 452 1)
(92222 2082.16 -64588.3 551 651 1)
(92237 -85455.7 41162.6 375 475 1)
(92239 -9992.02 -89589.4 15 115 3)
(92249 60402.3 39105.1 147 247 1)
(92259 -97546.1 -106827 322 422 3)
(92271 -31104.3 31113.9 457 557 1)
(92272 -34161.5 67332.8 626 726 1)
(92282 -34098 76426 547 647 1)
(92293 -99567.5 -67364.1 228 328 1)
(92300 49350.4 130671 236 336 3)
(92304 11100.3 -93655.8 83 183 1)
(92317 22314.7 144935 494 594 1)
(92326 45316 -90669.9 239 339 1)
(92328 -94485 -46381.1 191 291 3)
(92331 -124682 10924.1 168 268 1)
(92337 -4031.04 -64846 432 532 3)
(92340 114868 -48477.3 541 641 1)
(92342 94695.8 41137.2 350 450 3)
(92347 120805 -86635.3 262 362 1)
(92348 95628.8 40122.1 230 330 1)
(92350 76594.7 90588.1 248 348 1)
(92351 -114729 -15244.6 500 600 1)
(92353 101806 108588 601 701 3)
(92358 -119697 -99781.1 450 550 1)
(92359 -86389.8 -29728.8 386 486 1)
(92366 -45238.1 131642 127 227 1)
(92373 -24149.2 -22124 525 625 1)
(92375 14058.6 -74556.7 498 598 1)
(92388 -102756 27978.2 1 96 1)
(92392 5090.8 -120934 271 371 1)
(92398 -5953.29 -86633.5 610 710 1)
(92403 -86541.6 -11183.3 273 373 3)
(92409 1042.48 -74478.6 90 190 1)
(92418 -29130 -14264.2 553 653 1)
(92432 101694 -126917 235 335 1)
(92433 66414.8 16438.6 505 605 3)
(92440 -124768 -32320.3 403 503 1)
(92449 22144.4 55162.7 142 242 3)
(92453 -73346.7 -30280 326 426 1)
(92458 78534.5 5062.82 52 152 1)
(92471 -9999.65 22030.9 498 598 1)
(92474 -31125.6 -112742 30 130 1)
(92475 118701 18978.8 48 148 1)
(92477 -17054.5 113601 384 484 1)
(92478 -23106.1 91434.7 406 506 1)
(92490 29247.8 97482.4 325 425 1)
(92491 48292.5 -37299.3 2 102 1)
(92492 84634.4 -136116 557 657 1)
(92505 -15017.9 36114.9 366 466 1)
(92506 -25948.8 20896.5 85 185 3)
(92512 -24045.9 60231.4 180 280 1)
(92517 -53263.7 122735 324 424 1)
(92520 47372.4 -33074.2 127 227 3)
(92531 -123838 -58487.9 603 703 1)
(92532 -32108.9 100437 139 239 3)
(92535 -40186.9 -125046 537 637 1)
(92544 -54342.9 -32340.2 618 718 1)
(92545 -22090.3 -40352.1 83 183 3)
(92555 -63299.7 14906.9 194 294 1)
(92557 119033 29235.1 270 370 1)
(92560 109671 -71537.4 189 289 1)
(92561 -115791 -60410.6 463 563 1)
(92565 -19969.5 -132858 82 182 1)
(92570 69454.4 -81578.1 139 239 1)
(92571 -124677 -12294.1 65 165 3)
(92579 -79466.5 -32384.3 549 649 1)
(92588 10159.7 -135026 435 535 1)
(92591 45295.2 -65543.6 196 296 1)
(92594 19171.1 -12235 402 502 1)
(92598 -47234.3 -89651.8 343 443 1)
(92606 8194.84 -47431.2 308 408 1)
(92629 117688 -120906 118 218 3)
(92634 14213.2 -115797 133 233 1)
(92639 -73200.9 65004.6 105 205 1)
(92644 -24174.7 -80749.5 507 607 1)
(92646 55465 -82572 479 579 1)
(92648 -122622 -74869.2 45 145 1)
(92653 -1.88781 119514 40 140 1)
(92654 -37166.6 61301.8 497 597 1)
(92659 122863 133765 625 725 3)
(92661 3087.47 64245.8 151 251 1)
(92662 -74435.7 119633 358 458 1)
(92677 30279.2 -111854 304 404 3)
(92678 7961.61 140877 602 702 3)
(92691 -75370.5 -22258 165 265 1)
(92693 96628.8 -18158.2 246 346 3)
(92701 -39272.1 -29280.4 217 317 1)
(92702 49280.8 57169.2 135 235 1)
(92708 -60232.5 -115813 137 237 3)
(92710 -5973.09 -12199.9 233 333 3)
(92711 -32194.2 69374.2 627 727 1)
(92715 -51243 -105737 209 309 1)
(92719 107676 -4145.91 159 259 3)
(92721 29284.6 -25243.5 49 149 1)
(92737 -56284.8 -144002 267 367 3)
(92741 104789 -108729 116 216 1)
(92752 60404.7 61275.9 206 306 3)
(92753 -4971.15 85341.1 1 93 1)
(92755 -83514.3 -140118 554 654 1)
(92761 44331.1 15966.1 270 370 3)
(92768 -114614 -35331.8 194 294 3)
(92780 -99638.8 -18205.1 208 308 1)
(92783 14291.7 70295.8 257 357 1)
(92786 46309.7 -132031 11 111 1)
(92787 70490.1 -86661.1 269 369 3)
(92791 -72365.1 -74562.3 251 351 3)
(92796 36153 -115819 190 290 1)
(92797 66498.8 -65561.5 403 503 1)
(92799 110005 -33652.6 526 626 1)
(92805 6091.11 -60429.6 16 116 1)
(92811 -42163.4 11937.7 218 318 1)
(92817 -16015.9 64344.8 283 383 3)
(92818 57432.6 33194.1 29 129 1)
(92819 101683 99610.2 554 654 1)
(92832 -80446.3 75395.1 391 491 1)
(92835 5126.53 -23276.4 243 343 1)
(92850 -100498 -79558.5 83 183 3)
(92852 -37141.2 -42321 29 129 1)
(92873 -32936.9 -121951 355 455 1)
(92885 27141.3 39134.4 188 288 3)
(92888 21140.7 52458.1 615 715 3)
(92897 80494.1 100494 267 367 1)
(92899 -85597.6 -1163.94 445 545 3)
(92910 76521.9 -43386.6 209 309 1)
(92911 -33185.2 -42435.5 546 646 1)
(92916 21184.2 -21277.1 332 432 1)
(92919 -47205.2 107432 254 354 3)
(92928 27226.6 46140.4 118 218 3)
(92934 -91562.2 -39404.4 404 504 1)
(92945 80634.9 -61522 347 447 3)
(92948 73468 -85566.5 64 164 1)
(92951 -26116.6 -134052 551 651 1)
(92955 -94640.5 -119958 561 661 1)
(92960 7936.87 873.338 178 278 1)
(92962 -106551 -27262.8 69 169 1)
(92967 -52298.7 108432 242 342 1)
(92970 -14022.6 138890 526 626 3)
(92975 109797 74359.6 432 532 1)
(92981 59430.7 -36340.4 270 370 1)
(92999 17210 48202.8 170 270 1)
