(5002 109721 33111.2 109 209 3)
(5007 -95580 24025.7 519 619 1)
(5012 -22113.5 -111097 620 720 1)
(5029 11128.9 133694 242 342 1)
(5034 25302.5 -44378.6 517 617 1)
(5043 89577.4 -35335.3 182 282 3)
(5047 -27098.1 34077.3 61 161 3)
(5050 -3950.59 -45389.1 208 308 1)
(5051 -22089 -83543.8 1 99 1)
(5052 -51373.7 -83887.3 604 704 1)
(5060 61444.4 -58552.3 512 612 1)
(5061 -77427.2 -94762.5 450 550 1)
(5069 111659 -39374.8 207 307 1)
(5081 -62380 -16251.8 615 715 1)
(5095 -18195.2 -46510.7 576 676 1)
(5098 54346.9 890.212 373 473 3)
(5102 -44220.4 -91702.3 389 489 1)
(5109 68398.1 -86603.6 77 177 1)
(5110 51.2149 103524 253 353 1)
(5113 -27073.7 24986.5 161 261 1)
(5117 20738.1 78495.3 86 186 3)
(5147 42298.6 7894.57 290 390 1)
(5168 -34238.9 94402.5 18 118 1)
(5171 95846.8 -11106.3 471 571 1)
(5173 -109670 -120977 466 566 1)
(5184 49371.7 -19230.2 454 554 1)
(5195 -49291.1 9856.08 423 523 1)
(5199 -103630 -83581.2 425 525 3)
(5202 -92467.9 -93669.1 233 333 1)
(5203 -24107.2 6890.55 177 277 1)
(5204 104139 -119661 213 313 3)
(5208 -109910 -13171.1 44 144 1)
(5211 -33150 -61551 440 540 1)
(5226 -18964.4 -3385.12 608 708 1)
(5244 -107615 -88689.8 314 414 1)
(5248 -85307.1 -109752 404 504 1)
(5254 -36125.6 12459.8 23 123 1)
(5262 -88406 25194.5 168 268 1)
(5267 38250.3 -72543.9 49 149 1)
(5280 65513.9 76327.3 209 309 3)
(5281 -2947.73 50181.6 286 386 1)
(5284 121603 30775.1 124 224 1)
(5293 10410.6 93327 7 107 1)
(5303 10179 78395.4 497 597 1)
(5308 -49249.9 -10168.2 103 203 1)
(5330 70565.6 -116931 522 622 1)
(5334 -71462.9 -60170.1 85 185 1)
(5339 -32193.2 -32262.9 318 418 1)
(5343 27239 -126923 297 397 1)
(5347 -9963.28 -8225.65 445 545 1)
(5354 61640.8 -147979 457 557 1)
(5359 -17036.4 140635 52 152 3)
(5360 118736 -49402 131 231 1)
(5361 -73133.5 17208.4 184 284 1)
(5368 124799 145680 97 197 3)
(5370 -120765 -46459 495 595 1)
(5387 15234 -97851.6 623 723 3)
(5388 -101100 6189.13 30 130 3)
(5396 -7993.93 -119032 459 559 3)
(5397 105718 -132833 58 158 1)
(5411 -104550 -117807 223 323 3)
(5416 -11019.9 50168 275 375 1)
(5424 106875 -10150.4 205 305 3)
(5428 106858 -105848 515 615 1)
(5432 38289.4 81368.7 63 163 1)
(5440 -7034.97 -76666.8 524 624 1)
(5450 -47270.3 -9290.49 33 133 3)
(5451 38290.4 -44384.6 229 329 3)
(5459 60441.8 145720 282 382 1)
(5461 62611 102980 367 467 1)
(5465 -7955.82 71354.6 280 380 1)
(5471 89638.6 -9207.82 322 422 1)
(5477 -73365.1 -116926 369 469 1)
(5478 33283.4 -15258.2 250 350 1)
(5481 110763 46384.1 412 512 1)
(5482 -35105.4 -89585.1 51 151 1)
(5483 116013 101663 610 710 1)
(5484 -50271.3 16938.3 278 378 1)
(5486 34365.8 -96866.3 539 639 1)
(5488 45393.1 -5185.1 56 156 1)
(5490 76498.5 -22245.8 117 217 3)
(5500 71398 -116859 54 154 3)
(5530 -120574 -1123.55 3 103 1)
(5537 -19025.7 -81587.8 53 153 3)
(5539 -124833 -147215 581 681 1)
(5541 85626 -41451.7 629 729 3)
(5547 109827 82416.1 367 467 3)
(5548 55455.6 -14253.6 539 639 3)
(5552 83539.8 -46393.9 140 240 1)
(5560 -35285.7 -81705.7 589 689 1)
(5563 104818 -9076.77 349 449 1)
(5564 8115.91 -149053 246 346 1)
(5576 -80459.9 64357.3 373 473 3)
(5577 69461.5 -94761.4 86 186 1)
(5578 93672.7 -100785 406 506 1)
(5579 8258.56 -39380.3 134 234 1)
(5583 -35139.2 131808 588 688 3)
(5601 -85415.2 146694 105 205 1)
(5607 -2997.63 -123893 248 348 1)
(5608 16185.1 107618 599 699 3)
(5612 -38127.5 21014.6 7 107 1)
(5623 2027.06 -75606.1 623 723 3)
(5625 -56163.2 -4871.43 168 268 3)
(5630 -9960.1 -109801 210 310 1)
(5638 -73196.7 -5235.7 78 178 1)
(5650 -52240 -94635.4 66 166 3)
(5654 32734.7 5858.64 476 576 3)
(5657 -76466 -148918 34 134 3)
(5658 -102348 80187 153 253 3)
(5665 -57302 20997.8 360 460 1)
(5677 -85540.1 110532 407 507 1)
(5680 50379.8 22017.3 357 457 1)
(5682 -29139.2 -88732.5 390 490 1)
(5686 -48250.9 -4192.67 541 641 1)
(5688 -78504.9 7886.96 547 647 1)
(5692 57644.2 -25303.1 558 658 1)
(5697 80587.5 -22262.2 324 424 3)
(5698 -22869.4 -33270.1 177 277 1)
(5702 67370.9 -20224.2 51 151 1)
(5713 -82465.9 6975.9 273 373 3)
(5727 12148.5 -122866 246 346 3)
(5729 -26136.4 -24326.5 536 636 1)
(5752 -34194.2 -75656 582 682 1)
(5769 -98537 44142.9 287 387 3)
(5774 105812 -49498.6 598 698 1)
(5779 37392.1 75395.5 432 532 1)
(5782 73574.1 -59522.8 531 631 1)
(5784 -96568.9 8903.83 576 676 1)
(5789 42388.9 7895.33 545 645 1)
(5790 -14143.6 -92587.7 384 484 1)
(5792 -24099.1 99515.7 408 508 1)
(5802 -14001.8 -88703.6 329 429 1)
(5803 107719 -137.573 233 333 3)
(5805 -48473.2 106533 109 209 1)
(5808 82679.7 -99669.9 555 655 1)
(5813 -44172 -112758 242 342 1)
(5824 -29106.8 -24257.9 121 221 1)
(5844 92582.3 -51349.1 11 111 1)
(5851 -22136 74508.8 600 700 3)
(5852 -8031.81 -122873 581 681 1)
(5857 38437.9 21131.6 211 311 1)
(5871 -40080.6 -33380.1 323 423 1)
(5872 37277.4 -16251.2 355 455 3)
(5875 56431.2 75343.9 437 537 3)
(5889 117844 -118927 452 552 1)
(5894 14142.5 139670 58 158 1)
(5901 -14991.1 -13145.7 107 207 1)
(5904 23248.8 140750 219 319 1)
(5908 102694 -104752 149 249 1)
(5917 67541.1 65255.2 567 667 1)
(5926 111879 -41276.6 390 490 1)
(5937 -11074.5 -81686.9 440 540 1)
(5945 -92492.4 -131901 236 336 1)
(5957 30394 -53474.1 292 392 3)
(5960 11120.5 -13185.4 160 260 1)
(5961 2074.14 84446.7 54 154 3)
(5966 56540.9 -26724.4 568 668 3)
(5972 65548.1 140887 286 386 1)
(5984 69425.3 -55449 33 133 3)
(5989 9145.94 88468.9 545 645 3)
(5998 -96509.7 -97691.4 200 300 1)
