(140001 19184.1 55210.9 292 392 1)
(140007 -79391.3 -1155.32 60 160 1)
(140009 120602 -91666.8 36 136 1)
(140027 -38084.3 -57491.4 240 340 -1)
(140030 -24191.9 16503.5 601 701 1)
(140035 -101592 -28327.2 411 511 3)
(140036 83638.4 53243.6 429 529 1)
(140040 -57281.2 102505 301 401 3)
(140045 31230.6 -148058 5 105 1)
(140051 122777 -46339.1 168 268 1)
(140054 -40125.1 -92647.3 80 180 1)
(140056 -97571.9 -45429.2 494 594 1)
(140072 -114608 -101740 184 284 1)
(140083 4063.98 -97729.5 293 393 1)
(140084 105744 40132.7 417 517 1)
(140090 123941 -27416.3 551 651 1)
(140093 26190.1 -78543.6 21 121 3)
(140104 103754 -50383.9 378 478 1)
(140113 32309.6 8861.61 628 728 3)
(140117 -114680 -55430.9 350 450 1)
(140130 17193.8 -142129 547 647 1)
(140143 77563.9 -75632.2 424 524 1)
(140150 -43262.7 17971.4 608 708 1)
(140151 58372.9 -94687.9 66 166 1)
(140152 -24085.1 -22299.9 490 590 1)
(140156 77567.4 20994.6 445 545 1)
(140177 122855 38104.8 404 504 1)
(140180 34300.4 -4128.3 524 624 1)
(140185 -19008.5 -25320.3 570 670 1)
(140190 73667.2 -108023 356 456 1)
(140197 35268.6 -22268.3 276 376 1)
(140202 -2947.73 28049.9 587 687 1)
(140205 91629 -31530.2 58 158 3)
(140206 -31226.5 12995.7 1 99 1)
(140217 45315 -52744.5 72 172 1)
(140218 -83478.9 -53438.7 308 408 1)
(140220 79481.2 64234.6 32 132 1)
(140226 -37085.5 72205.1 156 256 3)
(140240 -2933.26 109615 547 647 3)
(140245 103766 7847.54 426 526 3)
(140249 86511.7 -57355.1 1 100 1)
(140253 -63281.1 136675 197 297 1)
(140254 37254.2 -93652.1 179 279 1)
(140261 11121.4 -34302.5 1 101 1)
(140275 -77402.9 55219.6 286 386 1)
(140281 106771 -108851 454 554 1)
(140283 -117362 69070 490 590 1)
(140285 -60223.4 -82716.7 197 297 1)
(140293 -98495.3 -123761 95 195 3)
(140294 93604.3 74308.8 184 284 1)
(140305 -85467.8 1884.17 224 324 3)
(140317 61591 28096 599 699 1)
(140332 -44222.8 33030.6 554 654 3)
(140338 97735.1 -78697.1 600 700 3)
(140339 58405.1 -148920 405 505 1)
(140343 121708 5925.39 37 137 1)
(140353 -72467.2 125643 359 459 1)
(140358 -119735 3831.45 328 428 1)
(140361 11106.5 140784 242 342 1)
(140364 -118661 13976.8 195 295 1)
(140370 77045.3 -94823 551 651 1)
(140375 34284.5 -118787 516 616 3)
(140380 88783.3 24013.8 65 165 1)
(140395 -117614 -117808 80 180 1)
(140397 47463.7 -81530.6 420 520 1)
(140400 16119.7 -139868 53 153 1)
(140403 39283.6 54267.1 254 354 3)
(140406 -8940.31 24999.7 329 429 3)
(140409 -71444.6 -77665 309 409 1)
(140428 101038 60317.5 283 383 3)
(140432 -121604 -31490.4 1 93 3)
(140433 -12025.9 -92694.9 254 354 1)
(140438 -111732 -9094.19 305 405 1)
(140443 60394.6 51168.6 308 408 3)
(140446 98727.5 -6218.92 431 531 1)
(140447 -51232.8 143711 1 101 1)
(140452 -10025.7 34084.6 456 556 1)
(140467 -51232.1 -3134.27 76 176 1)
(140472 87533.5 139670 202 302 1)
(140473 -41233.1 98368.2 17 117 1)
(140477 -82354.9 -85577.4 7 107 1)
(140479 -17032.8 -107707 33 133 1)
(140506 -27095.7 -29278.2 88 188 1)
(140513 -74288.1 17687.6 199 299 1)
(140517 79487.7 -27290.9 100 200 1)
(140518 -84490.9 -71641.8 487 587 1)
(140526 78497.7 -31306.6 35 135 1)
(140536 -118702 -124917 368 468 1)
(140539 -112669 -115875 390 490 1)
(140561 -3944.87 -20294.1 565 665 1)
(140573 49299.4 -113747 71 171 1)
(140574 -9951.91 -98799.8 327 427 1)
(140575 13099.3 -28123.8 58 158 1)
(140577 112702 -38305 188 288 3)
(140578 105830 -76507 351 451 1)
(140579 -84498.2 120673 357 457 1)
(140589 57452.7 72353.7 573 673 3)
(140593 120836 -39300.8 244 344 1)
(140598 -44375.5 42103.1 12 112 1)
(140601 123830 -55514.3 310 410 1)
(140604 11045.1 17991.8 71 171 1)
(140606 -20087.3 -16250.8 455 555 1)
(140609 -68442.5 82474.3 459 559 1)
(140620 -24099.7 -11149.9 132 232 1)
(140623 19180.3 77359.3 428 528 1)
(140629 -31121.2 -146089 431 531 1)
(140632 -70471.9 -135075 519 619 1)
(140638 82680 76232.3 322 422 1)
(140646 -27114.8 -139122 581 681 3)
(140657 -66591.4 20930.1 539 639 1)
(140660 -105689 -38473.9 492 592 3)
(140661 -69511 11951.6 502 602 1)
(140671 82664.3 -144095 373 473 1)
(140676 -35810 129646 277 377 1)
(140678 -90508.6 45128.1 202 302 1)
(140680 8149.94 -41438.9 492 592 1)
(140681 81533.4 -76583.7 112 212 1)
(140688 -14029.3 6993.77 609 709 3)
(140691 -13022.3 -80561.8 16 116 1)
(140696 -49220.3 127616 185 285 3)
(140697 -44206.6 7920.62 226 326 1)
(140698 -72276.3 -21266.5 622 722 1)
(140704 91599.2 -24274 191 291 3)
(140718 122951 -72720.5 532 632 1)
(140730 -5968.79 -134049 618 718 3)
(140739 94677.2 9054.27 300 400 3)
(140740 -49247.4 -62529.7 372 472 3)
(140743 17162.4 85366.3 186 286 3)
(140745 27245.3 41140.3 457 557 1)
(140749 -35172.4 -51501.2 539 639 1)
(140750 -76443.8 -104831 470 570 1)
(140753 113742 17087 68 168 1)
(140764 41342.5 -149206 310 410 1)
(140776 1036.7 -114653 64 164 3)
(140782 -98629.2 10908.1 595 695 1)
(140786 58447.6 -82721.6 450 550 1)
(140788 -10044.4 -71692.5 326 426 3)
(140791 60375.8 -102674 63 163 1)
(140792 -114620 109517 217 317 1)
(140794 -84487 -85662.4 564 664 3)
(140799 -22084.8 -9195.53 402 502 1)
(140805 87555.3 74289.2 1 93 1)
(140811 41351.8 79188.1 571 671 1)
(140822 -929.52 -66565.7 382 482 1)
(140825 38348.8 24052.6 347 447 1)
(140826 49320.6 -15247.6 244 344 3)
(140835 -51226.4 -126839 111 211 1)
(140838 14134.5 -141014 396 496 1)
(140840 -41182.5 -15196.9 114 214 1)
(140851 123811 22219.2 232 332 1)
(140853 -87560.2 28043 579 679 1)
(140855 -74399.7 -59494.4 288 388 1)
(140865 -65387 -89331.1 468 568 3)
(140872 76610 60233.1 549 649 1)
(140873 6071.69 -137797 1 93 1)
(140876 -806.477 -71384.1 275 375 1)
(140888 -44115.5 -69574.1 1 95 1)
(140892 -22889.7 34861.4 254 354 1)
(140896 81472.3 -34290.1 3 103 1)
(140899 56458.4 -66612.5 617 717 1)
(140903 -85420.7 33099.9 396 496 1)
(140907 71461.2 74291 1 99 1)
(140908 67549.3 -91667.1 17 117 1)
(140918 7123.47 -82725.7 593 693 1)
(140921 -109524 -56419.5 21 121 1)
(140941 -34212.5 -31295.5 289 389 3)
(140947 -2109.53 74138.9 152 252 1)
(140955 -97488.5 70243.5 35 135 3)
(140958 46434.7 -61416.2 4 104 1)
(140962 20245.8 -98715 300 400 3)
