(86001 -115663 -99786.3 367 467 1)
(86004 -49240.3 -67564.4 271 371 1)
(86014 76508.8 120566 12 112 1)
(86016 13172.8 58158.1 207 307 1)
(86022 -121710 -132951 304 404 1)
(86025 102739 -77663.3 405 505 3)
(86029 -19290.6 -124269 608 708 3)
(86049 -36147.4 -85781.3 606 706 1)
(86055 -88430.1 14938.1 141 241 1)
(86061 -74335.6 60191.2 23 123 1)
(86066 -17040 -102877 598 698 1)
(86068 -20045.9 -129010 472 572 1)
(86084 -21081.2 100571 552 652 1)
(86091 97975 -108853 208 308 3)
(86107 -27063 -110730 6 106 1)
(86109 -100501 78331.1 240 340 1)
(86112 71526.8 12949.6 355 455 1)
(86113 -68340.6 -90646.5 173 273 1)
(86119 -124639 -105750 159 259 1)
(86122 83680.1 81465.8 100 200 1)
(86123 48351.7 -12203.8 248 348 1)
(86136 45327.4 -92699.8 301 401 1)
(86140 75473.5 102370 335 435 1)
(86144 30249.9 -4193.76 243 343 1)
(86156 -100605 143822 607 707 3)
(86159 24242.2 -45507.6 560 660 1)
(86161 104736 52212.9 441 541 1)
(86162 -98751 -23048.5 522 622 1)
(86166 -33154.3 137493 84 184 3)
(86167 -110724 134723 516 616 1)
(86170 9341.96 88259.7 10 110 1)
(86182 -60436.1 -82855.7 389 489 3)
(86187 25280.2 129740 156 256 1)
(86190 -90468.6 33053.8 81 181 1)
(86200 -89411.3 96357.2 21 121 3)
(86215 62413 35084.1 174 274 -1)
(86220 -119609 3952.25 43 143 1)
(86231 -8071.64 1952.78 46 146 1)
(86242 53457.1 -18320.1 399 499 1)
(86247 26240.9 59243.7 271 371 1)
(86250 -85456.6 -102685 122 222 1)
(86257 35075.5 2661.13 92 192 3)
(86258 4098.56 127778 586 686 1)
(86259 97573.8 10975.3 160 260 1)
(86261 -22108.1 64297.8 144 244 1)
(86263 -114635 17966.4 209 309 1)
(86264 42302.9 46105.2 149 249 1)
(86265 90659.6 -1145.73 457 557 3)
(86270 -102413 -141.956 66 166 1)
(86271 30157.9 -33449.9 310 410 1)
(86280 6041.19 -39472.9 195 295 1)
(86281 -79446 -136051 436 536 3)
(86285 -62174.4 -35449.9 85 185 1)
(86291 -1938.68 -131049 452 552 1)
(86295 -20098.6 36209.6 562 662 1)
(86298 19211 -84749.8 628 728 1)
(86300 92812.8 64395.5 342 442 1)
(86306 24200.6 -93725.2 271 371 3)
(86307 -73431.4 -79647.1 217 317 3)
(86309 -69394.4 68298.6 344 444 1)
(86320 -46185.1 -123972 382 482 1)
(86327 24139 -42341.4 146 246 1)
(86328 121811 -1145.57 408 508 1)
(86337 24095 87264 430 530 1)
(86339 75490.2 -95646.9 76 176 1)
(86340 -50229.9 -82568.1 91 191 1)
(86349 48416 149826 437 537 1)
(86357 -20062.6 -139073 404 504 1)
(86359 40289.3 -113816 360 460 1)
(86367 -42193.5 -92618.4 110 210 1)
(86371 -4927 -42347.2 34 134 1)
(86372 17148.7 -73537.6 112 212 1)
(86391 74611.4 -123887 535 635 1)
(86396 -60279.5 -81564.3 68 168 1)
(86400 -118583 -103696 111 211 1)
(86402 19196.9 55238.9 540 640 3)
(86408 -117034 -108626 157 257 1)
(86420 -46243.5 40245.2 326 426 3)
(86422 24245.8 -109870 384 484 1)
(86423 90615.8 -38370.2 302 402 1)
(86424 -16034.5 -58422.4 12 112 1)
(86433 -51285 -90742 491 591 1)
(86434 1976.85 -129854 219 319 1)
(86452 -45197.5 -10163.2 95 195 3)
(86460 -121605 115496 133 233 1)
(86471 -28077.9 -147127 126 226 3)
(86480 93780.5 -58576.5 569 669 1)
(86493 -91209.7 -49276.1 250 350 1)
(86506 93726.1 63274.3 483 583 1)
(86512 30229.6 -86573.8 28 128 1)
(86513 22183.4 128622 36 136 1)
(86517 91461.4 47050.3 68 168 1)
(86529 15158.7 -105787 316 416 1)
(86531 -73470.1 84563 530 630 1)
(86557 68470.9 -84600.5 362 462 1)
(86559 -97536.2 71297.7 96 196 3)
(86563 -10855 136653 605 705 1)
(86567 28254.5 -120870 358 458 3)
(86576 112427 -39221 380 480 1)
(86583 -82436.4 -39391.3 359 459 1)
(86585 57357.1 -119704 37 137 3)
(86596 -77388.3 -25338.8 324 424 1)
(86598 66496.9 124624 318 418 1)
(86601 -71380.2 -11218.1 559 659 1)
(86602 2007.04 -20113.2 359 459 1)
(86603 -10006.8 -47332.8 1 93 1)
(86608 -57124.5 82189.5 177 277 1)
(86611 -110720 36112.7 593 693 1)
(86616 39357.4 127651 1 95 1)
(86630 14146.9 -7144.06 443 543 1)
(86646 -29109.6 -8043.33 452 552 1)
(86653 57422 17989.2 271 371 1)
(86657 60432.8 -57422.7 130 230 1)
(86664 -49431.4 -76571.1 35 135 1)
(86671 -54333.3 -44479.8 587 687 1)
(86672 5100.61 -86758.5 538 638 1)
(86676 -81388.9 -95604.9 57 157 1)
(86702 113693 3798.48 248 348 3)
(86708 16125.4 -33397.4 464 564 1)
(86709 -49268.5 3905.83 468 568 1)
(86718 65232.1 140868 507 607 1)
(86719 98896.6 -2121.88 181 281 1)
(86721 -39170.6 -96752.3 339 439 1)
(86723 18331.6 -108608 184 284 3)
(86736 -54269.2 27022.1 209 309 1)
(86745 45291.8 84333.5 10 110 1)
(86746 37122.3 -29234.4 254 354 1)
(86751 116844 -6215.77 533 633 1)
(86756 71440.8 84345.8 33 133 1)
(86765 -86414.8 -46283.2 211 311 1)
(86768 -78378.3 28084 442 542 1)
(86773 26207.2 22982.3 103 203 1)
(86774 116789 65434.5 588 688 1)
(86779 -108945 38731.1 332 432 1)
(86802 92651.7 -100765 307 407 1)
(86804 117993 -36502 445 545 1)
(86809 -22116.9 66304.8 149 249 1)
(86812 3084.35 -35329.9 247 347 1)
(86814 -37161.7 -88676.6 322 422 1)
(86821 34202.9 -35573.6 524 624 1)
(86832 -120787 -93784.4 588 688 1)
(86833 5140.69 -109659 36 136 -1)
(86836 30242.3 -69597.8 443 543 1)
(86844 -38289.9 -20279.3 482 582 3)
(86849 60494.8 93435.7 431 531 1)
(86852 111259 119653 578 678 1)
(86853 -51225.7 -120772 53 153 1)
(86860 98726.3 127789 569 669 1)
(86861 94409.1 -19443.1 484 584 1)
(86863 -47186 126516 263 363 1)
(86868 -109669 12975.1 491 591 3)
(86869 -38197.7 -98637 107 207 1)
(86880 43386 -66682.5 514 614 1)
(86884 79636.5 18005.7 404 504 1)
(86914 -23108.4 -13253.3 606 706 1)
(86919 66398.2 -20237.9 157 257 1)
(86924 -37200.8 -70369.3 1 94 1)
(86926 -30118.6 87402.3 182 282 1)
(86934 -8968.79 -44413.1 243 343 1)
(86935 -74352.1 40104.6 215 315 1)
(86937 -85437.8 -48401 166 266 1)
(86944 88348.4 12955.1 76 176 1)
(86945 -117553 -24268.4 234 334 1)
(86947 -86504.5 7980.21 583 683 1)
(86949 13106.5 30105.7 156 256 1)
(86953 -109877 9728.7 503 603 1)
(86960 -110781 45192.7 583 683 1)
(86961 -4040.78 -79686.7 574 674 3)
(86964 -95486.9 -59141.7 279 379 3)
(86983 74578.6 82462.4 560 660 3)
(86984 -6976.75 -6157.47 150 250 1)
(86997 57477.7 -53483.7 515 615 1)
