(38002 -22017.6 -63549.8 115 215 1)
(38003 -73448.8 -143109 486 586 1)
(38006 -27084.8 -19311.4 579 679 1)
(38010 -55249.7 144672 2 102 1)
(38011 99645.5 -135973 138 238 1)
(38015 82621.8 90450.4 471 571 1)
(38018 -51332.8 -102831 455 555 1)
(38020 74577.5 -47246.6 127 227 1)
(38021 -8000 -14188.8 378 478 3)
(38026 67355.4 -55430.5 296 396 1)
(38031 -27060.9 13929.1 293 393 3)
(38041 52406.6 87420.5 342 442 1)
(38042 103850 18953.3 49 149 1)
(38043 -108539 -72484.7 14 114 1)
(38045 78618.3 -69646.2 535 635 1)
(38053 87518.9 131597 36 136 1)
(38057 -27166.3 -125904 378 478 1)
(38058 -70403 -44394.4 367 467 1)
(38059 -29145.4 -66446.4 140 240 1)
(38063 39364.1 -113034 546 646 1)
(38064 75618.7 -105889 600 700 1)
(38070 -104250 -96569.5 396 496 1)
(38073 -55300.1 64307.4 455 555 3)
(38082 37350.5 149831 169 269 1)
(38085 -23097.7 26049.8 524 624 1)
(38100 40309.4 -119425 614 714 1)
(38104 79510.1 -84620.9 292 392 1)
(38109 -8286.28 -119224 488 588 3)
(38119 11166.1 -95912.4 506 606 3)
(38123 -47093.3 -143936 377 477 3)
(38125 84621.4 45187.5 514 614 1)
(38134 14161.4 139788 361 461 1)
(38138 37251.9 -84234.5 300 400 3)
(38162 -8996.83 -143154 600 700 3)
(38165 -50324.6 83290.3 249 349 1)
(38169 -49232.9 -118781 137 237 1)
(38173 -102753 -135955 483 583 1)
(38189 -44306.6 -31182.3 16 116 3)
(38190 -60324.9 -68447.8 193 293 1)
(38192 35403.8 -43391 596 696 1)
(38194 120778 65283.1 174 274 1)
(38202 28094.1 -123123 409 509 1)
(38203 11115.7 -113775 78 178 3)
(38204 -2017.98 -36357.9 511 611 1)
(38205 106975 -39234.8 23 123 1)
(38208 67517.4 42134.7 418 518 1)
(38209 52295.8 31923.4 481 581 1)
(38214 -25082.2 73302.9 87 187 3)
(38215 28246.4 -70528.6 265 365 3)
(38231 72615.7 -57453.5 515 615 3)
(38246 115733 -52403.6 242 342 1)
(38248 53345.1 -75530.3 77 177 1)
(38254 3114.59 -37313.8 549 649 3)
(38255 -940.987 -138991 324 424 1)
(38263 12150 7905.81 547 647 1)
(38265 5101.71 -47452.5 442 542 3)
(38268 38.8011 -79659.3 439 539 3)
(38270 -2913.02 1892.32 503 603 1)
(38273 39276.6 -16219 172 272 1)
(38278 -35174.2 -14236.2 258 358 3)
(38283 4145.57 19929.5 153 253 1)
(38284 -94517 -47397.5 226 326 1)
(38287 58506.9 -139157 596 696 3)
(38301 -84395 -54400.8 1 95 3)
(38303 105663 -116911 192 292 1)
(38306 57505.5 -148967 457 557 3)
(38307 -43182.7 -108.518 28 128 3)
(38310 -68426.2 -47448.4 484 584 1)
(38314 -32143.6 3893.5 214 314 1)
(38320 10167.3 -134799 1 94 1)
(38321 49343.2 -53366.2 597 697 3)
(38323 -113766 -123010 580 680 3)
(38324 117257 -133533 258 358 1)
(38350 44307 -63468 175 275 1)
(38351 78609.9 -37402 546 646 3)
(38352 -63369.8 -73614.4 419 519 1)
(38354 62466.9 121268 216 316 1)
(38356 -72402.2 -44494.5 320 420 1)
(38363 -38203.7 99654.3 296 396 1)
(38364 -84306.3 4953.57 1 97 1)
(38366 -38225.7 -72623.9 325 425 1)
(38367 -23077.3 -111878 460 560 3)
(38368 122862 111611 427 527 1)
(38381 -52304.3 46037.8 245 345 3)
(38384 -115707 118647 433 533 1)
(38385 -23116 18978.8 137 237 1)
(38392 -62332 138676 343 443 1)
(38401 -66318.5 124587 133 233 1)
(38402 73472.4 123585 125 225 1)
(38405 -55317.8 -70653.4 603 703 1)
(38418 37280.6 -110732 49 149 1)
(38422 -76442.6 -2206.34 297 397 1)
(38426 -50072.1 -105973 536 636 1)
(38427 -36109.1 102691 454 554 3)
(38432 -71179 37202.8 140 240 3)
(38441 21.9851 -110879 501 601 1)
(38444 -89480.8 -114851 105 205 1)
(38447 14106.2 68329.5 279 379 1)
(38448 73479.6 6918.39 214 314 1)
(38449 55419.7 -87770.3 339 439 3)
(38450 29262.2 -59526.7 421 521 1)
(38451 29223 6937.18 71 171 1)
(38454 71496 -143962 329 429 1)
(38462 74517.4 -139989 283 383 3)
(38471 -54378.8 56255.7 568 668 1)
(38472 106819 -32323.8 604 704 3)
(38478 6099.47 -9201.16 499 599 3)
(38482 -46217.2 40128.4 300 400 1)
(38484 8190.06 -19227.4 510 610 1)
(38485 117762 -7176.11 253 353 1)
(38486 -40141.3 35024.3 87 187 1)
(38488 19172.2 -121801 106 206 1)
(38501 -28124.2 -20251.2 242 342 1)
(38502 8104.06 -30288.9 92 192 1)
(38521 94635.2 149679 286 386 1)
(38524 30439.5 -95841.1 462 562 1)
(38530 -4970.42 -118866 339 439 1)
(38536 -7992.78 118624 367 467 1)
(38554 87612.9 106635 432 532 3)
(38560 36204 -55409.9 18 118 1)
(38562 17197.9 -113916 458 558 1)
(38563 8119.19 6902.65 495 595 1)
(38584 74250.1 -103890 249 349 1)
(38591 32240.5 44130.9 125 225 1)
(38594 -34131.7 84322 305 405 1)
(38597 -102570 -87673.8 285 385 1)
(38609 -100489 57174.6 1 93 1)
(38620 -84428.6 -138094 611 711 1)
(38625 -22102.1 -84668.5 298 398 3)
(38631 31098.3 110531 30 130 1)
(38633 -28022.7 34175.7 18 118 3)
(38647 68339.6 3885.46 55 155 1)
(38650 -16047.4 103533 340 440 1)
(38651 -100468 114451 1 96 1)
(38664 18267.9 -92623.9 405 505 1)
(38675 117797 -139.359 238 338 1)
(38688 13101.3 -97700.1 258 358 3)
(38689 -110679 48072.3 277 377 1)
(38700 -23071.2 46143.3 115 215 1)
(38708 84626.8 -53547.5 564 664 3)
(38709 78560.2 -61484.8 292 392 3)
(38713 106699 -127934 361 461 3)
(38717 -12985.1 93632.4 520 620 3)
(38722 77592.4 -122956 486 586 1)
(38730 -98629.2 8922.14 251 351 1)
(38735 -81527.1 -14209.6 323 423 1)
(38739 61443.6 -40381.2 349 449 1)
(38743 15190.6 -91733.1 343 443 1)
(38746 35334.3 -127043 589 689 1)
(38747 54407.4 -102777 121 221 1)
(38756 -4964.74 67321.6 342 442 1)
(38768 30140.2 -50618.1 349 449 1)
(38769 -38158.7 149736 138 238 1)
(38773 50473.2 137866 599 699 1)
(38789 -113705 84342.9 345 445 1)
(38791 38341.5 -116883 360 460 1)
(38794 20178.2 -83600.1 198 298 1)
(38796 84617.9 12951.7 314 414 1)
(38802 -35189.8 -37445.1 482 582 1)
(38807 44399.7 -49584.2 136 236 3)
(38823 -78481.4 9930.55 329 429 1)
(38825 -86527.3 108607 543 643 3)
(38828 -78422.5 51183.7 302 402 1)
(38832 -73468.7 31094.8 493 593 1)
(38841 116841 117631 449 549 1)
(38850 -15034.7 -76582.7 238 338 1)
(38860 -75357.5 33092.9 113 213 3)
(38868 -11016.9 -12210.3 280 380 1)
(38870 14173.5 -47492.3 503 603 1)
(38888 25135.2 -100764 305 405 1)
(38911 -12958.9 2755.47 269 369 3)
(38918 -94484.1 42252.4 520 620 1)
(38919 106699 -77612.6 271 371 1)
(38925 98689.2 -29305.1 471 571 1)
(38926 76572.3 -120932 432 532 1)
(38928 83691.6 64261.3 552 652 1)
(38935 -12928 81467.2 552 652 1)
(38944 41301 -127868 196 296 1)
(38954 83610.2 -137169 626 726 1)
(38960 -14015.5 12965.4 36 136 1)
(38965 -116583 91498.9 44 144 1)
(38967 -67310.4 4058.25 2 102 1)
(38973 -8024.42 97472.1 28 128 1)
(38979 -25087.8 -65487.9 173 273 1)
(38987 2078.07 -24283.4 254 354 1)
(38992 -44246.6 -62603.2 629 729 1)
