(85002 -93692.5 -149005 289 389 3)
(85005 68433.9 -73525 69 169 1)
(85007 -22099.9 141780 347 447 1)
(85008 12140.6 -1123.08 387 487 1)
(85020 65471.6 41083.9 373 473 1)
(85024 88541.6 -3080.87 87 187 3)
(85027 -23083.1 44076.7 534 634 1)
(85029 -9985.39 -59526.2 333 433 3)
(85031 -28120.8 -15265.1 427 527 1)
(85035 88522.6 -66460.9 54 154 1)
(85043 76541.8 -51492.6 628 728 1)
(85053 -71332.6 -81716 226 326 1)
(85056 -5967.01 -63500.8 159 259 1)
(85070 -104639 -63473 333 433 1)
(85072 120732 -13184.8 92 192 1)
(85074 113715 2898.95 181 281 1)
(85081 77506.9 -65397.7 205 305 3)
(85082 63338.6 47188.4 269 369 1)
(85085 85843.6 79287.4 559 659 3)
(85087 -63240.7 -117740 137 237 3)
(85090 -18011.7 65188.2 6 106 1)
(85093 -112605 -46424.7 240 340 3)
(85101 -60270.8 78316.6 8 108 3)
(85106 -96606 22013.2 586 686 1)
(85118 -39878.1 86636.5 355 455 3)
(85129 -27043.2 -42398.1 159 259 1)
(85133 -115733 130722 427 527 1)
(85137 7153.78 62257.1 335 435 1)
(85145 77629.8 8062.63 504 604 1)
(85151 30079.8 32050.4 627 727 1)
(85152 -10107.8 3968.14 165 265 3)
(85153 -48184.3 27058.6 222 322 1)
(85155 5039.32 56171.8 516 616 1)
(85162 -19035.8 -78526 345 445 1)
(85163 -87465.8 34064.2 290 390 3)
(85174 -78402.7 -60472.2 142 242 1)
(85181 -96682.9 106630 611 711 1)
(85184 -11209.7 -96065.9 527 627 3)
(85188 10082.5 -47375.6 1 96 1)
(85193 10563.1 -57660 607 707 3)
(85204 -83514.8 144767 303 403 1)
(85205 -43242.3 -141705 73 173 1)
(85211 16138.9 19021.2 485 585 1)
(85221 79619.8 45250 495 595 3)
(85225 -58303.2 -80618.7 593 693 1)
(85227 22242.8 42120.8 611 711 1)
(85232 60440.2 39130.4 322 422 1)
(85239 -124812 72368.5 607 707 3)
(85241 -944.236 -60588.2 122 222 1)
(85251 83502.8 56190.1 9 109 1)
(85253 -966.288 -91826.7 569 669 1)
(85277 -124717 -92717.8 249 349 1)
(85286 91646.9 -56530.1 425 525 1)
(85289 -1953.94 -59505.2 388 488 1)
(85294 -119621 -1096.4 145 245 1)
(85295 -37175.1 -99805.4 442 542 3)
(85311 -49200.4 97434.6 41 141 1)
(85331 -27119.5 146689 115 215 1)
(85337 29329 7843.88 597 697 3)
(85340 46400.6 -85747 618 718 1)
(85341 21110 -116667 78 178 1)
(85346 -5969.55 55301 533 633 1)
(85348 -121795 -96741.6 418 518 1)
(85363 -7976.19 15969 123 223 1)
(85370 49389.9 -50504.7 295 395 1)
(85383 -49187.8 143709 125 225 1)
(85388 33459.1 -1511.16 176 276 1)
(85399 -1974.81 -6190.46 376 476 1)
(85402 -3914.73 -53496.2 264 364 3)
(85407 18242.2 -7123.67 428 528 1)
(85411 -101533 -52380.2 148 248 3)
(85413 62567 19976.6 346 446 1)
(85417 15104 -68630.3 157 257 1)
(85418 21183.4 -17232.9 123 223 1)
(85422 -82513.3 -99865.2 627 727 3)
(85426 73975.7 -59303.5 431 531 1)
(85428 1077.27 -37363.1 289 389 3)
(85431 -83513.1 -44370.1 261 361 1)
(85438 5050.8 -59519.1 475 575 1)
(85442 79500.2 -73685.1 539 639 1)
(85448 -115613 -33380.5 428 528 1)
(85451 -20063.3 -42377.3 213 313 3)
(85465 -124368 -33747.7 104 204 1)
(85471 17253.7 5849.94 411 511 1)
(85482 -31110.3 2903.69 178 278 1)
(85484 18204.6 -115890 392 492 3)
(85491 -68363 -37385 473 573 1)
(85495 13148.5 48165.9 340 440 1)
(85505 -9871.98 -147499 293 393 1)
(85507 -19077.8 -44384.3 137 237 1)
(85509 56412.9 146667 31 131 1)
(85512 -43189.9 113685 268 368 1)
(85516 -75455 -89784.9 628 728 1)
(85531 -47199.7 -49394.2 200 300 1)
(85537 -49275.2 -106886 567 667 3)
(85545 -113653 -7139 125 225 1)
(85548 10079.7 -137984 248 348 1)
(85549 102603 85380.5 28 128 1)
(85554 2798.52 -27289.7 142 242 1)
(85557 -58044.8 85404.9 503 603 3)
(85565 38299.4 -25286.5 283 383 1)
(85582 -14021.7 -92673.4 312 412 3)
(85587 44618.8 -25826.5 27 127 1)
(85591 50222.7 27890.3 9 109 1)
(85594 42373.1 -36437.9 414 514 1)
(85604 54322.3 -46231.4 73 173 1)
(85608 -18068.3 -48484.9 593 693 3)
(85610 114719 1890.63 179 279 1)
(85613 -95506.8 -104748 243 343 3)
(85619 -32230.5 45167.4 172 272 1)
(85622 78606.1 80232.8 364 464 1)
(85631 -14043.2 -99848.7 570 670 1)
(85633 33233.7 73332 390 490 1)
(85635 41374.8 81432.2 495 595 1)
(85638 45286.2 20157.6 313 413 1)
(85639 -116604 -81617.2 82 182 1)
(85642 -24211 21828 371 471 1)
(85660 9964.53 -137951 12 112 1)
(85662 -43055.7 63284.4 399 499 3)
(85664 -94721.4 -101924 561 661 1)
(85667 -33155.3 -57524.5 473 573 1)
(85669 -22051.7 8927.04 114 214 1)
(85680 -55270.8 49193.1 102 202 1)
(85693 -104526 -55408.3 101 201 1)
(85694 74504.5 -130809 104 204 3)
(85709 -57587.3 108517 449 549 3)
(85711 92614.9 -46393.3 64 164 1)
(85721 -18989.8 -137925 306 406 3)
(85724 -84456.2 -31342.4 403 503 3)
(85726 -42041.2 -87533 517 617 1)
(85731 18172.7 -123843 163 263 1)
(85733 34194.3 71281.4 38 138 1)
(85738 -118860 139753 397 497 3)
(85743 -95506.6 98512.9 170 270 1)
(85747 -102615 -94776.8 459 559 1)
(85756 -93493.9 -49273.7 166 266 1)
(85764 14272.8 -63692.9 255 355 1)
(85771 6768.2 -105922 470 570 3)
(85772 -106744 -18413.1 278 378 1)
(85774 -87449.6 73265.4 372 472 1)
(85779 85586.6 -94833.7 496 596 1)
(85791 57437.7 48014.4 355 455 3)
(85793 -57155 -126224 461 561 1)
(85795 120885 56295.1 579 679 1)
(85803 -26088.2 -17207.9 71 171 3)
(85809 -45177.8 -117804 158 258 3)
(85812 -33142.5 -92624.5 97 197 1)
(85823 13187.6 -9179.66 584 684 3)
(85824 -36236.4 -8867.56 1 95 1)
(85826 53391.5 -93700 300 400 1)
(85829 -94454.7 -108728 101 201 1)
(85842 21169 44099.8 174 274 1)
(85848 38297 148740 152 252 1)
(85854 -112626 -7182.27 339 439 1)
(85860 -122692 -149168 442 542 1)
(85868 -59312.8 -1147.67 326 426 1)
(85869 -88488.9 138754 354 454 1)
(85877 -74290.4 124652 188 288 1)
(85886 -69351.5 -108741 153 253 1)
(85890 -78350.9 -103693 119 219 3)
(85895 76496.6 -74558.8 189 289 3)
(85896 -20124.2 -73502.9 144 244 1)
(85905 -9865.67 37120.7 195 295 1)
(85906 -54263.9 30073.4 395 495 3)
(85911 44315.5 -49418.6 204 304 1)
(85917 117620 55232.3 88 188 1)
(85933 18128.9 57165 281 381 1)
(85934 84556.4 61237.4 193 293 3)
(85939 -970.824 -101788 443 543 1)
(85941 -108693 -61539.8 448 548 1)
(85953 -14013.7 41145 536 636 1)
(85966 -88538.7 -68608.8 532 632 3)
(85977 56443.7 138676 347 447 1)
(85987 -24040.8 -26267.2 81 181 1)
(85991 18416.2 147741 293 393 1)
(85996 28174.4 -141954 258 358 1)
(85997 94759.9 -145132 526 626 1)
