(132001 -99671.3 -102790 499 599 1)
(132005 -87569.2 -34236.8 369 469 3)
(132008 -105630 77300.1 323 423 1)
(132012 -53175 54104.7 313 413 3)
(132017 -84271.2 -134799 100 200 1)
(132022 41364.8 112622 551 651 1)
(132030 -68501.2 66125 358 458 1)
(132040 -54066.4 -133240 502 602 1)
(132056 23003.1 -72683.4 552 652 3)
(132060 64489 4899.04 209 309 3)
(132061 56768.4 8709.04 312 412 1)
(132066 98718.6 -144041 416 516 1)
(132067 -7014.25 4923.84 64 164 1)
(132069 15161.6 92402.2 40 140 1)
(132073 -123790 -43424 515 615 3)
(132080 48398.2 94541.4 446 546 1)
(132081 -43161.6 47178.3 280 380 1)
(132083 6116.2 110568 264 364 1)
(132084 -31113.2 -78545.2 62 162 1)
(132095 46363.4 -61571.6 432 532 3)
(132098 22159.1 -107719 202 302 1)
(132106 -113462 -83599.9 5 105 3)
(132117 930.985 -139075 326 426 1)
(132121 -10030.2 -36238.8 73 173 1)
(132122 82615.1 -42425.6 436 536 1)
(132127 31221.1 -36299.6 13 113 1)
(132139 29211.5 -83575.6 41 141 1)
(132159 24181.8 -106668 38 138 1)
(132164 -76439.9 13937.8 500 600 3)
(132167 66473.9 37133 540 640 1)
(132169 -63338.4 -13236.9 219 319 1)
(132180 -52348.1 -1123.4 588 688 1)
(132185 79482.4 -74503.8 51 151 1)
(132192 -78673.5 44213.6 144 244 1)
(132196 -80472.1 -148134 493 593 1)
(132200 -16051.4 140830 589 689 1)
(132201 78537.2 29096.6 606 706 1)
(132204 -37957.9 -116953 293 393 1)
(132224 32249.9 16958.5 392 492 1)
(132245 -66292.7 126598 77 177 1)
(132247 35245.1 -23243.6 119 219 1)
(132254 26260.5 -93677.5 207 307 3)
(132256 -61452.3 -132963 321 421 1)
(132261 -61328.2 -50444.7 346 446 3)
(132263 -4954.32 49201.1 370 470 1)
(132264 -45234.4 -147101 420 520 1)
(132272 113731 135684 237 337 1)
(132286 -103358 -34164.2 1 97 1)
(132299 -96508.3 -115929 465 565 1)
(132315 -11038 16979.6 294 394 1)
(132316 24213.5 67245.8 355 455 1)
(132318 -25120.5 -30299.2 137 237 1)
(132331 85637.2 -111043 569 669 1)
(132332 31287.5 8895.22 452 552 1)
(132343 -11008.8 -131895 231 331 1)
(132352 -64331.9 122633 240 340 1)
(132353 77588.2 -12108.3 113 213 1)
(132360 -16081 49173.9 153 253 1)
(132367 102647 -104671 75 175 1)
(132368 -12039.9 -134927 209 309 1)
(132369 99548.7 1834.38 98 198 1)
(132370 -11784.9 57992.9 430 530 1)
(132373 -62222.9 -83699.3 355 455 1)
(132388 -51380.6 90515.4 567 667 1)
(132403 40352.9 -124057 441 541 1)
(132407 -121736 108573 535 635 3)
(132418 -91501 -87645.4 216 316 1)
(132419 -32116.4 -76523.8 283 383 1)
(132436 -63279.8 -118786 183 283 3)
(132440 -7146.33 -8020.8 76 176 1)
(132447 -93485.5 -37293.6 203 303 3)
(132450 80502.3 -78579.1 133 233 1)
(132451 -29077.8 -24266.6 226 326 1)
(132455 -123746 -98861.8 528 628 3)
(132466 63496.1 -53455.9 379 479 1)
(132467 29319.7 4880.44 488 588 1)
(132483 106010 -148305 157 257 3)
(132486 -47223.2 96453.1 150 250 1)
(132489 -63397.5 -72810.1 621 721 3)
(132505 114856 58098.5 272 372 3)
(132519 -57157.7 -146228 296 396 1)
(132524 104514 -137168 277 377 1)
(132527 -110497 -142792 213 313 1)
(132529 -34209.4 10936.7 235 335 3)
(132533 22216.5 46211.5 563 663 1)
(132537 41337.5 -44436.6 427 527 1)
(132552 -42375.5 -75462 387 487 3)
(132556 -101428 -32374.6 96 196 3)
(132557 -79458.5 147862 616 716 3)
(132560 -85432.4 -51371 53 153 3)
(132571 -22070.6 113538 164 264 1)
(132580 35275.4 -48428 282 382 1)
(132583 -44208.6 -14335.3 417 517 3)
(132584 20105.5 -118961 164 264 1)
(132585 58428.2 -147041 290 390 1)
(132586 76491.7 69288.7 267 367 3)
(132592 -93559.3 -82690.6 483 583 3)
(132598 -30171.9 -31361.6 565 665 1)
(132601 -98579.4 117587 388 488 1)
(132605 32269 -26224.8 229 329 1)
(132607 34320.2 137836 597 697 1)
(132612 -2963.43 -58481.8 308 408 1)
(132614 14153.2 25029.5 330 430 3)
(132622 -69404.1 -52485.7 483 583 3)
(132626 34248.2 116501 35 135 1)
(132633 -49273.7 -110875 465 565 1)
(132635 -23096.9 -53546.1 537 637 3)
(132637 -106702 44049.7 492 592 1)
(132640 -53154.9 -107736 404 504 3)
(132641 51431.8 -40427 558 658 1)
(132643 82414.5 -42388.3 217 317 1)
(132650 73575.3 -22275.5 500 600 3)
(132655 -20085.7 -61587.9 586 686 3)
(132670 17177.3 -67554 333 433 1)
(132671 36289.3 -30333.6 227 327 3)
(132676 -109620 93426.6 259 359 1)
(132702 105803 8007.12 505 605 1)
(132703 71.6677 -124926 153 253 1)
(132705 -87516.4 64325.5 447 547 1)
(132707 -101609 -93656.6 290 390 1)
(132714 83662 -39371.5 355 455 1)
(132716 74582.3 71403.8 400 500 1)
(132718 4127.37 -7161.11 2 102 1)
(132720 -26076.4 -146918 207 307 3)
(132724 94668 -20260.1 389 489 1)
(132731 -10959.9 25191.8 200 300 1)
(132750 -109660 -56537.4 264 364 1)
(132753 91763.8 109507 608 708 1)
(132763 -64341.4 122695 148 248 1)
(132768 -44221.4 -16266.1 424 524 1)
(132773 -31099.3 64264.4 242 342 1)
(132786 78387.4 -149829 35 135 3)
(132788 10149.9 -29388 570 670 1)
(132796 123784 3912.03 192 292 1)
(132799 119552 -120014 99 199 3)
(132802 -67346.5 -89661.6 402 502 1)
(132807 -117672 -131955 325 425 1)
(132812 -22074.6 -76698.8 493 593 1)
(132815 108689 -59569 131 231 1)
(132819 -29118.9 -103729 169 269 1)
(132821 121756 -20108.1 117 217 1)
(132824 64517.5 -146204 557 657 1)
(132829 -11153.4 -131895 316 416 1)
(132830 1069.89 -1131.8 192 292 3)
(132831 87640.2 -128982 441 541 1)
(132835 123920 125741 515 615 1)
(132848 18206.1 -50464.3 489 589 1)
(132860 35267.9 104489 262 362 1)
(132862 49238.4 -65432.6 102 202 3)
(132868 -58079.7 -99674.2 236 336 1)
(132881 27202.9 40097.6 81 181 1)
(132884 -13013.6 -36404 617 717 1)
(132885 -15122.5 148783 425 525 1)
(132886 -41181.9 -37371.2 243 343 3)
(132887 67485.2 -43156.6 185 285 1)
(132888 -98529.3 123602 8 108 1)
(132892 -24122.8 -20240.5 34 134 1)
(132893 -110589 -124850 175 275 1)
(132897 -123698 26002.4 223 323 1)
(132907 -108601 -107763 230 330 1)
(132918 91642.7 -80632.8 317 417 1)
(132920 -7138.17 -106641 286 386 1)
(132924 13135.7 94439.8 308 408 1)
(132939 -5940.58 -97842.2 482 582 3)
(132944 68479 -44393.8 278 378 1)
(132946 3136.52 112630 620 720 1)
(132947 -58357.1 -1161.6 473 573 1)
(132961 58374.4 -51424.7 1 96 1)
(132965 48318.3 -74522.9 66 166 1)
(132986 -77329 -20232.1 1 100 1)
(132987 -117721 135806 307 407 1)
(132991 79570.5 108567 405 505 1)
(132999 13142.3 -43342.1 262 362 1)
