(55000 34278.7 -53442.5 277 377 1)
(55001 -104672 -18210.8 288 388 1)
(55013 -83332.8 130801 245 345 1)
(55015 30208.1 40146.6 409 509 1)
(55020 111425 52168 189 289 1)
(55022 -83418.3 -98684.1 226 326 1)
(55029 -99608 30061.4 477 577 1)
(55030 -20999.7 -44429.3 516 616 1)
(55045 -20010.5 -137930 154 254 1)
(55047 50321.9 137772 438 538 1)
(55048 85094.3 149990 439 539 1)
(55066 -24092.2 90447.5 415 515 1)
(55068 -31147 -49473 184 284 1)
(55071 64137 85731.9 529 629 1)
(55076 11156 71224.6 8 108 3)
(55077 75396.1 -36300.5 130 230 1)
(55080 10136.5 126689 531 631 1)
(55082 -32209 -79611.4 308 408 1)
(55083 -24140.3 139700 237 337 1)
(55086 -63331.7 -136036 434 534 1)
(55087 117926 116673 621 721 1)
(55088 90372.3 64154.5 158 258 1)
(55092 -119715 -40585.8 56 156 3)
(55097 65439.4 79310.8 130 230 1)
(55104 -113621 115688 520 620 1)
(55105 -48217.9 -56456 106 206 3)
(55113 34335.8 129737 427 527 1)
(55116 52573.2 12993.3 555 655 1)
(55122 5099.62 -74510.7 113 213 1)
(55131 -5739.59 7841.65 176 276 1)
(55145 92636.3 -51473 42 142 3)
(55149 -6991.58 884.703 231 331 1)
(55151 -110511 104451 170 270 1)
(55153 -44235.3 -14245.6 493 593 1)
(55155 -72427.3 56315.3 499 599 3)
(55159 -48099.6 -34365.8 23 123 1)
(55180 -61440.1 -128930 123 223 3)
(55184 -75413.5 20003.4 288 388 3)
(55195 -21070.5 56242.9 509 609 1)
(55198 88584.5 -65486.8 43 143 -1)
(55201 80534.6 60347.5 59 159 3)
(55202 21236.7 -102864 549 649 3)
(55205 37254.5 48155 40 140 1)
(55207 -114802 -103689 320 420 3)
(55211 -76306.7 -18265.1 201 301 1)
(55213 55395.2 69336.9 472 572 1)
(55219 3110.33 -95763.9 310 410 3)
(55224 41259.7 -4192.6 44 144 1)
(55226 116817 -112844 369 469 3)
(55227 38274.2 -99686.5 129 229 3)
(55232 -6945.74 1871.51 404 504 3)
(55244 15125.7 -114831 38 138 1)
(55256 -87527.3 21004.6 303 403 3)
(55271 -90495.4 -4130.78 221 321 1)
(55274 -60484.3 -33315.5 523 623 1)
(55275 -9903.3 -132061 549 649 1)
(55277 94585.4 100689 281 381 1)
(55291 -70358 -123857 222 322 1)
(55292 99703.8 -17237.6 450 550 1)
(55293 -22071.3 109506 163 263 1)
(55306 -112797 25134.3 286 386 1)
(55314 1090.34 -99632.6 1 98 3)
(55316 42302.8 -84637.5 80 180 1)
(55330 -17175.8 -74436.4 341 441 3)
(55340 -16306.7 -32611.7 160 260 1)
(55341 -35093.9 37182 459 559 1)
(55347 -9031.9 -119858 115 215 1)
(55348 88530 5901.03 279 379 1)
(55356 -117750 -117981 550 650 1)
(55358 82675.9 143417 19 119 1)
(55368 104654 37094.4 127 227 1)
(55372 65541.2 -75723.2 591 691 1)
(55376 22111.5 -83788.1 244 344 3)
(55379 -120678 46155.9 315 415 1)
(55380 -12030 124674 272 372 1)
(55383 -25115.5 21006.4 136 236 1)
(55385 68596.7 -71486.8 265 365 1)
(55387 6095.19 60232 36 136 1)
(55388 -47211.3 108498 54 154 3)
(55391 99601.9 -138887 76 176 1)
(55394 -1935.35 68289 171 271 1)
(55399 -19991.7 20000.9 405 505 1)
(55424 68621.9 3895.21 438 538 1)
(55428 76506.7 -75582.8 205 305 1)
(55436 123831 33074.5 377 477 1)
(55439 -79977.4 -65616.8 234 334 1)
(55444 25256.5 110469 333 433 1)
(55448 62585 -126703 120 220 1)
(55449 -8992.81 -101645 9 109 3)
(55456 -122682 -136963 270 370 1)
(55458 105751 24918.7 323 423 1)
(55463 9113.18 105538 278 378 3)
(55464 -121725 48178.9 412 512 1)
(55465 93867.1 -81821.2 598 698 1)
(55473 2215.05 33075.1 128 228 1)
(55474 86502.3 -122764 8 108 1)
(55477 61448.5 -132047 551 651 1)
(55482 70477.2 -63512.4 115 215 1)
(55483 12322.9 -21051.9 296 396 1)
(55491 100684 -38373.8 294 394 1)
(55494 -23095.4 12711.4 488 588 3)
(55495 -22004 -115887 503 603 1)
(55507 43403 -114936 519 619 1)
(55522 -98607 -57526.5 453 553 1)
(55549 21270.3 -23205.8 233 333 3)
(55560 -58341.5 -43425 536 636 1)
(55570 -22958.4 -50355.2 537 637 1)
(55571 106731 6928.76 524 624 1)
(55572 -85477.1 -18248.4 302 402 1)
(55575 65427.7 33071.4 210 310 1)
(55591 -13983.4 -99824.5 407 507 1)
(55594 71455.5 109487 80 180 1)
(55597 -97458.3 29037.8 8 108 3)
(55606 42351.8 -110854 388 488 1)
(55611 63438.8 -140978 219 319 1)
(55613 130.381 -53498.5 56 156 1)
(55617 -12989.8 25063.6 272 372 1)
(55625 114864 -18263.9 521 621 1)
(55630 -30078 55141.3 49 149 1)
(55631 -22124.1 23037.8 362 462 1)
(55636 -57345.2 -141103 559 659 1)
(55640 37436.2 -41376.9 128 228 1)
(55652 80575.9 32052.9 566 666 1)
(55661 -68383.7 -149142 482 582 1)
(55664 -6049.9 4879.94 414 514 1)
(55665 7045.36 2876.29 560 660 1)
(55670 -94560.5 -82661.8 293 393 1)
(55680 -66388.5 118689 594 694 1)
(55682 85600.4 -110779 293 393 1)
(55684 -103572 92460.4 241 341 1)
(55688 -101709 -93869.8 596 696 1)
(55689 82672.7 -119999 596 696 1)
(55697 121951 -102981 618 718 3)
(55712 36276 10929.3 333 433 3)
(55721 -62383 51247.9 508 608 3)
(55730 -123848 -68728.2 573 673 1)
(55743 21204.4 -26315.7 416 516 1)
(55746 89561.8 140687 106 206 1)
(55758 82525.1 -46455 248 348 1)
(55759 -44230.5 -121956 580 680 1)
(55760 -9492.6 -120985 225 325 1)
(55765 13156 -129995 439 539 1)
(55773 -37156.6 -84735.7 477 577 1)
(55774 91706.3 -112873 396 496 1)
(55781 40361.9 -90427.5 363 463 3)
(55789 -14055 -65531 347 447 3)
(55790 50428 -58549.5 584 684 1)
(55794 49346.3 112484 13 113 1)
(55797 10133.5 141814 483 583 1)
(55799 -7986.3 39126.1 518 618 1)
(55801 19163 -58470.9 56 156 1)
(55803 -13018.7 -33307.5 99 199 1)
(55805 30331.6 32068.2 218 318 1)
(55814 -69369.2 -47392.6 56 156 1)
(55816 -28109.7 35083.5 226 326 1)
(55817 -105566 37117 113 213 1)
(55825 90394.3 124464 5 105 1)
(55837 117776 22041.6 229 329 1)
(55843 -84485.5 114582 482 582 3)
(55852 -113695 885.449 423 523 3)
(55854 122693 -136798 1 96 1)
(55858 -37149.4 -86644.2 197 297 1)
(55860 -97505.6 45143.9 205 305 1)
(55870 30212.7 -102753 253 353 3)
(55876 -23032 -74484.4 1 95 3)
(55878 -33144 -67466 32 132 1)
(55887 54461.3 -103980 551 651 1)
(55900 -82488.6 -57520.8 418 518 1)
(55903 -14014.7 -19346.8 526 626 1)
(55916 21247.1 43143.9 321 421 1)
(55918 -16180.1 -66580.4 274 374 3)
(55928 -24145.2 59271.5 28 128 1)
(55929 21197.9 51194.5 396 496 1)
(55931 -84510.7 76413.5 531 631 1)
(55933 96694.4 80405.3 390 490 1)
(55935 27211.8 6899.5 318 418 1)
(55949 -48280.4 41439.4 237 337 1)
(55954 -112561 98641 191 291 1)
(55956 102665 -94668.7 177 277 1)
(55961 -83454.8 26028.1 254 354 1)
(55982 32447.2 54162 119 219 1)
(55986 -44210.3 -137994 353 453 3)
(55992 -34546.5 16768.5 184 284 1)
(55993 -54283.6 -47369.9 17 117 1)
