(13003 122956 -40446 618 718 1)
(13011 -105525 -144883 47 147 1)
(13012 119762 133662 260 360 3)
(13014 47326.2 110469 38 138 1)
(13018 -88430.7 128738 144 244 1)
(13019 -71409.4 -121940 386 486 1)
(13026 24180.3 43116.8 314 414 3)
(13030 -3982.1 -79534.1 413 513 1)
(13033 21131 -16994.1 315 415 1)
(13034 43360.9 134786 543 643 1)
(13053 -37168.8 -7147.81 578 678 1)
(13066 71509.1 103456 30 130 3)
(13070 -72348.6 -51447.4 301 401 1)
(13073 55349.2 35094.7 237 337 1)
(13074 -39157.1 64226.4 4 104 1)
(13075 -78381.2 -22247.3 39 139 3)
(13077 105612 60228 158 258 3)
(13086 116840 36099.8 454 554 1)
(13097 9141.49 -40374.7 442 542 1)
(13107 -97540.9 -77582.1 201 301 1)
(13108 -87541.8 -3154.5 265 365 1)
(13111 -54371.8 -126251 606 706 3)
(13113 -115739 49202.8 502 602 1)
(13120 -73462.7 -21279.4 475 575 3)
(13144 -28169.9 -8376.45 145 245 3)
(13157 35241.1 110573 347 447 1)
(13158 -119491 99027.4 468 568 1)
(13159 14138 82330 22 122 1)
(13163 -59381.3 24078.5 418 518 1)
(13166 120749 -16221.6 122 222 1)
(13167 106891 -64741.8 524 624 1)
(13176 1083.86 35109.8 575 675 3)
(13183 49386.9 -11206.1 411 511 1)
(13196 15078.8 5911.64 121 221 3)
(13197 105672 61174.6 35 135 1)
(13209 -6993.49 54234.6 384 484 3)
(13213 -54284.1 35065.2 209 309 1)
(13217 -39192.1 -53456.1 298 398 1)
(13228 -52294.2 68321.9 391 491 1)
(13231 -72385.7 -61522.5 276 376 3)
(13232 56335.7 -27257.4 55 155 1)
(13235 -62389.5 41185.3 417 517 1)
(13241 -80397.1 134788 488 588 1)
(13246 123722 34011.9 295 395 1)
(13256 -88484.6 54552.9 142 242 3)
(13258 5088.55 -10185.6 63 163 1)
(13269 -75426.4 -55438.1 1 101 1)
(13290 -10007.1 -75559.4 114 214 3)
(13299 -12008.5 -98785.5 423 523 1)
(13307 -12016.5 -68612.4 533 633 3)
(13314 11225.3 -21308.8 317 417 1)
(13315 -101501 -4142.42 104 204 1)
(13327 -80488 -71617.9 518 618 1)
(13338 87467.8 -98602.1 11 111 1)
(13351 79491.8 -102695 155 255 1)
(13356 -77408.3 -57359.5 346 446 1)
(13359 -47208.9 -101757 191 291 1)
(13370 -46106.1 -13254.4 341 441 1)
(13373 -93761.6 -20283.4 598 698 1)
(13391 -25053.9 -81586.3 15 115 1)
(13394 -105600 -145043 335 435 1)
(13400 -9357.83 50202.8 403 503 3)
(13406 108769 86394.6 194 294 3)
(13410 107840 -78668.1 491 591 1)
(13416 -1006.41 -60603.6 467 567 1)
(13419 -67418.1 -70587 577 677 1)
(13423 15148.8 13946.9 163 263 3)
(13424 -106661 57266.5 546 646 1)
(13439 32229.7 60210.2 77 177 1)
(13440 50529.3 -135140 557 657 1)
(13446 -14078.6 53258.9 135 235 3)
(13464 102672 39108.8 231 331 3)
(13469 -93586.8 7941.99 146 246 1)
(13471 116827 -145078 293 393 1)
(13478 91827.9 -83844.4 555 655 1)
(13480 41300.8 26007.3 45 145 1)
(13481 57425.2 22023 370 470 1)
(13483 55262.4 -136042 186 286 1)
(13484 21269 104687 516 616 1)
(13492 -99580.1 -44419.2 520 620 3)
(13496 -106597 -18242.7 319 419 1)
(13504 1059.42 -26236.2 51 151 3)
(13505 -6992.22 -8192.74 421 521 1)
(13513 17135.6 -148076 390 490 3)
(13517 84447.6 84161.9 195 295 1)
(13524 -20018.5 -67478.5 46 146 1)
(13526 54347.3 52218.8 312 412 1)
(13530 -32966.7 -3180.73 500 600 1)
(13531 -77474 122717 502 602 1)
(13534 -93465.6 -148971 184 284 1)
(13539 60458.8 -66455.7 349 449 1)
(13546 -86458.3 -47403.6 429 529 1)
(13561 -49088.3 -60546.8 372 472 1)
(13578 -26134.2 42133.7 310 410 1)
(13584 9126.93 -49446.2 459 559 1)
(13593 -46714.3 -98572.2 119 219 1)
(13606 55100.4 -71931.1 137 237 1)
(13607 -32141.6 -32286.8 111 211 1)
(13610 98682.5 -105.75 329 429 3)
(13615 92513.5 101399 504 604 1)
(13616 60451.7 13106 350 450 1)
(13617 -56273.6 -51417.5 199 299 1)
(13619 -10009.4 -34369.6 515 615 1)
(13620 -104653 31070.5 514 614 1)
(13622 4080.99 -55386.9 1 93 1)
(13624 48390 68337 549 649 1)
(13625 -67352.9 -28336.6 267 367 1)
(13627 21203.6 -40396 399 499 1)
(13636 -15111.6 -18237.2 322 422 1)
(13639 56610.6 -57428.2 441 541 3)
(13647 28280 -94854.2 590 690 1)
(13663 77515.3 -53440.6 198 298 1)
(13664 123780 -131984 328 428 1)
(13678 21297.1 -33307.4 469 569 3)
(13681 -67376.1 -89712.2 171 271 3)
(13683 -58354.9 63296.2 564 664 1)
(13687 -43251.9 8934.63 472 572 3)
(13696 -24069.4 89309.3 39 139 1)
(13706 20199.9 -138045 438 538 3)
(13707 -86514.1 -65443.4 515 615 1)
(13710 -67358 93471.9 314 414 3)
(13717 -59358.1 144865 548 648 1)
(13735 65572 -143086 439 539 1)
(13738 -9022.96 -135980 282 382 1)
(13741 -1972.94 -25399.3 431 531 1)
(13747 -96586 -132585 172 272 1)
(13759 -52233.4 -77521.9 195 295 1)
(13767 -54173.2 -102658 19 119 1)
(13775 86507.1 -131845 2 102 3)
(13776 3112.42 -106782 187 287 1)
(13780 70464.7 123882 203 303 1)
(13812 94779 -140141 605 705 1)
(13815 -20076.1 141788 183 283 3)
(13819 32232.3 88393.2 186 286 3)
(13820 67472.1 -121859 348 448 1)
(13828 3101.34 -127026 599 699 1)
(13837 104783 71370 421 521 3)
(13839 3042.78 46198.8 465 565 3)
(13842 85588.1 125675 383 483 3)
(13855 101714 -87682.9 443 543 1)
(13857 -25057.9 -77594.4 220 320 1)
(13859 -71643.7 -63544.7 225 325 1)
(13880 -9022.86 -129852 178 278 1)
(13882 56388.5 -148005 189 289 3)
(13895 121937 -22289.2 601 701 3)
(13897 77382.7 13781.6 485 585 3)
(13900 -55411.9 -50514.8 447 547 1)
(13907 42293.9 -395.659 623 723 1)
(13912 -93611.8 -99636.4 548 648 1)
(13916 -99586.2 -142189 560 660 1)
(13918 36278.2 118575 127 227 3)
(13919 -62335.7 79461.9 275 375 1)
(13924 49335.7 49144.6 1 97 1)
(13927 -65319 -96862.3 353 453 1)
(13939 66464.1 -64476.5 228 328 3)
(13948 27307.5 14735.9 519 619 1)
(13949 -108524 75281.2 1 94 1)
(13952 -29124.3 -146045 516 616 1)
(13964 53467.7 -136812 81 181 1)
(13982 72319.3 29074.1 491 591 3)
(13983 83550 -40318.2 164 264 1)
(13985 40350.6 -88741.8 530 630 1)
(13988 -23090.3 44208.2 375 475 1)
