(159004 -39203.7 43151.5 508 608 1)
(159006 36296.9 109564 364 464 1)
(159012 -123640 -91637.3 104 204 1)
(159028 67463.3 -111819 296 396 3)
(159034 107834 -24369.4 572 672 1)
(159039 14195.6 100546 457 557 1)
(159040 108405 -37069.2 150 250 1)
(159050 88822.5 -119966 593 693 1)
(159055 -10179.2 -127271 555 655 1)
(159060 39345.6 -35421 521 621 1)
(159072 20207.6 49155.9 629 729 3)
(159074 -35151.8 16961 135 235 1)
(159076 35320.7 72380.7 549 649 1)
(159078 -37197.4 -138057 445 545 1)
(159082 53406.3 -95868 455 555 1)
(159083 -111018 -58013.6 430 530 1)
(159086 -11987.9 8922.03 308 408 1)
(159095 72509.8 49191.8 359 459 1)
(159101 37218.3 27087.5 416 516 3)
(159102 -33119.7 147885 561 661 1)
(159108 -61382.5 114680 486 586 1)
(159129 -38140.8 16984.2 1 97 1)
(159138 -97476.8 19047.5 219 319 3)
(159143 60458.2 95419.3 111 211 3)
(159160 85637.9 77488.7 447 547 1)
(159161 39306.7 103522 237 337 1)
(159163 115953 -103881 619 719 1)
(159166 -82500.7 -91776.7 536 636 1)
(159179 5081.76 96424.4 100 200 1)
(159186 -70289.3 -132746 143 243 1)
(159190 -120667 42147.1 313 413 1)
(159195 19159.3 -13181.9 13 113 1)
(159199 5098.81 -59510.6 364 464 1)
(159205 86631.8 87442.9 439 539 1)
(159226 66378.8 -64316.7 1 100 3)
(159229 -43206.5 -103800 303 403 3)
(159244 41344.3 -53475.4 513 613 3)
(159250 -18106.2 -70658 269 369 1)
(159252 27234.2 -16254.4 275 375 3)
(159260 -38205.3 42195 456 556 1)
(159275 -9988.08 -53531.4 445 545 1)
(159276 -8979.22 -12224.2 195 295 1)
(159281 -46263.9 -28283.5 478 578 1)
(159285 -66332.5 63266.9 276 376 1)
(159302 -6153.13 -128956 124 224 1)
(159303 -66346 -111862 344 444 1)
(159329 -26122.3 -130.029 559 659 1)
(159330 -97732.8 -146747 434 534 1)
(159336 -33179.8 122699 414 514 1)
(159339 -107577 -22251.3 231 331 1)
(159342 10823.8 79422.1 129 229 3)
(159345 -65274.8 21890.1 196 296 1)
(159362 -13026.5 -82646.6 282 382 3)
(159370 -57323.7 -102728 315 415 3)
(159377 -36219.5 -62386.6 269 369 1)
(159379 -67371.3 101485 453 553 1)
(159381 70516.5 -68741 580 680 3)
(159398 -47204.6 87364.3 64 164 1)
(159405 78595.1 22053.4 378 478 3)
(159409 -36197.3 70261.8 551 651 1)
(159413 6127.16 99508.6 338 438 1)
(159414 -112519 -73603 276 376 1)
(159430 76704.2 8015.33 502 602 1)
(159434 36295.6 146792 340 440 1)
(159436 54481.7 -87796.4 553 653 1)
(159439 63339 -66476.7 138 238 1)
(159449 77526.1 31057.4 257 357 3)
(159451 92833.1 43428.5 565 665 1)
(159452 -62333.7 54207.9 238 338 1)
(159465 -100599 76370.4 577 677 1)
(159466 18133 35087.1 545 645 3)
(159470 30319.8 -40297 129 229 1)
(159475 -24083.6 -41296.8 43 143 3)
(159477 24334.4 -2306.98 627 727 1)
(159480 -31145.9 -89752.9 506 606 3)
(159485 44396.6 -54524.4 303 403 1)
(159486 -29109.4 -129009 489 589 1)
(159490 95341.8 956.803 195 295 1)
(159492 22203.6 79409.3 574 674 1)
(159494 -60320.8 3882.52 339 439 3)
(159497 -91531.5 -38428 433 533 1)
(159502 23230.8 -1146.08 410 510 1)
(159503 121965 63322.8 613 713 3)
(159504 -13874.7 -24144.2 144 244 1)
(159506 -37193 -56554.4 615 715 1)
(159509 114780 -8184.13 316 416 1)
(159518 94780.6 90612 479 579 1)
(159519 62467.4 17793.5 596 696 1)
(159522 -72359.6 -15190.9 101 201 3)
(159523 113848 -60589.7 448 548 1)
(159525 -16001.4 -10436.6 430 530 1)
(159529 -12021.9 77370.7 287 387 1)
(159533 79453.4 -93499.2 341 441 1)
(159536 -6183.06 -5191.95 357 457 1)
(159542 60502.3 39189.5 601 701 1)
(159554 88.2882 -99655.3 48 148 3)
(159568 -6924.55 -145058 535 635 1)
(159570 -50256 -114860 371 471 1)
(159573 81605.3 -6282.6 433 533 1)
(159574 -57274.1 -48370.1 263 363 1)
(159576 38331.3 20980.9 253 353 3)
(159585 -62314.9 1909.52 113 213 1)
(159587 45340.9 -53473 323 423 1)
(159596 103790 -113878 606 706 1)
(159599 -27178.1 -33316.1 330 430 1)
(159602 -21077.8 -77617.7 375 475 1)
(159603 -97512.6 -74558.9 191 291 1)
(159606 37432.8 -85725.9 613 713 1)
(159611 -121603 117530 106 206 1)
(159613 -16867.8 -132883 232 332 3)
(159620 -21077.5 142506 325 425 1)
(159621 -114503 109497 41 141 1)
(159626 87571.8 -35.8158 314 414 1)
(159634 46354 -115862 336 436 1)
(159636 77556.6 -25290.7 383 483 1)
(159641 107651 -4070.44 218 318 1)
(159650 -112548 98510.1 206 306 1)
(159657 59492.9 -96715.4 230 330 1)
(159658 -78402.3 9936.37 156 256 1)
(159663 -104655 -108028 534 634 1)
(159665 63500.2 -146137 496 596 1)
(159669 -116836 -28262.8 627 727 1)
(159670 -16056.4 -102730 93 193 1)
(159675 -65420.8 -55567 628 728 1)
(159676 93652.9 -42397 341 441 1)
(159692 -8979.23 -1136.45 550 650 1)
(159693 -89450.8 62209.7 1 95 3)
(159696 -7055.35 -62412.7 219 319 1)
(159698 29203.8 -79524.2 15 115 1)
(159708 82543.6 -46274.6 73 173 1)
(159712 -11112.7 -35384.1 437 537 3)
(159723 -6975.08 -118770 42 142 1)
(159725 23170.4 -33283.1 19 119 1)
(159726 51460.1 -76622.7 315 415 1)
(159750 -40170.9 -85617.9 10 110 1)
(159754 13217.4 -8075.48 390 490 3)
(159756 11150.1 -109856 384 484 1)
(159763 -75396.6 6916.41 243 343 1)
(159768 -96490.1 76317.5 119 219 1)
(159770 71493.4 -125087 615 715 1)
(159789 -71461.8 44183.6 391 491 1)
(159797 101693 -63526.9 306 406 1)
(159807 -103584 -143030 324 424 1)
(159816 17301.5 -55462.9 335 435 3)
(159820 -4961.87 -82726.8 618 718 1)
(159821 -30108.6 -115752 137 237 3)
(159826 -10088.1 -83764 273 373 3)
(159832 39248.4 -127925 318 418 1)
(159837 121663 -45547.3 465 565 1)
(159840 -26176.4 -20247.4 331 431 1)
(159841 -68379.4 -12181.3 336 436 1)
(159846 -39181.3 -78581.2 197 297 3)
(159850 -35166.4 -139981 297 397 3)
(159864 123857 33081.9 457 557 1)
(159865 -115621 -48347.2 177 277 1)
(159872 5060.09 130440 16 116 1)
(159884 -84506.2 -21347.4 609 709 1)
(159888 -39331.7 -64551.8 482 582 1)
(159892 -18082.8 -130751 7 107 1)
(159904 33253.9 7922.13 160 260 1)
(159910 -8955.11 -107869 545 645 1)
(159911 -42170.7 -135000 303 403 3)
(159914 122182 133014 312 412 1)
(159924 16116.5 141627 352 452 1)
(159926 -5999.12 49124.9 16 116 1)
(159930 -83349.1 -69715 15 115 1)
(159933 50417.3 118606 334 434 1)
(159947 -1960.72 56188.8 1 93 3)
(159956 116797 64314.6 466 566 1)
(159957 -58319.4 -67496.5 298 398 1)
(159962 -91579 52573.3 538 638 1)
(159971 -81541.8 -49690.6 122 222 1)
(159988 -23052.5 94449.7 31 131 1)
(159990 -82521.6 -6216.45 611 711 1)
(159992 -973.479 -76.7114 1 97 1)
(159993 83502.7 58182.1 56 156 1)
