(27001 -117453 -7002.82 357 457 1)
(27013 11120.4 -142036 139 239 -1)
(27014 80613.5 -79589.5 262 362 3)
(27015 -46194.4 -53518.4 484 584 1)
(27016 -86527.4 -126794 232 332 1)
(27020 -9015.09 -56174 385 485 1)
(27031 -33086 -121776 157 257 1)
(27037 -13010.7 25019.7 440 540 1)
(27041 -11037.5 48118.1 55 155 1)
(27043 96707.8 103517 456 556 1)
(27050 -39109.4 -97745.9 418 518 1)
(27053 -61364.5 -103885 607 707 1)
(27061 -87511.9 -50472.9 426 526 1)
(27063 -47606.5 -96473.5 223 323 3)
(27066 55407.6 -146994 179 279 1)
(27069 -84514.9 -81696.9 484 584 1)
(27080 -28128.7 -70577.1 398 498 3)
(27081 -73923 20042.9 154 254 1)
(27083 -55316.1 -99791.9 453 553 3)
(27090 32072.6 42890.8 260 360 1)
(27093 -108589 30133.8 272 372 1)
(27095 74612.8 -71673.7 491 591 3)
(27097 120887 -7222.68 434 534 1)
(27100 -48264.6 -75662.3 564 664 1)
(27112 -9301.13 -56501.8 519 619 3)
(27117 -55312.1 -109884 513 613 1)
(27121 -88407.9 -33246.2 91 191 1)
(27123 70471.5 82470.1 541 641 1)
(27129 -16039.8 68288.8 495 595 1)
(27133 95664.7 15960.4 268 368 1)
(27136 8136.86 -70629.3 561 661 1)
(27139 -28279.8 61109.2 519 619 1)
(27145 86491.5 -108790 372 472 1)
(27148 -55288.9 -60496.6 322 422 3)
(27156 -72280.4 41022.6 42 142 1)
(27157 26255.7 110553 331 431 3)
(27167 83526.1 -77550.5 143 243 1)
(27174 -117786 -17479.4 622 722 1)
(27177 97620.4 -87706.2 201 301 1)
(27180 68473.8 69394.4 241 341 3)
(27181 113635 -144876 29 129 1)
(27190 90292.1 -21350.2 76 176 3)
(27199 107645 61223.2 81 181 3)
(27207 102778 -130942 492 592 1)
(27209 8112.1 -78620.4 139 239 3)
(27211 -42279.6 113653 543 643 1)
(27215 -90518.3 98469.9 322 422 1)
(27227 31239.7 -50536.2 77 177 1)
(27236 -41148.6 50112.5 238 338 3)
(27237 69601.6 -113945 494 594 1)
(27243 -99574.4 -91710.2 180 280 1)
(27246 14136.7 -88684.2 439 539 1)
(27259 106586 -73692 405 505 1)
(27270 -104603 94451 506 606 1)
(27280 45265.8 50208.4 32 132 1)
(27286 -33219.1 51068.1 190 290 3)
(27287 20321.1 59283.6 465 565 3)
(27291 75613.6 -130065 559 659 1)
(27295 -88548.8 59169.4 298 398 1)
(27300 -16063.6 -21257.9 121 221 1)
(27310 96606.3 111470 107 207 1)
(27321 71433.5 25016.8 233 333 1)
(27325 40319.5 -90615.5 124 224 3)
(27327 -65353.9 -17249.5 358 458 3)
(27328 -16036.8 19978.4 43 143 1)
(27342 23227.7 -74620 556 656 1)
(27348 5088.31 -108746 202 302 1)
(27350 -4008.32 12244.3 359 459 1)
(27357 -64396.3 -124981 407 507 1)
(27367 -118910 22189.9 55 155 1)
(27369 -97457.1 137620 6 106 1)
(27372 111828 37107.8 555 655 3)
(27375 33271.8 -116961 252 352 1)
(27380 26172.4 19944.8 17 117 1)
(27382 34202.4 26037.8 122 222 1)
(27386 61461.5 -9198.44 413 513 1)
(27389 84889.6 -122833 600 700 1)
(27393 -15049.8 99556.3 430 530 1)
(27395 -29137.7 -108875 503 603 1)
(27398 -92518.5 16979.7 340 440 1)
(27399 -42180.5 -97796.6 422 522 1)
(27403 82658.9 9905.82 300 400 3)
(27410 -123628 -98892.7 319 419 1)
(27413 69576.2 -147135 524 624 3)
(27414 -21095.7 143771 352 452 1)
(27432 18317.1 -9776.42 100 200 1)
(27433 -89049.8 -106737 203 303 1)
(27439 -105517 33068.6 72 172 1)
(27446 110670 149698 85 185 1)
(27448 -20069.7 9870.01 191 291 1)
(27458 -117667 -43445.9 507 607 1)
(27461 77670.7 -37385.9 611 711 3)
(27465 -41146 -146153 419 519 1)
(27466 15160.6 -45445.5 390 490 1)
(27476 105754 96437.3 242 342 1)
(27477 12126.4 81342.8 103 203 3)
(27480 59389.7 -64657.6 427 527 1)
(27481 -119670 -85688.4 364 464 1)
(27483 2075.86 -88642.9 194 294 3)
(27494 74498.3 -39359.1 292 392 1)
(27496 18111.5 31116 603 703 1)
(27508 77600.8 -7127.28 455 555 1)
(27517 -43263.2 -82565.1 324 424 3)
(27518 124737 7906.54 253 353 3)
(27520 -85413.5 -53406.7 102 202 1)
(27521 45263.5 87514.4 531 631 1)
(27532 25077.9 132793 214 314 1)
(27547 -4018.87 -71598.4 329 429 3)
(27549 56334.4 -38393.1 1 98 1)
(27556 96577.4 125560 105 205 1)
(27583 24194.1 7930.23 58 158 1)
(27588 -18037.5 -94691.2 262 362 1)
(27593 -8995.47 -60636.2 407 507 1)
(27597 -71282.4 -112938 350 450 1)
(27601 -8985.26 -119908 379 479 1)
(27602 -56328.2 58260.1 507 607 1)
(27613 5172.59 -78534.9 404 504 1)
(27616 61557.9 -60526.8 518 618 1)
(27621 -54228.1 -55529.8 319 419 3)
(27623 14181.9 141791 293 393 3)
(27624 -115653 -143078 303 403 1)
(27635 -10989 35101 429 529 1)
(27637 -87477.6 6936.74 197 297 1)
(27641 -82431.4 -21036.5 501 601 1)
(27645 49407.4 -77686.2 550 650 1)
(27647 14298.9 -123403 480 580 1)
(27656 59452.9 94437.5 295 395 1)
(27667 -84345 -34237.9 74 174 1)
(27668 -72381.4 -101804 338 438 1)
(27673 93565.1 67203.8 120 220 1)
(27679 122708 -92608.6 16 116 3)
(27683 -104545 -81622.2 405 505 1)
(27689 -28033.1 80169.2 597 697 1)
(27691 -42303.1 -93761 471 571 1)
(27696 43368.7 -21306.7 65 165 1)
(27698 100796 2881.28 492 592 3)
(27707 -70391.4 -44396.9 56 156 1)
(27711 53432.9 -132087 448 548 1)
(27725 94735.2 -81698.1 568 668 1)
(27731 -24156.2 -91814.3 489 589 3)
(27735 -93434.1 -55399.2 72 172 1)
(27739 63387.3 142627 27 127 3)
(27746 -72160.5 78414.1 428 528 1)
(27748 5185.75 49117.5 74 174 1)
(27756 67500.6 -135042 441 541 1)
(27758 51324.8 -105962 566 666 3)
(27759 7115.56 -19273.3 567 667 3)
(27762 -54274.6 -104782 329 429 1)
(27771 -52251.6 -126904 282 382 1)
(27772 28190.9 -12188.5 74 174 3)
(27784 19289.1 84544.3 404 504 1)
(27799 20189.3 97472.4 276 376 1)
(27832 46261.2 102456 54 154 1)
(27835 -23113.9 -64615.8 591 691 3)
(27836 -85585 136909 509 609 3)
(27839 -51281.8 35113.5 542 642 1)
(27842 3070.8 -103732 199 299 1)
(27846 113085 -28373.8 532 632 1)
(27847 22239.4 -73632.4 470 570 1)
(27854 44333.4 15984 386 486 1)
(27856 -52660.7 -95695 204 304 1)
(27858 110843 -59563 156 256 1)
(27864 77688 -2101.12 518 618 1)
(27873 41357.4 25036.2 229 329 3)
(27890 90522.2 -24590.2 271 371 1)
(27892 25200.3 11942.6 105 205 1)
(27911 13134.5 85423.3 444 544 3)
(27912 45373 -40412.8 473 573 1)
(27914 -14049.2 22001.6 356 456 1)
(27916 -68388.4 8912.34 508 608 3)
(27917 -53319.4 68365.9 570 670 1)
(27922 -77378 75340 103 203 1)
(27926 103639 61364.2 484 584 3)
(27931 -118749 -88724.8 430 530 3)
(27940 -4945.17 -64443.6 72 172 1)
(27942 41319.6 -101743 294 394 1)
(27946 -78401.7 -146904 46 146 1)
(27963 -104747 21097.4 519 619 3)
(27974 72379.8 10076.5 202 302 1)
(27975 -44193.9 -120885 330 430 3)
(27976 -86498.9 60214 383 483 1)
(27982 -114684 -55510.8 404 504 1)
(27996 -10974.1 -132864 445 545 3)
(27997 35251.5 111525 182 282 1)
(27998 -898.195 -25247.6 191 291 3)
