(83004 -81438 -39380 333 433 1)
(83017 -35474.4 -5983.62 239 339 1)
(83027 121724 23014.9 81 181 1)
(83028 82763 -45491.9 197 297 1)
(83042 -96578.6 -131044 598 698 1)
(83044 -116728 -98931.4 589 689 1)
(83046 11172 -83725.5 531 631 3)
(83051 53445.4 -103837 424 524 3)
(83055 31255.4 -1138.18 510 610 3)
(83059 -94563.6 -19258.8 466 566 1)
(83068 -24009.6 -42371.7 185 285 3)
(83069 -3959.75 -1152.31 461 561 1)
(83077 -44211.7 -113776 88 188 1)
(83079 37250.2 143661 147 247 1)
(83080 33269.6 -120795 129 229 1)
(83092 36314.3 -92807.8 578 678 1)
(83106 -63361.2 55209.6 439 539 1)
(83107 18147.6 80327.2 86 186 1)
(83111 74575.3 -76681.6 577 677 1)
(83117 22226.2 55257.1 92 192 1)
(83118 55358 -102720 97 197 1)
(83122 -38250.1 118538 60 160 1)
(83126 43.6311 7888.02 557 657 1)
(83151 97586.8 121652 150 250 1)
(83152 -27102.5 32051.9 303 403 3)
(83157 -98541 -90727.7 359 459 1)
(83160 83734 -145198 568 668 1)
(83161 -4981.42 -24268.2 349 449 1)
(83167 -107582 32077.5 37 137 1)
(83170 -78474.5 27077 499 599 3)
(83174 50155.9 -82190.6 64 164 1)
(83175 -77458.6 -147197 587 687 1)
(83178 92639.6 -57449.7 58 158 1)
(83181 97717.2 -98778.7 394 494 3)
(83182 81609.5 -60481.4 213 313 1)
(83190 -111667 -52470.3 440 540 3)
(83200 23231 -133119 628 728 3)
(83201 -56372.6 -111880 267 367 3)
(83204 -96805.4 -38556 498 598 1)
(83220 -96649.1 68394 476 576 1)
(83223 37511.7 -92600.4 83 183 1)
(83228 -68209.8 -105042 418 518 1)
(83237 40562.7 -36904.7 49 149 1)
(83246 47362.1 -141982 319 419 3)
(83254 -27091.3 -52498.6 601 701 1)
(83259 17172.5 -119831 179 279 1)
(83260 -1002.53 -93724.5 57 157 3)
(83266 -40145.6 24042.6 264 364 3)
(83268 20205.2 10991.6 317 417 3)
(83274 -57334 -107759 199 299 1)
(83283 20551.8 -75632.2 368 468 1)
(83285 -2930.88 -126964 361 461 1)
(83286 99655.5 25037.6 290 390 1)
(83302 -104736 63330.6 422 522 1)
(83306 -9959.4 80366.1 221 321 1)
(83308 -12006.5 -77699.8 476 576 1)
(83312 53407.2 -129216 428 528 1)
(83337 1067.48 80324.3 179 279 3)
(83339 -33159.1 108600 525 625 1)
(83353 79597.9 -16246.5 484 584 1)
(83355 36143.9 67455.7 28 128 1)
(83366 -83366.5 -50413.9 205 305 1)
(83368 -91481.7 77360.9 138 238 1)
(83371 47382.4 -53332.1 64 164 1)
(83374 -71456.8 -140143 619 719 1)
(83382 -47261.6 -60490.6 326 426 1)
(83385 23224.9 -119972 468 568 1)
(83390 11966.6 54310.6 431 531 1)
(83391 -62368.9 -35431.4 480 580 1)
(83394 -75429.3 -141029 384 484 1)
(83398 -115664 54073 408 508 1)
(83405 -121810 -148169 586 686 1)
(83414 11148.1 -58523.7 459 559 1)
(83426 -63400.6 -61588.8 553 653 1)
(83431 64456.1 -111814 323 423 3)
(83432 105854 -140877 221 321 1)
(83436 -101680 97577.6 589 689 1)
(83445 52401.2 -108872 253 353 3)
(83452 -87446.6 -113830 129 229 1)
(83455 -95606.1 36091.8 619 719 1)
(83456 -3950.28 -6192.43 553 653 1)
(83477 -15017.5 120600 379 479 1)
(83486 111716 106516 211 311 1)
(83497 -23082.9 -44371.5 202 302 3)
(83500 -13028 141703 1 100 1)
(83502 13139.8 -125974 475 575 3)
(83518 -23729.9 -66386.7 279 379 1)
(83520 -43152.5 60263.7 459 559 1)
(83524 -48217.5 -70505 141 241 1)
(83530 -28117.3 71326.6 495 595 -1)
(83534 74469.3 -45381.2 67 167 1)
(83536 -10027.2 -45346.6 44 144 1)
(83538 -25115.6 -58525.7 497 597 1)
(83542 97701.2 143803 627 727 1)
(83543 99763.9 88424.2 173 273 1)
(83545 -99584.9 130648 319 419 1)
(83548 11170.4 -31341.3 605 705 1)
(83550 -119657 -83578.2 50 150 1)
(83560 -21089.1 -122821 59 159 1)
(83562 -48214.7 27039.4 129 229 1)
(83571 -119620 -131002 306 406 1)
(83576 -55304 132640 340 440 1)
(83578 -6049.52 -77630.2 108 208 1)
(83580 -79406.4 46342.9 579 679 1)
(83586 123799 112379 166 266 1)
(83591 120821 -33272.2 210 310 1)
(83593 79550.4 -130947 477 577 1)
(83598 103661 -133044 407 507 1)
(83600 79587.5 59283 513 613 1)
(83604 3088.46 -124008 594 694 1)
(83622 -5946.31 -80691.2 484 584 1)
(83629 18132.3 38079.1 221 321 1)
(83637 -67373.3 70399.6 551 651 3)
(83638 104777 -112923 439 539 1)
(83642 12133.2 -22253.5 183 283 1)
(83645 72552.8 131785 521 621 1)
(83656 98608.5 -82569.2 167 267 3)
(83663 -32290.3 -28257.7 218 318 3)
(83674 103583 -37289.9 69 169 1)
(83681 113176 -12422.1 576 676 3)
(83682 -85508.3 -109879 473 573 3)
(83683 11123.6 38101.2 158 258 1)
(83689 -38364 21934.4 249 349 1)
(83694 65480.5 22002.2 375 475 1)
(83709 -25010.8 8938.27 142 242 1)
(83721 -76472.5 57254.8 625 725 1)
(83726 -43233.4 -74539.4 86 186 1)
(83731 -72269.6 94467 363 463 1)
(83746 -9996.18 29044 17 117 1)
(83750 104628 130624 99 199 1)
(83753 -91508.8 17916.8 200 300 1)
(83761 -70391.7 27070.1 166 266 1)
(83773 72519.5 39034.4 55 155 1)
(83774 17094.8 -140877 2 102 1)
(83779 69423.6 -72540.5 447 547 3)
(83780 -85419.9 59247.9 264 364 1)
(83786 -117621 24883.6 454 554 1)
(83788 26249.3 -27179.6 109 209 3)
(83793 117927 -125982 622 722 1)
(83795 -123811 63281.2 548 648 1)
(83800 -92552.2 -18279 622 722 1)
(83802 -92524.1 -52478.7 363 463 1)
(83816 10112.6 55104.3 160 260 1)
(83821 -37176.9 -48319.5 230 330 1)
(83825 18016.7 84294.1 310 410 1)
(83829 -48361 -78351.9 1 93 1)
(83830 -43211.8 36101.2 299 399 1)
(83834 -69198.6 -58755.2 1 98 1)
(83841 -116551 -107700 50 150 1)
(83844 1046.3 -95730.8 379 479 1)
(83847 -24102.4 82419.3 259 359 1)
(83867 -60553.3 -68607.5 208 308 3)
(83871 15124 126503 124 224 1)
(83872 71495.4 -101730 243 343 1)
(83881 -59294.8 84360 302 402 1)
(83888 33348.7 100522 379 479 1)
(83893 124811 42173.9 379 479 3)
(83894 21204.5 -74477.5 556 656 1)
(83911 -20064.8 -110852 409 509 1)
(83917 9189.64 -44339.6 128 228 3)
(83942 11283.3 -30358.6 395 495 1)
(83945 65404.9 -147029 169 269 1)
(83952 -29091.8 -54458.4 232 332 1)
(83955 -71307.6 -142872 95 195 1)
(83963 -29122.1 -133084 308 408 3)
(83966 -115707 -126992 422 522 1)
(83969 116819 62302.7 160 260 3)
(83971 -39167.5 -121767 37 137 1)
(83972 -78518 -137027 337 437 3)
(83976 -88531.7 -96883 452 552 1)
(83979 -124643 73355.1 220 320 1)
(83988 57336.3 -144901 45 145 1)
(83996 73480 -85657.6 300 400 1)
(83999 -66348.6 -127992 458 558 1)
