(64001 54305.7 -147925 105 205 1)
(64010 -56871.7 72832.1 587 687 3)
(64011 -28099.3 -149069 378 478 3)
(64016 37938 27055.9 505 605 1)
(64019 -84531.4 25012.8 432 532 1)
(64023 -86529.6 -67555 302 402 1)
(64031 -94349 103409 395 495 3)
(64032 -118761 -147174 578 678 3)
(64043 102717 18973.1 418 518 1)
(64062 23246.6 -93795.7 582 682 1)
(64069 -10004.6 -39247.2 105 205 1)
(64074 -6003.7 -68530.7 310 410 1)
(64077 54354.5 73316.8 83 183 3)
(64080 -103702 102601 533 633 3)
(64085 -70352.4 86381 195 295 1)
(64104 -107670 12939.6 508 608 3)
(64109 82560.9 74321.2 166 266 1)
(64115 7117.63 -95645.7 210 310 1)
(64130 -33151.9 -61572.5 481 581 3)
(64133 -8907.55 23492.2 579 679 3)
(64137 32522.2 54900.1 173 273 1)
(64149 -5995.38 83350.1 282 382 1)
(64153 -50264.8 -132901 189 289 3)
(64159 12146.6 13960.5 367 467 1)
(64161 -19082.1 -138160 625 725 3)
(64176 1056.37 -60516.3 596 696 3)
(64180 18141.1 -142890 115 215 1)
(64193 -75493.3 -50502.1 626 726 1)
(64195 -27046.6 52106.2 357 457 1)
(64197 -7985.48 61259.6 433 533 1)
(64206 41330.1 19908.9 105 205 3)
(64219 -89641.5 84483.5 506 606 1)
(64228 51355 -30299.6 210 310 1)
(64233 -116593 19861.2 410 510 1)
(64238 -7875.39 -50685.8 192 292 3)
(64261 -1968.94 -67487.3 40 140 3)
(64282 -40168 -118633 13 113 3)
(64288 -24109.3 126714 244 344 1)
(64304 -55237.2 -30266.6 23 123 1)
(64311 -47262.8 -70624.6 546 646 1)
(64312 -95508.3 -114592 77 177 3)
(64316 49428.9 -89617 39 139 1)
(64319 47353.2 -121970 487 587 1)
(64320 -34988.5 8933.6 507 607 1)
(64327 -56231 -140879 25 125 3)
(64329 -56322.8 45198 527 627 1)
(64330 -35161.4 -101773 377 477 3)
(64339 26196.9 -93820.7 592 692 3)
(64341 119712 -128814 104 204 1)
(64351 -19023 -15164.2 628 728 1)
(64359 29299.7 -22338.3 519 619 1)
(64369 22181.4 -19213.4 30 130 1)
(64372 -88400.3 63653.4 249 349 3)
(64376 -20071.8 -32390.5 595 695 1)
(64396 49352.1 -53446.5 466 566 1)
(64397 -121541 -73666.9 9 109 1)
(64408 -9831.44 18063.8 332 432 1)
(64415 60380.1 -43370.5 153 253 1)
(64423 106686 -58563.7 393 493 1)
(64427 116733 -87577.3 167 267 1)
(64435 75412.8 -65508.4 119 219 1)
(64440 91817.2 135787 516 616 1)
(64442 -50123.1 35109.2 14 114 1)
(64445 -72642.5 -16380.1 581 681 1)
(64446 -29098.8 90353.5 23 123 1)
(64456 42316.2 -101921 613 713 1)
(64457 -43179.5 -42377.6 356 456 1)
(64459 -46186.8 114494 23 123 1)
(64460 -53308.5 140733 525 625 1)
(64470 4069.38 -51539.1 152 252 1)
(64471 -99745.7 -121894 443 543 1)
(64474 67582.4 -50505.3 587 687 1)
(64475 87579 -127754 440 540 3)
(64483 -82411.9 6977.7 129 229 1)
(64495 -82456.8 45204.6 550 650 1)
(64497 -38171.5 29058.8 36 136 1)
(64500 57481.4 -105981 578 678 1)
(64503 -6953.6 -24282.8 190 290 1)
(64508 65461.6 -41411.5 465 565 1)
(64509 -79501.6 5989.31 409 509 1)
(64511 94686.8 -108837 427 527 1)
(64515 -37152.1 85369.4 259 359 3)
(64516 -16859.4 -131054 286 386 1)
(64532 54430.2 -25238.9 373 473 1)
(64533 -9971.15 17992.3 333 433 1)
(64545 -93550.3 -60527.8 299 399 3)
(64550 -65353 -43296.7 340 440 1)
(64551 -67214.8 -14128.6 366 466 1)
(64554 46437.5 -59469.4 349 449 3)
(64558 22205.3 -6249.96 522 622 1)
(64560 -61299 -63477.8 121 221 1)
(64564 -95469.9 117527 30 130 1)
(64567 87538.2 -84611.2 159 259 3)
(64576 100747 15971.5 437 537 3)
(64581 -37109.3 92423.5 233 333 1)
(64586 -5970.24 -77586 243 343 1)
(64593 -52397.4 149959 466 566 3)
(64600 -39206.4 -25285.4 579 679 3)
(64602 101586 -1140.58 1 99 1)
(64604 -65198.7 -100885 122 222 1)
(64606 -71277.4 79138.5 328 428 1)
(64608 24398.3 -99682.6 373 473 3)
(64609 -45115.1 -37272.4 296 396 1)
(64612 14290.8 -40350.5 269 369 1)
(64614 -38157.3 38099.5 126 226 3)
(64615 -37143.8 -70545.4 80 180 1)
(64620 64424.4 125597 134 234 1)
(64626 26185 -110734 139 239 3)
(64627 -21059.8 29090 391 491 3)
(64643 -18035.1 149683 68 168 1)
(64648 102795 121691 312 412 1)
(64651 37203.3 107555 202 302 3)
(64663 -89564.1 -17251.1 576 676 1)
(64664 95666.1 -101808 349 449 1)
(64665 28198.4 102447 20 120 1)
(64672 -56165.7 -23261.8 198 298 3)
(64675 106460 91343.2 43 143 1)
(64684 -34212.6 -47450.6 395 495 1)
(64685 -32140.3 -16273.5 376 476 3)
(64689 -33097.7 -90462.5 43 143 1)
(64690 -71374.1 43104.8 152 252 1)
(64693 -111581 -130979 329 429 3)
(64701 95703.6 57235.3 424 524 1)
(64702 -96567.8 -115834 261 361 1)
(64703 103741 3886.94 423 523 3)
(64710 35267.2 -44369.8 129 229 1)
(64718 9106.63 -89582.4 6 106 3)
(64720 -16031.2 -50385.6 68 168 1)
(64731 -33141.9 899.817 106 206 1)
(64732 -25064.5 60241 374 474 3)
(64753 -11012 -78492.6 26 126 1)
(64755 -46248 8922.93 215 315 1)
(64763 -16294.2 88884.1 220 320 -1)
(64766 21216.9 104612 615 715 1)
(64774 -57327.2 -38395.5 480 580 3)
(64782 121732 -24246.7 246 346 1)
(64787 -26121.4 -145077 317 417 1)
(64791 -80518 43168.3 540 640 1)
(64792 -92512.6 -97744.8 436 536 1)
(64794 -69355.1 77363.1 159 259 1)
(64804 69450.6 -66574.8 292 392 3)
(64812 38270 -27409.4 250 350 1)
(64822 -7058.16 -5230.24 238 338 1)
(64823 -54259.6 31047.1 36 136 3)
(64824 -29094 -45295.9 48 148 3)
(64836 67998.9 30740.7 185 285 1)
(64841 -88539.2 11934.8 234 334 1)
(64846 -18791.3 38832.9 120 220 1)
(64855 -23117.3 -68644 597 697 1)
(64857 28266.1 -33352.1 22 122 1)
(64859 117899 110538 489 589 1)
(64861 107695 -71646.1 172 272 1)
(64862 23.4015 -87739.9 533 633 3)
(64865 -8660.51 18301.9 147 247 1)
(64866 -108584 -12265.6 263 363 1)
(64868 -114635 -30465 489 589 3)
(64874 113615 54294.2 475 575 1)
(64880 2104.29 -50412 212 312 3)
(64885 120779 -31308.9 149 249 1)
(64889 115698 -98624.5 1 99 3)
(64890 -27064.1 -42516.2 465 565 1)
(64893 75.6555 108588 518 618 1)
(64894 45399.1 87400.9 342 442 3)
(64900 -112697 57247 472 572 1)
(64906 -17908.1 -141273 453 553 1)
(64907 -31069.1 85537.5 519 619 1)
(64914 102356 -9025.36 68 168 1)
(64916 15003.4 101349 109 209 1)
(64918 -57275 107476 434 534 1)
(64923 -87574.1 34028.4 292 392 1)
(64926 63470.5 -86656.1 336 436 1)
(64932 8108.41 10945.3 387 487 1)
(64933 19213.1 -101749 365 465 1)
(64945 -92495.1 -44384.4 200 300 1)
(64949 63430.5 -100714 226 326 1)
(64950 85615.1 -139444 109 209 1)
(64952 59147 -59928.9 455 555 1)
(64953 -97585.8 -81695.8 515 615 1)
(64955 30247.7 -11199.6 77 177 1)
(64957 93659.7 74341 372 472 1)
(64964 -123586 -42117.7 154 254 1)
(64969 -70374.2 -75603.4 300 400 3)
(64979 53367.1 -58463.5 145 245 1)
(64981 22176.4 146672 23 123 1)
(64982 35254 -142981 426 526 1)
(64994 63512.9 117621 410 510 1)
