(35001 60507.6 -18210.4 587 687 1)
(35005 -68419.5 20033.2 609 709 1)
(35013 -15910.4 -71697.9 375 475 1)
(35021 24497.7 -93623.4 467 567 1)
(35027 -121587 -8196.79 177 277 3)
(35044 24259.6 -74661.9 603 703 1)
(35047 -41211.6 3885.88 549 649 3)
(35056 -2953.3 -142849 20 120 1)
(35067 19234.8 84312.9 49 149 1)
(35069 72457.8 -103743 127 227 1)
(35080 -69407.1 -51479.4 562 662 1)
(35085 -73439.6 -106831 484 584 3)
(35086 -26164.3 113648 542 642 1)
(35090 28019.7 -38168 489 589 1)
(35099 -67296.7 795.988 217 317 1)
(35101 60432.6 -104795 181 281 1)
(35103 -47234.1 -48431.6 262 362 1)
(35109 -79443.1 -134993 370 470 3)
(35110 94692.6 107578 389 489 1)
(35115 48284.8 -68340.2 9 109 1)
(35119 33232.5 -101665 69 169 3)
(35120 53461.9 54257.8 615 715 1)
(35123 164.6 33134.2 49 149 1)
(35126 -19121.8 -57482.3 363 463 1)
(35127 87624.9 -6155.25 354 454 1)
(35131 -95503.5 -63396.2 158 258 3)
(35132 -9947.89 -60660.2 499 599 1)
(35141 10190.5 -5173.8 216 316 1)
(35153 -56356.2 149145 616 716 1)
(35156 44329.1 92396.7 175 275 1)
(35164 86673 -146142 540 640 1)
(35170 -59328.4 -71595.2 430 530 1)
(35174 3131.66 -40435.8 408 508 1)
(35178 64490 -45378.2 540 640 1)
(35184 90629 103482 332 432 3)
(35189 -965.173 -10234.1 503 603 1)
(35198 -105539 -72560.3 54 154 1)
(35200 40350.4 -42450.3 568 668 1)
(35202 51247.1 -63415.6 132 232 1)
(35205 47438.8 -28358.7 621 721 1)
(35209 -49222.4 -31246.1 79 179 1)
(35211 99638.6 -128982 363 463 3)
(35216 62487 -36412.3 283 383 1)
(35220 21446.3 -35536 126 226 3)
(35221 -55193.2 15016.1 200 300 1)
(35227 -7989.34 -28304.7 288 388 1)
(35231 92571.2 -75531 96 196 1)
(35232 -9993.82 -48436.7 369 469 1)
(35239 -6074.83 -144164 527 627 3)
(35242 -11917.8 9218.89 177 277 1)
(35250 58382.7 -82578.3 81 181 1)
(35257 -123712 -58490.9 161 261 3)
(35259 71300.8 -61510.2 237 337 1)
(35261 65.7075 27046 525 625 1)
(35263 55327.4 -86585.6 6 106 1)
(35264 -6969.91 61235.3 180 280 3)
(35275 39302.1 30055.1 329 429 1)
(35278 95734.2 90487.4 555 655 1)
(35279 -106440 29016.8 133 233 1)
(35284 35282.4 66268.4 262 362 1)
(35295 -16048.7 -102843 517 617 1)
(35301 -906.503 -50506.3 68 168 1)
(35315 66396.8 -53455.8 336 436 1)
(35332 55413.4 48215.3 359 459 1)
(35344 -8978.81 66316.8 321 421 1)
(35348 41356.2 -108884 494 594 1)
(35350 70471 -12178.2 114 214 3)
(35362 101588 -77567.8 63 163 1)
(35363 -84495 -101788 462 562 1)
(35364 46437.3 -53581.5 607 707 1)
(35365 100767 -89547.6 295 395 1)
(35369 -35863 -62336.1 618 718 1)
(35387 -117678 17942 18 118 1)
(35391 14154.1 -53468.1 383 483 1)
(35392 92666.5 39120.6 302 402 3)
(35405 9117.63 48164.8 264 364 1)
(35407 68450.6 15010.3 79 179 1)
(35418 -78415.3 -124820 157 257 1)
(35432 -25087.6 -108795 274 374 1)
(35444 -19140.2 -104667 31 131 1)
(35450 -108688 -111771 420 520 3)
(35457 -72483.4 47166.2 181 281 1)
(35459 -110598 62204.2 264 364 1)
(35470 -19074.4 -45415.6 304 404 1)
(35481 -121765 100520 462 562 1)
(35482 -30138.2 115638 554 654 1)
(35488 -74338.9 -17057.9 133 233 1)
(35490 -72383.4 10927.8 351 451 3)
(35501 -64278.8 49081 187 287 3)
(35522 28432.7 78114.3 3 103 1)
(35524 11111 10963.2 442 542 1)
(35525 115746 51996.7 386 486 1)
(35533 67491.5 65287 248 348 1)
(35539 -24120.6 18013.2 550 650 3)
(35555 -61289 -124816 104 204 1)
(35557 -49240.6 -121928 382 482 3)
(35558 33352.5 -39317.9 307 407 1)
(35565 -120494 139678 120 220 1)
(35566 -74412.9 8917.55 376 476 3)
(35573 -12095.6 -99636.7 263 363 3)
(35576 -56273.5 145523 58 158 1)
(35578 -26066.6 -20236.2 377 477 1)
(35583 116833 44322 545 645 1)
(35590 101697 -107846 334 434 1)
(35593 -81436 -15221.9 260 360 1)
(35596 110658 -128808 110 210 1)
(35597 -62309.9 33051.3 232 332 1)
(35610 51326.5 -30271.7 1 97 1)
(35615 123030 46354.9 434 534 1)
(35622 -103488 -55429.4 1 97 1)
(35630 61779.3 -120556 74 174 3)
(35634 -80418 -4144.12 220 320 1)
(35636 46485.1 123812 574 674 1)
(35640 -39229.2 -131068 599 699 1)
(35642 65463.6 -36374.8 412 512 3)
(35651 36305.7 -36387.2 262 362 1)
(35653 88653.3 84464.9 575 675 1)
(35663 107665 -81756.6 272 372 1)
(35670 -3947.81 -80724.1 480 580 1)
(35672 -12986.9 -22302.7 578 678 3)
(35675 -58291 125662 280 380 1)
(35677 100745 82399.6 423 523 1)
(35690 -102595 -121025 498 598 3)
(35709 -114642 -11241.3 12 112 1)
(35713 71528.8 127653 315 415 1)
(35727 1044.7 -84701.5 425 525 3)
(35728 108691 -59442.1 186 286 1)
(35729 -25048.6 -48626.6 530 630 1)
(35735 -10070 -24233.9 235 335 1)
(35736 -56277.6 -64505.4 215 315 3)
(35742 40387 68421 515 615 1)
(35748 96831.1 -19059.1 601 701 1)
(35749 -32148.7 -30239 91 191 1)
(35750 -10042.1 -123791 187 287 1)
(35753 -97556.8 -23287.2 371 471 1)
(35754 -74412.4 -16220.6 395 495 1)
(35761 15167.1 -50471.5 452 552 3)
(35768 -50397.8 27888.2 182 282 1)
(35770 -45251.7 106499 116 216 1)
(35786 -38238.8 -65602.7 588 688 1)
(35791 -20072.4 -138156 626 726 1)
(35792 -92517.1 41129.1 321 421 1)
(35795 -10020.9 38121 471 571 1)
(35800 90714.4 125585 199 299 1)
(35802 -72334.7 85463.4 430 530 1)
(35810 -61280.7 80320.7 37 137 3)
(35814 17183.1 106523 312 412 1)
(35816 -24095.3 12963.8 73 173 1)
(35826 -101535 -75586.2 314 414 1)
(35830 80716.3 -103928 606 706 1)
(35831 21288 -78683.5 490 590 1)
(35833 -63387.2 -22163.7 172 272 1)
(35852 -23086.8 -61523.1 321 421 1)
(35857 -1007.22 -23364.2 478 578 1)
(35860 48330.9 -3204.44 239 339 1)
(35886 39315.5 86393.5 21 121 3)
(35904 -972.577 -18190.9 83 183 1)
(35909 -16060.1 127656 33 133 1)
(35911 7068.78 -67519.3 111 211 1)
(35917 -57370.3 -41504.1 493 593 1)
(35919 -29176 76405.6 570 670 1)
(35927 38323.7 68411.9 545 645 3)
(35931 90631.3 -32332.9 344 444 1)
(35932 5113.19 -30366.6 259 359 1)
(35934 104709 -116772 231 331 1)
(35961 -24083.5 -135095 532 632 1)
(35965 -83640.5 42095.8 65 165 3)
(35970 31242.6 -70540.4 206 306 1)
(35971 91644.8 41156.7 505 605 1)
(35990 27634.3 -102443 242 342 1)
(35993 -24068.7 -13210.2 213 313 1)
