(36002 110786 67285.6 352 452 3)
(36012 47417.2 -98721.7 402 502 3)
(36013 -54300 -106807 525 625 1)
(36014 -51283.2 -125999 519 619 1)
(36016 -78496.6 -66657.2 626 726 3)
(36021 32272.9 80448.5 583 683 3)
(36022 94766.3 116643 492 592 1)
(36027 -74452.2 -59522.5 500 600 1)
(36028 -55329.9 3908.54 265 365 1)
(36029 93739.8 27036 409 509 1)
(36045 -42065.1 21029.8 221 321 1)
(36046 106682 124612 329 429 3)
(36056 -77433.8 9918.21 416 516 1)
(36062 -74418.2 -13228.6 325 425 1)
(36072 -22052.5 -127905 296 396 1)
(36076 57358.1 26066.4 14 114 1)
(36082 -15058.6 135722 438 538 1)
(36086 -85418 -4135.55 6 106 1)
(36093 -79527.1 -24112.3 425 525 1)
(36096 -120590 113487 268 368 3)
(36103 46364.2 126715 365 465 1)
(36120 -105788 66643.8 565 665 1)
(36123 36251.3 118649 265 365 1)
(36124 -76564.1 -58463.7 481 581 1)
(36126 -24119.1 -97795.9 571 671 1)
(36141 -41274.3 -6203.37 504 604 1)
(36142 115736 72293.8 89 189 3)
(36143 80626.8 -94800.4 522 622 1)
(36149 -111596 -104769 68 168 1)
(36150 22191.8 -97640.8 176 276 1)
(36157 -1916.92 31981 52 152 3)
(36160 -73473.2 134821 516 616 1)
(36173 -52276.3 -60542.8 461 561 1)
(36174 -106737 -12398.2 184 284 3)
(36176 -10014.1 -123889 156 256 1)
(36185 -951.176 -17204 20 120 1)
(36186 22232.4 70481.6 202 302 1)
(36187 -30818.6 -118941 480 580 1)
(36189 -60274.1 -83.052 357 457 1)
(36192 -95527 -27286.1 226 326 1)
(36196 71575.7 -143174 376 476 1)
(36199 -40373.1 33390.3 357 457 1)
(36202 26241.1 -14224.9 343 443 1)
(36209 2008.69 111464 78 178 3)
(36211 -2927.54 109538 361 461 1)
(36215 -46197 -34354.4 597 697 1)
(36222 50414.9 -75675.5 472 572 1)
(36232 -17976.1 17868.4 275 375 1)
(36234 -31230 68337.6 597 697 3)
(36239 113928 -33491 465 565 1)
(36241 -25077 -97760.4 315 415 1)
(36258 -111683 -122956 470 570 1)
(36259 -109501 101419 23 123 1)
(36266 -107618 41136.4 369 469 1)
(36268 -121805 9984.17 567 667 1)
(36280 -115579 33104.9 99 199 1)
(36283 -101522 -122797 126 226 1)
(36289 11148.7 -47445.6 251 351 1)
(36296 77692.9 -16245.8 620 720 1)
(36308 24236.7 -117853 344 444 1)
(36309 -11024.7 74493.3 260 360 3)
(36320 -52113.3 125663 257 357 1)
(36324 -4923.31 -65573.7 480 580 3)
(36332 73610.3 63313.2 516 616 3)
(36337 -55271.6 109517 133 233 1)
(36346 32379.2 -59397.7 7 107 1)
(36352 -64286.7 107585 219 319 1)
(36356 -95529.7 23919.9 526 626 1)
(36359 84956.8 -35572.5 216 316 3)
(36382 -10939.9 -135900 40 140 1)
(36383 18192 16927.2 514 614 3)
(36387 48351.4 -73570 248 348 1)
(36389 9123.46 -100808 462 562 1)
(36396 10122.6 -88640.5 206 306 3)
(36402 -95378.7 35065.4 10 110 3)
(36403 -75413.6 74430.3 101 201 1)
(36407 92552.1 100597 305 405 1)
(36408 4098.7 -111800 238 338 3)
(36415 23251.8 -97846.8 368 468 1)
(36416 -14076.5 -96629.6 249 349 1)
(36423 -28052.6 -126886 537 637 1)
(36430 35313.7 -3170.79 602 702 1)
(36434 -118670 -73587.1 337 437 1)
(36438 41355.4 46252.4 486 586 1)
(36440 16103.9 -35433.6 320 420 1)
(36442 107921 16047.7 476 576 1)
(36443 -70336.2 148728 149 249 1)
(36455 22191 104595 504 604 1)
(36456 104705 60325.3 166 266 1)
(36458 47327.5 6875.71 448 548 1)
(36460 19151.6 -116786 146 246 1)
(36476 48519.9 -143053 429 529 1)
(36494 -42229 78274.7 415 515 1)
(36495 -30157.9 27059.3 574 674 1)
(36511 104778 -44500.5 553 653 1)
(36515 19055.2 58284.1 401 501 3)
(36516 24268.9 -11191.8 442 542 1)
(36518 110655 5959.93 129 229 1)
(36520 -46205 -9169.33 90 190 1)
(36524 26210.2 83362.7 212 312 1)
(36544 -104664 -21229.3 512 612 1)
(36550 -10080.6 50098.1 46 146 1)
(36557 1113.43 -77720.6 541 641 3)
(36559 -61298 -66493.9 129 229 1)
(36561 -1012.87 103510 261 361 1)
(36581 -35243.1 -92700.5 72 172 1)
(36584 91686.1 55233.1 482 582 1)
(36586 61406.2 -19235.5 163 263 1)
(36589 28097.8 -82664.3 16 116 1)
(36592 119571 -33117.4 101 201 3)
(36594 -1779.91 -139144 265 365 1)
(36596 123941 -52487.8 546 646 3)
(36602 -19093.3 144737 428 528 1)
(36607 -96580.7 -101826 430 530 1)
(36608 -3955.67 -38401.6 498 598 1)
(36614 73623.2 -52563.2 372 472 3)
(36618 -5998.09 -131851 137 237 3)
(36620 -105693 -67569.2 548 648 1)
(36621 -89300.8 -44269.6 307 407 3)
(36631 28220.8 -98740.8 334 434 1)
(36633 -56389.4 131811 626 726 1)
(36636 -83518.2 -30353.3 573 673 3)
(36644 -113781 35014.2 450 550 1)
(36647 118830 21699.8 472 572 3)
(36658 -86436 -101592 47 147 1)
(36665 -51270.7 53224 203 303 1)
(36669 -32138 54218.5 1 95 1)
(36671 23822.6 -25328.3 559 659 1)
(36674 17104 143599 208 308 1)
(36677 116765 -80537.8 78 178 1)
(36682 56522.4 138825 479 579 1)
(36687 51312.3 -43358.9 299 399 1)
(36692 26240.8 -66568.7 301 401 1)
(36701 24131.7 -118004 614 714 1)
(36704 -32180.5 14929.6 316 416 3)
(36712 -57345.6 91537.5 567 667 1)
(36713 -18989.5 -104715 130 230 1)
(36716 91689.6 -33335.3 477 577 1)
(36717 -60315.4 -91639.9 100 200 1)
(36718 -20960.3 -136984 311 411 1)
(36724 25243.5 -51477 431 531 1)
(36730 62481.8 -112839 356 456 1)
(36732 -86448.4 -60472.8 117 217 3)
(36733 121774 129630 159 259 1)
(36737 -26027.9 -76655 466 566 3)
(36738 74565.1 117618 383 483 1)
(36748 102718 11929.9 422 522 1)
(36755 45200.6 33234 23 123 3)
(36757 -34155.4 -8174.62 288 388 3)
(36775 -85521.3 5927.02 551 651 1)
(36807 -85368.4 -110822 521 621 1)
(36808 11098.5 31072.3 548 648 3)
(36812 26181.8 -52395.6 86 186 1)
(36826 -42238.1 -8174.22 480 580 1)
(36827 -38166.1 -14189.7 71 171 3)
(36837 96.5451 -5213.99 244 344 1)
(36838 -48663.2 -34162.5 305 405 3)
(36842 17068.2 33048.8 114 214 1)
(36848 -53230.2 -56413.7 7 107 1)
(36849 71608.5 -63651.1 433 533 1)
(36851 -97713.7 -44420.3 589 689 1)
(36861 -60268.5 -68507.8 160 260 1)
(36871 -46206.4 11965.1 379 479 3)
(36876 -40366.6 88400 589 689 1)
(36877 -71282.5 -82591.8 206 306 1)
(36878 -30131.8 -19244.2 188 288 3)
(36891 -64380.5 -58560.2 594 694 1)
(36893 -37149.9 89363.1 168 268 1)
(36895 6109.31 81359.9 178 278 3)
(36900 16187.4 -104732 267 367 1)
(36902 100304 8786.05 248 348 3)
(36907 -28107.1 44151 398 498 1)
(36909 21289.4 -87646.1 464 564 1)
(36915 -25084.1 -35335.5 10 110 1)
(36928 -59319.5 19987.9 364 464 1)
(36934 26530.2 145881 285 385 1)
(36943 -30127 -44407.2 307 407 1)
(36945 -97547.8 -12224.3 360 460 1)
(36949 89675 64171.3 159 259 1)
(36951 -119763 37026.2 373 473 1)
(36957 74492.8 -129883 194 294 1)
(36963 112830 -38485.8 506 606 1)
(36972 96722.9 52215 512 612 1)
(36976 -27095.2 -118781 53 153 1)
(36981 103705 -64507.6 220 320 1)
(36985 20744.2 29037.4 467 567 1)
(36990 7099.63 -106795 333 433 3)
(36994 24304.4 -76530.8 425 525 1)
(36995 -34155 -97789.9 395 495 1)
