(95000 79599.5 47183 496 596 1)
(95005 -28146.5 5914.7 428 528 1)
(95006 29281.2 -109936 595 695 1)
(95017 -71410.9 -17267.9 414 514 1)
(95019 -81357.3 48682.5 266 366 1)
(95022 -40322.9 -97844.6 412 512 1)
(95024 -25027.7 -120879 438 538 1)
(95025 83577.4 -58485.8 283 383 1)
(95034 12215.7 60115 152 252 1)
(95036 42422.9 49122.3 22 122 1)
(95045 -112694 -23292.5 483 583 1)
(95048 16180.2 -64453.8 213 313 1)
(95051 -16503.1 100528 420 520 1)
(95052 5023.65 -39532.1 333 433 3)
(95060 33282.1 12984.1 601 701 3)
(95068 -22012.4 -113718 397 497 1)
(95069 -43250.3 120687 547 647 1)
(95071 59399.1 -93695.8 254 354 1)
(95084 -103633 -55522.6 506 606 1)
(95107 35299 -121809 67 167 1)
(95109 -53284.7 -97648.4 283 383 1)
(95110 -82508.1 -79703.8 575 675 1)
(95112 85682.9 20981.5 544 644 1)
(95114 102651 127628 415 515 1)
(95121 23371.2 -67532.3 297 397 1)
(95130 -14155.2 62091.8 445 545 3)
(95131 -65354.2 -30199.7 498 598 1)
(95133 -11028.1 -106778 318 418 3)
(95134 37296.9 -61608.6 547 647 1)
(95140 62499.8 -44260.9 521 621 1)
(95141 -77403.7 -90574.7 167 267 1)
(95156 -90555.6 27005.1 318 418 3)
(95175 17175.8 -7180.17 380 480 1)
(95177 110481 -136728 223 323 1)
(95180 -79405.2 5896.25 280 380 1)
(95190 -96525.2 -69504 152 252 1)
(95192 40295.2 -110718 81 181 1)
(95193 -21025.3 140648 47 147 1)
(95196 -89469 -41352.2 158 258 1)
(95205 86656.9 -76588.7 231 331 3)
(95217 -14024 -28307.2 392 492 1)
(95222 -82475.3 68312.4 432 532 3)
(95227 21214.7 -26345.4 183 283 3)
(95236 -50199 -64534.8 191 291 1)
(95239 -31147.1 -75833.5 367 467 1)
(95245 -53295.2 -66564.3 608 708 1)
(95246 14139.1 -100648 33 133 1)
(95252 13144 42259.4 280 380 1)
(95259 10111.9 3894.52 156 256 1)
(95260 74579.2 86448.1 517 617 1)
(95262 -44265.6 -24284.8 313 413 3)
(95265 -27064 -91608.6 88 188 1)
(95269 46363.9 50223.1 599 699 1)
(95270 -8554.97 62502 615 715 1)
(95271 -73400.2 48169.3 374 474 1)
(95275 82630.1 -27309.9 322 422 1)
(95279 -12015.2 -63557.5 411 511 -1)
(95291 67545.5 136733 384 484 1)
(95296 115835 -7215.79 521 621 3)
(95302 -72418.1 -125018 607 707 3)
(95304 5917.32 -57974.1 444 544 1)
(95308 -32211 81430.8 433 533 3)
(95312 61429.1 130620 11 111 1)
(95323 -39210.6 25721.2 414 514 1)
(95340 74569.8 63285.3 516 616 1)
(95344 67415.7 5857.84 509 609 1)
(95349 24214.7 33085.8 353 453 1)
(95350 69332.4 -104642 96 196 3)
(95356 -44150.9 -54419.8 7 107 3)
(95359 -64264.3 61170.3 338 438 1)
(95367 -43190.6 889.884 538 638 1)
(95369 -73436.6 -102857 559 659 1)
(95374 53373.8 -95761.5 518 618 1)
(95376 58371.6 26006.6 18 118 1)
(95384 51323.5 6907.55 68 168 1)
(95385 -30137.8 -8147.7 435 535 1)
(95386 102776 -77675.1 523 623 1)
(95399 89837 -111437 248 348 3)
(95404 116883 -63586 605 705 1)
(95406 -84538.6 77366.5 496 596 1)
(95408 7134.36 -110787 188 288 1)
(95412 5097.43 -125838 268 368 1)
(95415 -75349.5 106712 315 415 1)
(95417 102642 36074.2 161 261 1)
(95421 7087.67 -37325 154 254 1)
(95432 -72379.2 58229.5 171 271 3)
(95457 95780.7 -41471.1 624 724 1)
(95458 -8993.55 102500 1 100 1)
(95460 -48258.7 -26151.1 141 241 1)
(95472 48530.2 25060.3 516 616 3)
(95481 -31098.8 -124791 65 165 1)
(95483 -33228.8 123879 412 512 1)
(95485 32214.5 -140861 104 204 1)
(95491 -39187.5 -133971 341 441 1)
(95493 10083.3 51462.4 560 660 1)
(95496 25238.8 99527.5 398 498 1)
(95502 11137.2 -82584.2 182 282 1)
(95520 -56309.6 -71622.5 508 608 1)
(95524 95656.5 19991.2 310 410 1)
(95532 49416.6 -112911 563 663 1)
(95538 -15019.8 -34352.1 358 458 1)
(95544 -29128 -146004 158 258 3)
(95547 -53921.2 -49662.2 267 367 1)
(95559 31234.4 -136909 158 258 1)
(95565 29297.2 53316.2 622 722 3)
(95569 59540.6 84526.8 608 708 1)
(95571 -60442.2 59259.5 405 505 1)
(95579 -102427 -106777 191 291 3)
(95602 -51247.7 126669 213 313 1)
(95617 -97474 149698 62 162 1)
(95620 -67325.6 -27298.4 72 172 1)
(95624 -65358.7 -102794 414 514 1)
(95638 -60252.6 86331.1 23 123 3)
(95645 6438.91 85657 50 150 1)
(95658 -68453.9 -54550.6 241 341 1)
(95668 120838 5897.31 429 529 1)
(95669 -37206.3 -144079 371 471 1)
(95678 -46518.5 112700 451 551 1)
(95683 -59338 116632 523 623 1)
(95687 -53517.5 -115598 219 319 1)
(95689 -18066.5 -61500.2 334 434 1)
(95690 -43297.4 -124677 23 123 1)
(95692 13112.6 -37343 99 199 3)
(95693 73622.3 104519 279 379 1)
(95697 52279.3 145751 117 217 1)
(95708 10164.7 148643 272 372 3)
(95715 9190.48 -40423.8 485 585 3)
(95723 61425.7 38117.6 145 245 1)
(95724 15143.3 135681 276 376 1)
(95725 -30057.6 -105820 457 557 3)
(95726 4137.96 -112839 369 469 1)
(95729 70617.7 104627 612 712 1)
(95730 73485.5 92415 216 316 1)
(95733 -23100.2 -57888.6 565 665 1)
(95742 -19039.7 84413.3 433 533 1)
(95747 35284.1 -118766 165 265 3)
(95755 63425.3 74312.1 180 280 1)
(95757 -53264.9 30053.2 249 349 1)
(95768 -30184 -73595.1 240 340 1)
(95770 68378.8 -123665 20 120 3)
(95775 27305.5 -47409.5 318 418 1)
(95777 -57276.9 68257.9 207 307 1)
(95782 109887 51229.9 558 658 3)
(95786 34279.8 -39345.9 204 304 1)
(95791 -70206.1 -98953.8 301 401 3)
(95796 123135 -76394.9 537 637 1)
(95811 -64277.5 23012.4 134 234 1)
(95814 70561.1 -145164 561 661 1)
(95815 -119752 117659 466 566 1)
(95823 -37064.4 -33987.8 153 253 3)
(95825 -73444.3 -56596.4 559 659 1)
(95826 57483.3 -60571.2 329 429 1)
(95827 54402.1 -90670.5 169 269 1)
(95828 36384 -82775.9 527 627 1)
(95831 -116600 147700 56 156 1)
(95832 76609 -130125 583 683 1)
(95835 -89510.9 61255.9 406 506 1)
(95839 9103.83 -88763.5 550 650 1)
(95841 10151 -44565.9 626 726 3)
(95843 -105347 11865.7 1 98 1)
(95849 121796 -13219.7 295 395 1)
(95852 -40254.2 -28381.3 618 718 3)
(95857 2089.19 48140.8 6 106 3)
(95863 -101590 33104.2 385 485 1)
(95866 89572.3 -126735 184 284 1)
(95879 -22022.8 -99748.4 350 450 1)
(95889 -53267 -84515.8 16 116 1)
(95895 -40166.2 37029.1 540 640 1)
(95898 -54333.7 26060.9 612 712 1)
(95905 95519.6 -41229.6 524 624 3)
(95910 -43180.6 -13078.8 544 644 1)
(95915 -949.893 -27263.8 75 175 1)
(95916 18163.1 122632 185 285 1)
(95926 56462.4 55235.2 540 640 1)
(95930 -28126.6 62295.7 606 706 1)
(95932 -14023.3 112589 420 520 1)
(95935 35267.4 41148.8 320 420 1)
(95937 52412.5 47161.1 524 624 3)
(95948 -9998.54 -118940 443 543 1)
(95949 -55538.5 -52431 221 321 3)
(95955 80636.3 -96687.3 589 689 1)
(95957 -9895.37 -121119 484 584 1)
(95958 53302.9 -95588.2 54 154 1)
(95981 87487.6 121582 458 558 3)
(95987 -18054.6 42143 363 463 3)
(95990 -88422.5 -131812 6 106 1)
(95992 41311.5 42151.7 337 437 1)
