(79004 11097 -60496.3 355 455 1)
(79005 23222.4 -70610.5 422 522 1)
(79007 38364.7 -32348.3 592 692 3)
(79011 -110684 -2153.67 584 684 3)
(79012 21278.2 -124925 326 426 1)
(79015 17193 118478 3 103 1)
(79027 12098.4 -121807 100 200 1)
(79028 54319.6 95359.3 144 244 1)
(79030 38294.8 -44413.6 243 343 1)
(79038 -38258.5 -72609.4 262 362 1)
(79039 13135.5 -63459 51 151 1)
(79040 -26283 50188.5 509 609 3)
(79042 -48221.3 -40349.4 114 214 1)
(79044 107576 -89159.5 500 600 1)
(79056 -35122.4 -40700.8 351 451 1)
(79057 -13032.6 -58527.6 474 574 1)
(79059 -31123.3 90346.5 594 694 1)
(79064 -34043.2 -123126 42 142 1)
(79091 13161.4 -13225.4 360 460 3)
(79097 41412.8 -137090 510 610 1)
(79102 19136.5 20029.2 4 104 1)
(79113 98733.5 117661 510 610 1)
(79118 82556.4 -115848 173 273 1)
(79124 -65312.7 -134915 140 240 3)
(79132 93608.4 6995.9 1 100 3)
(79136 82663.1 7927.74 74 174 3)
(79148 -112704 127731 543 643 3)
(79153 50401.8 -54396.2 63 163 1)
(79155 -10929.2 -61651.7 309 409 1)
(79166 105647 105427 202 302 1)
(79170 12221.9 -118.59 479 579 3)
(79175 -118652 111476 149 249 1)
(79179 24260.6 94369.2 154 254 -1)
(79180 -40218.7 -29373.2 534 634 3)
(79184 56459.3 34128.7 529 629 3)
(79191 -9994.12 -38399 273 373 3)
(79195 -80479.6 17978.2 260 360 1)
(79198 -57121.5 -134899 503 603 3)
(79202 -119699 -47433.8 268 368 1)
(79211 118680 -121789 22 122 1)
(79213 -58445.7 -47387.2 539 639 1)
(79220 65393.6 -17246.6 126 226 3)
(79221 47270.2 908.765 351 451 1)
(79227 -117580 -79545 38 138 1)
(79228 8186.31 -135963 366 466 1)
(79234 95609.6 77306.3 509 609 1)
(79236 -38251.2 -32357 344 444 3)
(79237 -63397.1 -101777 508 608 3)
(79240 -14513.5 117461 233 333 3)
(79246 -83483.7 99508.7 41 141 1)
(79250 -27235.6 -149281 499 599 1)
(79264 -24040 -32481.3 117 217 3)
(79279 -99578.4 -110904 597 697 1)
(79282 78504.1 -123831 153 253 1)
(79287 24220.8 -128953 414 514 1)
(79293 -80420.8 -118879 314 414 1)
(79298 -88552.4 -149231 625 725 1)
(79307 -52346 -101966 125 225 1)
(79312 89650.2 58244 430 530 1)
(79316 -95458.1 -87573.8 3 103 1)
(79322 65639.3 103742 571 671 1)
(79334 -46218.6 100563 119 219 1)
(79337 98687.2 -82666 299 399 1)
(79339 71501.9 -15251.9 262 362 1)
(79342 -97583.6 -76597.9 245 345 3)
(79348 23222.2 -40370.9 295 395 1)
(79361 37311.7 -88715.3 420 520 3)
(79377 -33048.2 -38364.9 434 534 1)
(79379 100698 -121699 350 450 1)
(79387 110829 67314.7 360 460 1)
(79388 -121979 -55589.8 604 704 1)
(79391 -75344.3 851.039 91 191 1)
(79396 31290.2 121579 32 132 1)
(79399 61641.8 -9255.04 575 675 1)
(79401 124663 -88404.2 67 167 1)
(79410 58367.1 118429 65 165 3)
(79412 -41249.1 66095 37 137 1)
(79414 -4026.04 17062.4 364 464 1)
(79415 -75406.9 -98772.1 423 523 1)
(79426 26269.1 42146.6 359 459 1)
(79428 -49306.2 149804 301 401 3)
(79429 21206.3 143900 299 399 1)
(79433 -119860 -85646.9 486 586 1)
(79441 -119752 -84723.3 525 625 3)
(79442 -86428.2 45142.9 320 420 1)
(79467 -123677 119604 177 277 1)
(79474 -34185.4 -41436.7 522 622 1)
(79491 -68374.5 42126.1 241 341 3)
(79494 113864 -66453 349 449 1)
(79502 -40239 -37359.2 226 326 1)
(79524 -73433.9 80259.3 185 285 1)
(79529 -97509.8 113725 23 123 1)
(79535 -28117.7 -6174.2 393 493 1)
(79538 -101585 -39390 391 491 1)
(79539 -24057.7 3872.75 560 660 1)
(79546 39286.3 -92654.2 165 265 1)
(79549 -26202.4 -99916.9 360 460 1)
(79560 44327.1 5911.23 321 421 1)
(79568 -70360 -118800 27 127 1)
(79580 113706 109501 168 268 3)
(79590 63408.6 -6169.86 169 269 1)
(79606 48315.6 -20204.3 108 208 3)
(79607 123858 56982.3 1 95 1)
(79610 -15846 -90562.5 50 150 1)
(79613 31260.7 -123954 454 554 1)
(79615 54348.3 30048.2 32 132 1)
(79624 92509.5 -36259.7 46 146 1)
(79628 -99603.5 -23222.7 497 597 1)
(79632 -76236.7 -131593 18 118 1)
(79633 32157.3 -2493.94 552 652 1)
(79634 69.6275 66320.3 555 655 1)
(79637 -112800 85215.6 400 500 3)
(79641 47675.5 -99164 34 134 1)
(79649 -80436.3 53202.3 324 424 1)
(79650 -101573 57235.6 318 418 3)
(79672 -75990.3 69582.8 521 621 1)
(79677 -3954.33 -133889 162 262 1)
(79684 -103539 78320.3 169 269 1)
(79691 38348.4 -25315.6 542 642 1)
(79694 -109601 -21240.5 201 301 1)
(79695 10658.6 -120082 257 357 1)
(79696 -13205.9 -102622 338 438 1)
(79703 21182.2 -65500.4 173 273 1)
(79705 -96576.3 -43541.2 387 487 1)
(79707 33393.1 -114992 626 726 1)
(79708 -9993.41 -1112.73 469 569 1)
(79715 55416.5 -90705 348 448 3)
(79716 10047.2 -23427.1 567 667 1)
(79727 38333.4 -68650.3 607 707 1)
(79730 -58318 -97702.7 79 179 1)
(79731 14173.2 -72650.2 552 652 1)
(79734 77516.7 -130865 30 130 3)
(79738 -14089.4 49424.9 495 595 1)
(79740 50448.4 83395.9 537 637 3)
(79743 12115.8 -104774 234 334 1)
(79754 -16053.7 -82665.2 347 447 1)
(79756 -13009.6 -39388.8 463 563 1)
(79768 21186.5 24059.8 470 570 1)
(79773 17136.9 -87613.6 122 222 3)
(79777 7122.09 109531 288 388 1)
(79782 -20036.8 -2162.83 421 521 1)
(79783 -11006.3 -98667.9 106 206 1)
(79805 -3956.08 43219 551 651 3)
(79806 54355.1 -87.3794 149 249 1)
(79808 -90673.7 -3376.4 176 276 1)
(79809 -97456.6 -106538 47 147 1)
(79822 -41196.5 90405.3 205 305 3)
(79824 -23088.4 -128105 604 704 1)
(79832 12207.5 61260.8 381 481 1)
(79840 20169.2 49346.9 333 433 1)
(79842 -89540.4 -130994 409 509 1)
(79844 -38223 -99729.5 105 205 1)
(79846 -33138.1 -134851 489 589 1)
(79848 -82408.3 42122.2 158 258 1)
(79851 -123726 -129859 583 683 1)
(79858 108737 8830.02 401 501 1)
(79864 -63298.7 29051.5 96 196 1)
(79865 21173.8 118730 385 485 1)
(79874 50366.3 -67509.8 281 381 1)
(79886 3165.52 -147115 414 514 1)
(79887 -47285.8 -16270.7 396 496 3)
(79906 -117616 86355.7 153 253 1)
(79916 -108593 42139.1 327 427 1)
(79917 -36162.4 -49423.3 343 443 1)
(79918 2059.28 76379.8 555 655 1)
(79920 21200 -149015 313 413 1)
(79927 -54320.8 60193.7 346 446 1)
(79928 123788 19960.5 336 436 1)
(79929 121834 86471.4 151 251 1)
(79934 -90488.5 -18234.4 217 317 1)
(79938 88675.5 -151.017 557 657 1)
(79944 100838 -8163.3 450 550 1)
(79947 48371.7 -97720.2 246 346 1)
(79949 72373.9 132587 107 207 1)
(79960 22215.1 -49478.7 568 668 1)
(79965 -45227 -64557.1 387 487 3)
(79987 93528.8 -47344.9 102 202 1)
(79988 -15037.9 -97837.3 595 695 1)
(79992 -70489.5 64199 173 273 1)
