(186005 37255.2 -22273.4 177 277 1)
(186012 -76402.3 15973.9 241 341 1)
(186024 -11023.9 10940.2 391 491 1)
(186034 83495.3 -134081 185 285 3)
(186035 53349.3 -96683.8 78 178 1)
(186037 -43173.2 -89699.7 590 690 1)
(186046 -121658 -96804.1 335 435 3)
(186047 25093 -104766 303 403 1)
(186060 -64329.7 -136947 234 334 1)
(186064 121722 -47494.3 248 348 1)
(186070 -118819 -74647.2 573 673 1)
(186075 -110584 54203.8 228 328 1)
(186077 2118.89 -32410 575 675 3)
(186086 95677.4 -124934 399 499 1)
(186089 -76505.6 144878 621 721 1)
(186090 -16972.8 -29403 135 235 1)
(186091 46304.4 -103685 239 339 1)
(186092 -99521.5 11954.8 159 259 3)
(186096 -19988.6 -109852 419 519 1)
(186103 73486.9 140699 202 302 1)
(186106 -922.763 5866.06 543 643 1)
(186110 26237 -140026 384 484 1)
(186115 -101432 -142910 497 597 1)
(186122 110556 115597 288 388 1)
(186129 -104567 -98730.9 380 480 1)
(186136 -62313.7 106518 222 322 1)
(186144 -73391.7 6930.32 276 376 1)
(186145 21186.1 -27296.8 189 289 3)
(186153 86579.4 19049.5 268 368 1)
(186155 115783 -113596 45 145 3)
(186156 71525 -135001 392 492 1)
(186158 -115922 18672.1 543 643 3)
(186159 66736.3 63075.6 397 497 1)
(186179 -97535.2 -68474.1 114 214 1)
(186181 -50229.9 -37312.5 9 109 1)
(186182 -36173 -12236.5 337 437 3)
(186183 60199.5 87245.6 180 280 3)
(186184 34301.9 45148.6 433 533 1)
(186186 28360.4 -10232.6 38 138 3)
(186190 -96554.2 -13146.7 624 724 1)
(186200 97153.2 -19375.4 542 642 1)
(186206 -5860.51 54105.4 378 478 1)
(186212 -18315.4 88197 193 293 1)
(186217 -83458.8 144698 158 258 1)
(186224 29248.4 70120.6 245 345 1)
(186226 -6994.34 91424.8 292 392 1)
(186236 101557 -60368.5 1 97 3)
(186237 8109.97 14992 183 283 1)
(186243 -78386.9 -106765 191 291 1)
(186246 103836 73352.6 496 596 1)
(186249 -60361.4 54217.9 375 475 1)
(186253 -34130.1 109467 164 264 3)
(186256 86708 -141174 622 722 1)
(186263 -26142 -12262.8 495 595 1)
(186271 123777 -120813 171 271 1)
(186277 32285.3 -25301 341 441 1)
(186278 68629.8 35650.3 582 682 1)
(186283 -95529.5 60276.7 327 427 1)
(186284 92628.8 -22062.8 125 225 1)
(186303 -94555.3 -127986 343 443 3)
(186311 48303.8 -15166.7 102 202 1)
(186312 53377.3 -81696.6 408 508 1)
(186317 65517.1 -102858 509 609 1)
(186320 -83526.3 86346.9 549 649 3)
(186322 -27098.1 -133963 202 302 1)
(186329 51394.9 -83770.7 621 721 1)
(186334 64550.2 43145.5 606 706 3)
(186343 14072.4 -20258.3 293 393 1)
(186358 -36170.6 -65539 341 441 1)
(186366 37342.8 -82692.2 369 469 1)
(186372 -17078.5 -63581.8 437 537 1)
(186377 -78443.4 -143090 391 491 1)
(186379 -42369.5 18042.4 116 216 1)
(186380 -3916.95 -1131 613 713 1)
(186382 -57262.6 -60522.2 251 351 1)
(186386 71446.5 55204.3 81 181 1)
(186388 -83498.9 -18271.6 550 650 1)
(186390 -9009.64 -86645.8 279 379 1)
(186393 -10109 54283.3 558 658 3)
(186394 20176 39100.6 527 627 1)
(186406 83574.3 -36356.1 412 512 1)
(186421 9196.11 -99000.9 347 447 1)
(186425 -59329.7 -18230.8 291 391 1)
(186448 75475.2 -109656 76 176 1)
(186449 -56673.7 -59382.3 608 708 3)
(186454 -60627.4 13901.6 374 474 1)
(186464 -105962 -126251 413 513 1)
(186478 107829 49220.7 555 655 1)
(186482 40273.6 -20242.2 454 554 1)
(186484 88516.1 90429.7 202 302 1)
(186499 77640.8 -62547.6 440 540 1)
(186501 -82425.6 -96604.4 66 166 1)
(186502 48360.4 -55450.1 155 255 1)
(186506 -50298.9 -122847 145 245 1)
(186509 -2937.39 -137112 608 708 3)
(186527 39270.7 -49475.2 282 382 1)
(186530 31263.1 140686 185 285 3)
(186533 -24142.5 42113.1 628 728 1)
(186535 -50291.3 -125034 582 682 3)
(186537 40305.3 -128840 106 206 1)
(186540 -108456 91392.6 62 162 1)
(186542 46313.3 -142889 67 167 3)
(186543 -43205.7 -71409.7 155 255 3)
(186545 -24818.1 14259.3 518 618 1)
(186558 94724.5 11927.9 562 662 1)
(186560 79661.8 -11220.1 442 542 1)
(186573 40363.3 86444.9 564 664 3)
(186577 8097.01 17985.2 37 137 1)
(186584 -88553.9 -56546.3 598 698 3)
(186589 66369.5 6913.37 428 528 1)
(186602 -938.735 -107697 1 97 3)
(186611 -2961.22 110561 349 449 3)
(186619 -41114.8 112730 244 344 1)
(186623 115878 85130.7 597 697 1)
(186626 -25041 26038.8 292 392 1)
(186630 -47270.2 -16196.6 182 282 1)
(186636 -97582.3 -111839 345 445 1)
(186637 -71478.5 -15267.6 607 707 1)
(186641 -119615 86356.6 27 127 3)
(186648 4081.69 -149948 76 176 1)
(186650 -94467.8 65359.6 91 191 1)
(186651 -117663 -77612.6 305 405 1)
(186654 87688.5 46176.6 573 673 1)
(186658 -81460.5 75298.9 585 685 1)
(186660 -50247.6 -53457.4 287 387 1)
(186662 74731 93497.7 575 675 1)
(186663 78571.1 -4136.91 252 352 1)
(186668 -56306.9 138789 465 565 1)
(186671 -43172.5 62773.4 122 222 1)
(186675 38289.8 -43444.9 518 618 1)
(186682 22251.3 30014.2 1 94 3)
(186696 -43237.5 -47487.1 629 729 1)
(186703 13160.2 118659 452 552 1)
(186709 -19176.6 27246.7 146 246 1)
(186713 109717 125579 210 310 3)
(186723 -103514 -115875 410 510 1)
(186732 -33590.4 106927 332 432 1)
(186738 15155.4 106476 21 121 1)
(186741 -44254.7 87448.1 82 182 1)
(186742 1063.14 -92717.7 119 219 1)
(186755 8111.06 -132980 374 474 1)
(186765 97624.8 -6214.55 112 212 3)
(186766 84458.5 7006.73 107 207 3)
(186769 -116688 -78628.5 161 261 3)
(186771 -51268.7 75358.4 355 455 3)
(186790 -87285.9 5903.51 10 110 1)
(186799 -104431 -13148.6 62 162 3)
(186811 -17013.3 117583 174 274 3)
(186816 14154.5 46151.9 411 511 1)
(186819 -2960.07 5878.69 356 456 3)
(186821 117939 -134022 534 634 3)
(186827 -113747 45183.1 614 714 1)
(186839 114760 -26210.4 292 392 1)
(186868 60541.8 -9131.86 325 425 1)
(186871 108571 -75425.6 75 175 3)
(186878 122704 -61438.8 10 110 1)
(186879 -11002.4 47124.4 1 98 1)
(186884 92668.3 3893.89 381 481 1)
(186894 -8666.91 16539.3 127 227 1)
(186896 -49149.4 -68523.2 107 207 1)
(186899 -2965.46 15969.7 110 210 1)
(186903 -72389.8 13958.1 356 456 1)
(186906 96465.4 -92816.2 345 445 1)
(186908 93799.5 58245.4 390 490 3)
(186910 59476.5 7909.32 381 481 3)
(186914 6233.58 -66643.4 248 348 1)
(186918 81.3677 22986.6 497 597 1)
(186920 59534.8 -140168 459 559 1)
(186921 79566.4 -35352.9 285 385 1)
(186925 -38213.2 46164.3 575 675 1)
(186932 -43147.7 -113649 35 135 1)
(186936 -53283.2 -85771.8 588 688 3)
(186939 -76388.3 43146.3 77 177 1)
(186956 79432.7 -65481.7 10 110 3)
(186958 -52271.9 -68555.6 324 424 1)
(186974 39240.2 -108963 570 670 1)
(186975 -67297 47147.7 29 129 1)
(186982 9075.2 -90534.5 232 332 3)
(186983 -44223.8 25012.4 496 596 3)
(186984 -21073.4 -71536.8 251 351 1)
(186988 -59276.7 -2129.54 66 166 1)
(186991 81554.7 -93700.3 273 373 1)
(186993 37262.4 -129842 54 154 1)
(186997 -16036.8 -1114.43 319 419 3)
