(72008 48377.3 105638 106 206 3)
(72015 119860 -121944 441 541 1)
(72041 -78444.7 125453 140 240 1)
(72050 -28854.8 113703 503 603 1)
(72052 -91619.5 -66511.9 481 581 1)
(72060 -82498.1 -39402.2 580 680 1)
(72063 -118064 72226 277 377 1)
(72068 47401.6 7893.29 537 637 1)
(72071 -42165.9 131740 482 582 1)
(72072 1065.71 55239.1 324 424 1)
(72081 34271.9 14915.7 272 372 1)
(72090 46229.4 5890.58 377 477 3)
(72091 -4986.01 36031.1 42 142 1)
(72098 54422.5 -139105 513 613 1)
(72099 22189.8 -48398.2 166 266 1)
(72100 40220.9 -61631.2 619 719 1)
(72106 62447.3 -31320 250 350 3)
(72111 63259.9 -103687 212 312 1)
(72119 -85416.4 -48381.5 71 171 1)
(72126 -45240.6 -34418.1 154 254 1)
(72127 14908.4 16847.8 474 574 1)
(72133 -102494 -90809.3 307 407 3)
(72139 -18078.3 -97704.8 282 382 1)
(72143 -82533.2 -5095.95 591 691 3)
(72146 65893.5 -39345.1 608 708 1)
(72160 -7988.17 -97629.3 21 121 1)
(72161 -43264.2 127584 250 350 1)
(72162 88616.1 -109890 318 418 1)
(72166 43453.5 -26344.8 448 548 1)
(72168 -11977.7 -20161 495 595 1)
(72169 -42205.7 63252.1 234 334 1)
(72171 3128.1 120691 518 618 1)
(72177 50302.6 14176.8 111 211 3)
(72186 64598 -98802.9 596 696 1)
(72187 74482.3 -87676.5 83 183 1)
(72193 52367.9 144839 297 397 3)
(72194 17177.8 -12267.9 445 545 1)
(72202 69479.2 25072.8 551 651 3)
(72205 -59332.3 -33330.3 385 485 1)
(72206 -103456 80247.9 72 172 3)
(72209 -58217.1 -134930 191 291 1)
(72223 -61289.6 -73593.3 189 289 3)
(72224 -65406.3 -27341.6 557 657 1)
(72238 8116.07 6915.27 291 391 1)
(72239 43410 34052.7 163 263 1)
(72242 -24108.9 -110694 20 120 1)
(72243 -79392.1 73328.8 152 252 1)
(72260 -1944.79 117688 627 727 1)
(72263 -73505.8 65313.2 439 539 1)
(72265 -85262.3 84671.4 140 240 1)
(72272 30550.3 53250.7 220 320 1)
(72276 -50286.2 -10250 75 175 1)
(72283 -45268.3 26048.6 468 568 1)
(72285 -33147 -55528.1 591 691 1)
(72287 2060.36 106458 2 102 3)
(72299 -59461.1 -42495.8 536 636 3)
(72301 3050.5 -109563 322 422 3)
(72321 -51297.8 4887.44 601 701 1)
(72323 -25107 -20248.5 234 334 1)
(72330 117636 -57428.8 16 116 3)
(72333 14125.3 -97781.1 562 662 3)
(72335 -17054 -141116 541 641 3)
(72337 -5953.96 -39418.2 543 643 1)
(72339 -109561 -131043 188 288 1)
(72344 -108667 -129114 619 719 1)
(72345 -31157.1 -75711.9 411 511 1)
(72348 41206.4 59297.2 144 244 1)
(72350 -111628 119614 338 438 1)
(72358 -111647 -35332 379 479 1)
(72381 101686 -130895 219 319 3)
(72382 -27103.6 1837.47 525 625 1)
(72384 114783 -15404.1 272 372 3)
(72389 -74256.5 76168.5 187 287 1)
(72391 41347.3 -89764.8 443 543 3)
(72395 32247.3 109672 444 544 1)
(72399 92613.8 -78623 239 339 1)
(72401 107731 83389.2 315 415 1)
(72407 98820.4 -120684 50 150 1)
(72413 12144.8 91469.4 450 550 1)
(72414 -29118.7 10927.6 22 122 3)
(72417 -89598.8 1790.84 305 405 1)
(72418 -37195.2 55249.5 579 679 1)
(72421 81635.4 38129.6 436 536 1)
(72422 -56283.5 -133865 120 220 3)
(72432 -76530.8 -37330.8 26 126 1)
(72433 -78519.1 -118958 600 700 3)
(72436 11127.3 -145065 470 570 3)
(72439 -120556 66270.1 28 128 3)
(72450 4107.14 -27313.7 295 395 3)
(72456 81544.8 -106702 25 125 1)
(72457 -63280.6 99617.2 449 549 1)
(72463 64483.5 -45429.2 337 437 1)
(72465 -83421.5 4900.13 163 263 1)
(72471 -23094 -50431.6 188 288 1)
(72472 39328 28078.5 291 391 3)
(72476 -21086.6 -115832 246 346 3)
(72485 56487.8 37131.4 49 149 3)
(72486 -40218.1 139816 546 646 1)
(72487 3198.79 49261.7 570 670 3)
(72493 -92552.8 -16213.4 561 661 3)
(72505 99715.3 -36393.2 512 612 1)
(72535 29253.6 -77596.1 282 382 3)
(72537 -29134.3 -146128 497 597 3)
(72551 -33116.1 -122798 149 249 1)
(72552 -39190.6 11938.5 406 506 3)
(72556 95659.1 145766 272 372 1)
(72560 12133 -67483.8 50 150 1)
(72565 -25107.2 -107912 624 724 1)
(72566 -65376.8 -112932 452 552 1)
(72570 27309.7 -111867 308 408 1)
(72594 -119687 -68570.4 216 316 1)
(72602 -67464.1 -3122.69 155 255 1)
(72604 -106560 -38351.1 235 335 1)
(72605 -39186 -12243.4 559 659 1)
(72615 39233.1 37178.9 34 134 1)
(72619 87604.4 -90659.9 217 317 1)
(72622 -114637 -63544.6 345 445 3)
(72623 15041.7 -126579 98 198 1)
(72627 -7114.31 146682 62 162 1)
(72635 -105637 5929.32 414 514 1)
(72643 52378.1 -110774 166 266 1)
(72662 -101655 105602 546 646 1)
(72665 1074.92 6905.38 473 573 1)
(72674 -96457.6 33083.3 66 166 1)
(72675 -10028.7 -3135.92 363 463 3)
(72688 -32127.9 52182.5 137 237 1)
(72695 6067.88 -129013 465 565 1)
(72705 -51164.5 -12187.1 343 443 1)
(72706 -34160.7 -71693 261 361 1)
(72709 -112595 35085.7 5 105 1)
(72716 -79430.6 -149003 114 214 1)
(72719 -66365.9 -100832 567 667 1)
(72720 -55280.5 -49466.6 355 455 3)
(72722 60383.1 -53381.3 72 172 1)
(72727 -29121.2 2902.61 541 641 3)
(72728 -55250.5 -23365.7 608 708 1)
(72729 -56264.3 -1135.81 445 545 1)
(72730 -44254.4 -50505.7 563 663 3)
(72734 -56269.5 -23273.3 196 296 1)
(72737 -69351.6 62224.2 47 147 3)
(72744 105823 24015.2 568 668 3)
(72747 -15036 73338.6 104 204 3)
(72759 67456.7 -31333.9 569 669 1)
(72763 59379.7 97418.1 162 262 3)
(72764 111604 120520 42 142 3)
(72767 -71379.2 -136951 246 346 1)
(72768 70428.3 -58459.7 81 181 1)
(72772 103627 26016.6 141 241 3)
(72773 -70373.2 118605 308 408 1)
(72774 -6021.74 -135932 288 388 1)
(72780 66529.4 -137936 171 271 1)
(72781 -80462 -18280.5 444 544 1)
(72785 -98489.2 -74579.6 140 240 1)
(72788 -119647 -55408.9 52 152 1)
(72796 32291.4 -100847 560 660 1)
(72797 11134.2 -54477.1 324 424 3)
(72816 19165.1 -59519.8 533 633 3)
(72818 -11929.4 -94832.8 437 537 1)
(72828 -79381.2 67307.9 6 106 3)
(72837 8904.38 65493.5 460 560 1)
(72840 -14046.5 5917.7 71 171 3)
(72856 -86440.3 -66454.9 78 178 1)
(72857 113926 -55454 446 546 1)
(72877 57347.7 26058.6 18 118 1)
(72879 -106665 -50503.8 409 509 1)
(72881 -29053.6 -26128.8 40 140 3)
(72926 -23081.3 -91784.1 559 659 1)
(72931 65447.1 10912.5 277 377 1)
(72937 -52273.7 138744 270 370 1)
(72949 -18220.6 29039.4 420 520 1)
(72962 -13060.9 37139.6 378 478 1)
(72968 64.9197 -133980 270 370 3)
(72983 -43218.2 23009.1 440 540 1)
(72984 15150.4 -138899 50 150 1)
(72986 -73349.5 -56424.2 80 180 1)
(72991 19175.9 5970.69 365 465 3)
