(24003 -77415.5 15968.4 310 410 1)
(24005 28036.6 -56425.2 167 267 1)
(24006 57373.6 -21264.6 204 304 3)
(24008 70479.6 105733 556 656 1)
(24011 114905 -25303.5 613 713 3)
(24025 -62308.5 -3163.08 147 247 3)
(24026 -74477.7 112713 563 663 1)
(24036 -46218.8 129681 346 446 1)
(24038 -15046.5 15005 585 685 3)
(24045 18197.6 3938.97 81 181 1)
(24053 51376.7 96454.5 161 261 1)
(24064 8131.89 -80638.9 318 418 1)
(24065 48352.2 -141057 407 507 1)
(24069 28213.2 -41343.5 155 255 1)
(24077 -36948.1 -38404.7 16 116 1)
(24078 116675 -122725 99 199 3)
(24081 66453.4 51163.6 303 403 1)
(24085 -93326 30938.1 268 368 1)
(24099 -44531.8 70247.5 512 612 1)
(24100 -60182.9 103536 142 242 1)
(24103 91552.2 109339 67 167 1)
(24113 61436.6 139617 10 110 1)
(24120 8079.98 -43373.1 230 330 3)
(24125 -116698 -84722.4 438 538 3)
(24146 5097.6 -54508.1 319 419 1)
(24158 113793 101517 320 420 1)
(24159 13143.7 -30277.3 18 118 -1)
(24160 7079.4 -37274.1 82 182 1)
(24170 -26097.9 -73513.2 71 171 1)
(24177 -6999.53 -84714.5 459 559 1)
(24181 1277.76 62671.9 325 425 1)
(24182 16162.2 37104 175 275 1)
(24201 -74418.8 -105738 201 301 1)
(24202 -8919.76 -51632.3 491 591 3)
(24211 -18043.4 -94643.8 86 186 3)
(24216 -4979.52 -5088.72 147 247 1)
(24218 33281.3 56242.9 571 671 1)
(24225 -71433.7 -3201.38 329 429 1)
(24228 81527.1 57196.5 78 178 1)
(24237 116832 -128983 472 572 3)
(24242 -33150.4 -63629.4 591 691 1)
(24247 52399.9 -119897 367 467 1)
(24250 79493.2 17964.5 83 183 1)
(24273 52316.5 -37359.6 418 518 3)
(24283 96031.8 -118065 581 681 3)
(24284 52381.9 -39371.9 245 345 1)
(24286 -63316.2 39089.7 253 353 1)
(24287 3071.32 34120.1 511 611 3)
(24289 -28121 -66592.3 276 376 3)
(24293 42623.5 54128.2 342 442 1)
(24294 -63381 79309.4 135 235 1)
(24295 -114550 7632.37 550 650 1)
(24304 104905 -89755.5 465 565 1)
(24307 26192.3 -47364.8 7 107 1)
(24310 -21960.7 -110831 273 373 1)
(24312 -51255.5 -17239.1 283 383 1)
(24314 -15828.7 -101873 603 703 1)
(24324 -11064.5 120718 262 362 1)
(24325 -7885.43 -105724 228 328 3)
(24328 -9981.23 -40434.4 520 620 3)
(24330 65448.3 50184 224 324 1)
(24333 115977 84458.6 491 591 1)
(24334 -10024.8 -19230 494 594 1)
(24337 66564.6 -53525.1 478 578 3)
(24341 27240.2 -65570.7 391 491 1)
(24347 -14036 16961.4 584 684 1)
(24362 -26118 872.242 438 538 1)
(24373 -54273.4 -110798 289 389 1)
(24375 50373.1 125604 339 439 1)
(24376 -29106 -65508.3 134 234 1)
(24378 -56227.5 -32502.8 92 192 1)
(24382 35267.4 56134.4 128 228 1)
(24384 104676 138739 320 420 1)
(24388 -15082.4 112559 324 424 3)
(24390 -2955.32 -48396.9 214 314 1)
(24391 24227.3 -117988 447 547 3)
(24400 -51279.8 107482 245 345 1)
(24402 -89456.4 8920.89 166 266 1)
(24403 89545.6 70269.1 61 161 3)
(24406 110882 -83742.7 593 693 3)
(24408 -60304.6 -129905 254 354 1)
(24412 46349.2 43179.4 557 657 1)
(24427 55351.5 31080.1 44 144 1)
(24431 44348 -129025 590 690 1)
(24432 91683.5 -35360.9 478 578 1)
(24436 88674.9 -76692.3 347 447 1)
(24440 84536.4 -71733.3 411 511 1)
(24448 11019.2 -128118 607 707 1)
(24451 -35189 -138121 616 716 1)
(24457 12071.9 -40347.5 198 298 3)
(24458 -15086.7 23969.5 335 435 3)
(24465 2093.89 64243.9 243 343 1)
(24475 38270.7 -34325.9 243 343 1)
(24485 -97575.1 -4106.17 595 695 1)
(24487 46395.1 -56575 589 689 1)
(24489 47395.6 -33380.7 476 576 1)
(24500 98716.6 -65566.6 412 512 3)
(24507 45393.1 -113943 540 640 1)
(24511 -54234.3 -9169.37 30 130 1)
(24513 52359.6 -106741 139 239 1)
(24515 -23217.3 -77626.5 603 703 3)
(24517 61485.3 59286.1 488 588 3)
(24533 -71375.4 3864.7 197 297 1)
(24539 76644.4 98503.1 445 545 1)
(24543 5120.77 -33397.3 601 701 3)
(24564 15150.9 -28275.2 203 303 1)
(24567 9947.71 -78878.4 409 509 1)
(24578 51307.4 38150.3 523 623 3)
(24610 -28139.7 -137057 351 451 1)
(24620 -20775.8 38672.1 74 174 1)
(24624 1092.08 137685 171 271 3)
(24627 60476.9 -140.133 465 565 1)
(24628 111762 112548 204 304 1)
(24634 24188.4 97397.7 108 208 3)
(24636 122894 -109785 561 661 1)
(24637 72484.3 -65483.2 237 337 1)
(24641 19242.3 128698 357 457 1)
(24643 111737 -118937 434 534 1)
(24651 23104.2 -147923 190 290 1)
(24664 -975.383 76301.6 67 167 1)
(24671 -119605 99423.3 66 166 1)
(24672 -22292.8 123712 356 456 1)
(24674 -31185.8 132634 140 240 1)
(24677 55405.9 114660 271 371 3)
(24687 -27084.1 81403.4 629 729 1)
(24688 11091.4 -85627.6 75 175 1)
(24694 117235 62103.1 293 393 1)
(24704 -21087.6 88466.7 249 349 1)
(24705 -110726 -147135 385 485 1)
(24708 54540 2995.34 562 662 3)
(24716 26060.5 -4964 1 97 1)
(24727 -85580.5 -145089 492 592 3)
(24745 -14878.3 -141788 2 102 1)
(24750 47996.7 -111016 627 727 1)
(24757 117733 110584 106 206 1)
(24758 14774.7 -7154.98 34 134 1)
(24759 89698.1 81434.6 525 625 1)
(24760 -43144.4 -22166 109 209 1)
(24764 -62392.1 -76590.8 439 539 1)
(24773 115789 -112735 417 517 1)
(24774 -70580.2 -136921 490 590 1)
(24779 -41306.3 148799 588 688 3)
(24782 -74325.6 -32285.3 54 154 3)
(24791 20232.7 -83694.6 485 585 1)
(24793 -29122.4 -67555.2 303 403 1)
(24796 -62337 -18730.1 486 586 3)
(24801 112669 -82570.6 98 198 1)
(24806 -106636 -141088 423 523 1)
(24807 37276.1 -24258.5 162 262 3)
(24813 109719 112538 192 292 1)
(24819 -44394.4 30492 519 619 1)
(24822 -18021.1 -25272 284 384 3)
(24823 -27156.6 -90405 55 155 1)
(24824 -46787.2 82506 597 697 1)
(24827 -47323.9 20960.7 401 501 1)
(24828 -6979.21 15939.9 245 345 3)
(24851 73491.7 122645 264 364 1)
(24853 -107557 -30301.2 218 318 1)
(24857 -10045 4755.2 167 267 1)
(24865 73528.9 -92783.1 450 550 1)
(24868 -116625 -73490.1 287 387 3)
(24869 -2904.21 -136920 52 152 1)
(24870 -94536.9 -97709.3 270 370 3)
(24873 21155.1 -63465.9 82 182 1)
(24883 -8993.33 -21268.4 434 534 1)
(24896 -117812 29942.7 599 699 1)
(24897 51363.9 -88640.8 198 298 1)
(24899 -104636 -103847 598 698 1)
(24915 -33169.4 114542 133 233 3)
(24916 36262.1 74285 61 161 3)
(24919 37255.8 -17264.3 392 492 1)
(24924 -61186.7 63068 151 251 3)
(24925 75520 122633 101 201 1)
(24930 -37091 -4243.5 366 466 3)
(24934 82496.4 -90566.9 130 230 3)
(24937 -3957.86 -19277.9 494 594 3)
(24939 5104.98 -114835 278 378 1)
(24941 -1914.1 -121867 184 284 3)
(24942 -48265.9 -66612.7 576 676 1)
(24945 -33127.4 -19231.8 38 138 1)
(24949 3891.08 -103885 528 628 1)
(24953 -87484.9 147237 7 107 1)
(24954 62456.2 52216 473 573 1)
(24957 5130.16 -60510.6 471 571 1)
(24967 3032.06 -78679.6 556 656 1)
(24975 -51230.5 -2155.09 119 219 1)
(24980 2070.72 80361.8 198 298 1)
(24982 111528 97566 242 342 1)
(24984 112673 -102673 82 182 3)
(24985 51372.6 74340 353 453 1)
(24987 -83538.6 -147894 89 189 1)
(24993 5081.77 40124.1 240 340 1)
(24996 22287 -55507.7 209 309 1)
(24998 -26356.3 -47402.3 530 630 1)
