(195006 -44098.3 -52478.4 323 423 1)
(195009 -47237.4 96574 628 728 1)
(195012 -17084 -108769 222 322 1)
(195015 4953.05 -86595.6 16 116 1)
(195027 -20059.6 -45380.2 67 167 1)
(195029 109650 -4126.86 78 178 1)
(195031 109702 -78405.8 579 679 3)
(195051 19124.4 -134251 524 624 1)
(195053 48309.7 -123792 32 132 3)
(195060 -122691 -6155.31 295 395 1)
(195063 -38151.6 -13206.2 205 305 3)
(195072 -73486.8 -63676.2 453 553 1)
(195075 -122887 -134084 412 512 1)
(195083 80547.7 -4237.81 69 169 1)
(195085 74503.6 -19268.9 362 462 1)
(195086 115548 88526.2 196 296 1)
(195094 -56291.6 -29342.6 476 576 1)
(195098 2049.51 -110853 458 558 1)
(195099 -79411.4 -19188.7 51 151 1)
(195101 -2940 46162.6 233 333 3)
(195102 85579.1 962.06 500 600 1)
(195103 -5966.92 -92817.5 582 682 1)
(195105 -97491.6 -74513.4 16 116 1)
(195108 50398.9 -138074 516 616 1)
(195111 -21146.3 128729 201 301 1)
(195116 -857.924 55131.7 266 366 1)
(195123 46453.7 -24307 608 708 1)
(195125 -45452 132616 131 231 1)
(195126 -10958.3 17062.9 254 354 1)
(195144 -8040.58 133785 425 525 1)
(195148 112877 -26280.4 539 639 1)
(195151 -40165.8 -27294.9 532 632 3)
(195154 -5059.37 19995.4 290 390 1)
(195156 -19070.2 99448.8 324 424 1)
(195159 -48212.5 -145957 155 255 1)
(195168 -105661 -65595 544 644 3)
(195171 -51242.4 -24425.2 622 722 1)
(195178 -59356.4 19838.4 427 527 1)
(195179 -30022.6 -127992 311 411 3)
(195181 25227.3 -82628.9 309 409 1)
(195185 -19043.4 127705 385 485 1)
(195189 8159.14 -134056 335 435 1)
(195191 85596.4 -21254.2 295 395 1)
(195198 -112630 -83660.8 307 407 1)
(195212 -11013.8 -144118 514 614 1)
(195223 -53273.2 -65619.1 587 687 1)
(195225 84443.8 -67496.9 68 168 1)
(195229 -11018.1 -82658.2 440 540 1)
(195230 102733 -126986 496 596 3)
(195237 -52384 138612 416 516 1)
(195239 68555.4 25888.9 225 325 1)
(195240 39312.7 82384.3 292 392 1)
(195243 -33238.5 43276.7 92 192 1)
(195248 108734 -60444.2 232 332 1)
(195253 -91499.2 18927.1 170 270 1)
(195254 -58258.5 135674 220 320 1)
(195259 11059.1 -127990 369 469 1)
(195279 -28086.9 9887.31 619 719 1)
(195280 -9999.93 -148190 625 725 1)
(195285 121749 -127883 206 306 3)
(195292 2109.25 -73622.9 548 648 1)
(195293 -28135.8 -47474.7 565 665 3)
(195302 55305.4 -100599 227 327 1)
(195306 19373.5 -14098.5 497 597 1)
(195312 2074.4 -133924 160 260 3)
(195326 -111769 83513.2 604 704 1)
(195329 53352.8 99449.6 142 242 1)
(195332 -14046.9 62292.9 347 447 1)
(195341 35337.8 93448.2 151 251 1)
(195347 -2926.1 -50399.4 174 274 3)
(195348 -113663 -15234.2 397 497 1)
(195351 -795.449 11022.3 464 564 1)
(195356 -33151.9 76342.4 203 303 1)
(195369 70407.9 -24230.7 54 154 1)
(195372 -60307.4 -5181.17 477 577 1)
(195377 -114747 -142170 623 723 1)
(195380 16069 -57448.3 227 327 1)
(195387 -51246.1 53847.4 24 124 1)
(195388 -87505.2 -38371 560 660 1)
(195396 -86486.8 6882.6 72 172 1)
(195397 -18045.7 77472.3 568 668 3)
(195405 -28067.4 -7425.83 262 362 1)
(195407 -4963.57 95452.7 308 408 1)
(195420 24249.1 1901.03 77 177 1)
(195422 89564.5 -145967 153 253 3)
(195423 74505.4 68279.4 230 330 1)
(195424 -54267.9 -80768.1 616 716 1)
(195426 57567.5 50213.4 212 312 1)
(195430 -10991.7 -45511.8 560 660 3)
(195448 -29137.1 -94696.7 223 323 1)
(195450 -10018.8 -51480.1 473 573 1)
(195452 -87493.7 -28317.9 413 513 1)
(195453 98760 -91783.2 569 669 1)
(195469 -76413.1 98416.8 19 119 3)
(195474 39315 -36366.1 254 354 3)
(195477 -14962.9 -137949 260 360 1)
(195486 -47094.2 112630 226 326 1)
(195487 -116853 81120.1 209 309 3)
(195488 6184.2 21990.5 478 578 1)
(195490 30059.4 27088.9 230 330 1)
(195492 -1952.32 58233.1 358 458 3)
(195501 -15046 -135056 475 575 1)
(195502 4114.45 -78651.4 372 472 3)
(195520 -23114.1 126753 519 619 1)
(195521 -79477.5 -31232.6 215 315 1)
(195528 27157 -74711.1 594 694 1)
(195530 -96620 82440.7 604 704 1)
(195532 -61335.6 125696 434 534 1)
(195534 41438.1 -126973 523 623 1)
(195538 85656.8 -133190 628 728 1)
(195544 -73561.6 -75626.3 564 664 1)
(195545 -944.205 -124932 373 473 1)
(195549 -121734 -149126 447 547 1)
(195553 -17107.4 -52511.1 575 675 1)
(195555 -68477.2 -89598.7 372 472 1)
(195563 17627.1 121567 81 181 1)
(195571 117993 -62798.8 527 627 1)
(195572 63449.3 15964.8 275 375 1)
(195574 -30149.5 -71642 467 567 1)
(195584 43180 -100682 261 361 1)
(195586 123712 -119799 36 136 1)
(195589 -46135 -5223.29 543 643 1)
(195590 15169.7 -148144 500 600 3)
(195593 -93488.1 143693 198 298 1)
(195596 -24134.1 -92690.7 381 481 1)
(195597 21138.2 -28184.1 83 183 1)
(195598 46394.6 115613 582 682 1)
(195602 -80503.6 -122997 481 581 1)
(195605 -10061.1 96667.3 194 294 1)
(195611 14930.5 -87791 117 217 1)
(195613 95596.2 -38349.6 92 192 3)
(195616 -108494 73342.2 134 234 1)
(195629 80881.2 -52498.1 290 390 1)
(195635 -39191.6 -78543.3 242 342 3)
(195639 -8984.64 -22304.4 564 664 1)
(195646 -7117.07 -144428 146 246 1)
(195650 58185.2 46687 220 320 1)
(195653 63473.2 -53490.7 418 518 1)
(195659 -81266.1 9992.18 503 603 1)
(195674 65409.6 108481 227 327 1)
(195675 -47235.4 -140888 132 232 1)
(195679 67474 -7196.65 281 381 1)
(195682 -79715.4 -40588.6 566 666 3)
(195696 -118646 41212.6 160 260 1)
(195698 62429.3 37146.5 429 529 3)
(195706 17496.6 9036.52 605 705 1)
(195708 6124.28 99439.3 169 269 1)
(195721 108615 -106774 135 235 1)
(195735 3096.95 39069.8 72 172 1)
(195740 16532.7 83345 32 132 1)
(195742 -63346.8 -88692.5 331 431 1)
(195745 -4987.9 86301.6 151 251 3)
(195756 71485.5 -42394.1 194 294 1)
(195764 -58279.5 -32244.1 204 304 1)
(195765 -5985.7 -84559.6 50 150 1)
(195769 45435.6 -104870 254 354 1)
(195771 -88532.8 -123951 534 634 1)
(195773 -34154.6 24021.7 131 231 3)
(195774 -60236.4 -140966 118 218 1)
(195776 -40098.4 -6153.54 60 160 1)
(195783 87552.6 13917.8 81 181 1)
(195790 -83522.8 -46442.1 497 597 1)
(195792 22204.3 -30265.6 77 177 3)
(195793 -23088.9 -62562.6 564 664 1)
(195795 116551 -65485.9 43 143 3)
(195805 8073.89 75285 19 119 1)
(195810 29248.6 69339.2 602 702 1)
(195817 -23102.2 -72582.2 363 463 1)
(195819 27309.6 -69356.6 474 574 1)
(195820 -10000.8 74475.5 334 434 1)
(195821 72457.7 -75551.4 141 241 1)
(195822 -3963.24 -141101 457 557 1)
(195828 99416.2 136675 39 139 3)
(195833 105639 124552 35 135 1)
(195842 -56303.7 70326.3 437 537 1)
(195845 109845 -76662.7 445 545 1)
(195848 -21089.4 -127899 55 155 3)
(195850 -67392.8 -136946 356 456 1)
(195863 12166.1 -104830 493 593 1)
(195868 -104549 60225.8 140 240 1)
(195880 67467.5 45177.9 403 503 3)
(195887 -116704 -94760.1 429 529 1)
(195888 107721 -19236.2 269 369 1)
(195892 24158.7 -111992 525 625 3)
(195902 26197.1 -145055 339 439 1)
(195908 96729.9 -14227.2 537 637 1)
(195912 -65389.8 22051.6 115 215 1)
(195922 -62339.2 18985 389 489 3)
(195924 -4817.85 20185.2 54 154 3)
(195933 -7981.69 -57481.9 320 420 -1)
(195936 60168.8 124264 58 158 1)
(195956 -78417.7 5877.8 253 353 1)
(195959 -3928.64 54237.6 154 254 3)
(195962 15146.8 -49373.3 30 130 1)
(195963 40338.1 -3165.94 475 575 1)
(195970 2324.48 42260.6 625 725 3)
(195976 74573.8 34095.4 458 558 3)
(195981 -21217.8 -31468.8 423 523 1)
(195985 -1939.16 2850.33 450 550 1)
(195987 13144.2 -86637.3 226 326 1)
(195990 -29161 -1043.5 481 581 1)
(195995 -2958.54 32072.6 228 328 1)
(195998 84701.6 67574.8 341 441 1)
