(88002 -4956.59 -134977 314 414 1)
(88003 34415.9 -25242.6 484 584 3)
(88008 -72561.6 65566.2 401 501 1)
(88010 98891.4 -56335.7 369 469 1)
(88011 -40204.9 57229.8 375 475 3)
(88013 -73301.2 -61357.7 91 191 1)
(88015 107686 146663 78 178 1)
(88018 61439.8 -119827 276 376 1)
(88030 -26036.7 -141146 358 458 3)
(88031 -9025.43 -145877 215 315 1)
(88043 57.9398 -10080.2 160 260 1)
(88049 119801 -68563.3 276 376 3)
(88052 -10089.6 29134.6 349 449 1)
(88058 46431.4 -136157 584 684 1)
(88059 -98566 -52460.8 482 582 1)
(88065 -65281.4 -20272.4 148 248 1)
(88069 -37137.6 -116761 77 177 3)
(88076 69452.1 36070 46 146 1)
(88080 -10005.2 30067.5 291 391 1)
(88090 -90418.1 32020.5 254 354 3)
(88091 -120623 27010.5 176 276 1)
(88097 63413.4 25982.1 131 231 1)
(88100 48.3286 -132771 151 251 1)
(88103 -36183.2 -118863 364 464 1)
(88117 101783 111684 319 419 1)
(88127 16925.4 6051.97 97 197 1)
(88131 -9971.24 -119796 148 248 1)
(88142 -104416 42262.2 115 215 1)
(88156 47353.1 47165.9 273 373 1)
(88159 -24111 -20242.8 224 324 1)
(88167 -80463.2 -81645 365 465 1)
(88172 -8988.77 8925.61 249 349 3)
(88174 64364.7 -51445.4 182 282 1)
(88184 -79398.1 -93675.6 249 349 3)
(88187 112637 51164.2 23 123 1)
(88200 -91522.9 -21270 366 466 1)
(88204 -77375.6 -121851 213 313 3)
(88212 45359.5 -82569.1 545 645 1)
(88214 45351 51207.5 281 381 1)
(88223 6073.16 -135284 576 676 1)
(88229 27271.3 24105.3 243 343 3)
(88230 -28125.6 -67514.1 144 244 1)
(88232 83582.6 -118849 295 395 1)
(88233 -98573.7 13945 398 498 1)
(88235 80809.6 -72501 468 568 1)
(88243 -50218.3 86348.1 3 103 1)
(88249 -60341.7 -9244.95 466 566 1)
(88253 -15030.3 -54398.3 14 114 1)
(88255 -85483.7 -88540.6 18 118 3)
(88256 -34138.4 -75588.9 212 312 3)
(88258 -58292.1 22009.9 56 156 1)
(88268 -111679 -16254.4 390 490 1)
(88269 53478.8 13947.7 619 719 3)
(88272 8100.67 -78542.9 37 137 1)
(88275 22194.4 -46405 260 360 3)
(88276 79400.6 -96851 124 224 1)
(88293 9143.21 116301 290 390 1)
(88299 15123.8 -96637.6 47 147 1)
(88317 -28144.2 -16211.8 201 301 1)
(88319 -69357.1 -131800 4 104 1)
(88321 69513.8 -31320.5 361 461 3)
(88329 -75495.3 23047.4 264 364 1)
(88330 -50297.6 -93617.2 45 145 1)
(88340 -79429.1 -91741.6 485 585 3)
(88341 12238.1 107546 605 705 1)
(88350 -120661 -50571.1 208 308 1)
(88357 83689.3 116743 546 646 1)
(88358 26193.9 35069.9 6 106 1)
(88372 50339.2 -131842 81 181 1)
(88375 84560 72310.3 219 319 1)
(88376 103725 -79615.1 284 384 1)
(88382 13989.3 -32255 608 708 1)
(88383 -20930.2 4935.95 1 95 1)
(88391 -104631 -91770.3 488 588 1)
(88393 2064.39 -2140.96 261 361 3)
(88399 -53420.2 -26168.4 437 537 1)
(88422 65439.3 104588 287 387 1)
(88429 26173.9 2957.5 237 337 1)
(88430 -24016.2 -33355.3 235 335 1)
(88435 -94557.1 -34455.1 572 672 1)
(88439 116706 -33316 113 213 3)
(88440 -7990.06 -111703 1 98 3)
(88441 -38132.2 -40281.3 108 208 1)
(88444 21077.7 127779 548 648 1)
(88450 -38204.2 -132905 125 225 3)
(88456 34248.1 -148900 128 228 3)
(88463 -113711 -147124 502 602 1)
(88475 -22075.8 -119850 50 150 1)
(88480 -51326 117450 343 443 1)
(88482 -80393.3 15972.1 91 191 1)
(88487 69550.9 23059.6 471 571 3)
(88490 48345.4 33063.7 134 234 1)
(88491 -94541.1 -103654 163 263 1)
(88498 -49294.7 -107931 510 610 1)
(88506 -40208 25059.6 534 634 1)
(88507 -111597 -40368.2 482 582 3)
(88512 18158.8 -51499.7 481 581 1)
(88534 29203.4 71321.9 364 464 3)
(88535 -90446.7 -138144 506 606 1)
(88549 109683 -63463.6 213 313 1)
(88556 94788.8 80648 392 492 1)
(88558 -18021.8 104523 253 353 1)
(88568 105727 -132969 372 472 1)
(88572 -62351.2 -144108 492 592 1)
(88574 115771 -49334.1 300 400 1)
(88579 41302.6 95431.4 202 302 3)
(88590 -88512.2 -50465.4 453 553 3)
(88594 80329.8 98556 192 292 3)
(88597 10227.8 120489 183 283 1)
(88601 18286.2 -5147.2 538 638 1)
(88605 -38173.9 63239.8 186 286 1)
(88607 -75357.7 -58463 101 201 3)
(88609 -72353.2 128681 111 211 1)
(88613 116810 80397.8 378 478 1)
(88615 12006.9 -84676.2 472 572 1)
(88616 -18071 5890.47 610 710 1)
(88626 -17055.9 119665 528 628 1)
(88640 23688.8 20130.9 613 713 1)
(88645 38329 -122975 503 603 3)
(88652 -72380 -141979 302 402 1)
(88654 -41216.1 -102862 581 681 1)
(88661 -40341.6 -43398.4 42 142 1)
(88667 41305.1 -128908 252 352 1)
(88678 23192.9 27029.6 105 205 1)
(88689 83609.2 3891.41 410 510 1)
(88695 -64342.8 67320.4 409 509 1)
(88703 -15011.8 111504 172 272 3)
(88705 100806 -2129.27 543 643 1)
(88709 31720.3 103395 553 653 1)
(88712 -124151 66828 177 277 1)
(88714 -53966.3 -82551.9 9 109 3)
(88718 68321.9 -107672 7 107 1)
(88723 -52239 -31325.7 437 537 1)
(88724 -77400.9 -113808 191 291 1)
(88728 -17039.5 -2124.91 452 552 1)
(88730 -112601 -137942 125 225 1)
(88731 70498.4 11954.5 309 409 1)
(88732 83624.5 -4235.81 361 461 1)
(88734 98757.4 -95730.7 166 266 1)
(88739 26256.7 80347.2 422 522 1)
(88744 -66381.4 -49459.3 427 527 3)
(88746 6096.16 -68528.1 208 308 3)
(88749 -70433.7 -60554 594 694 1)
(88763 51492.9 -117958 382 482 1)
(88764 8141.78 78381 368 468 1)
(88766 -82378.7 -125816 44 144 1)
(88772 116653 -69495.8 47 147 1)
(88790 -62288.6 109488 94 194 1)
(88802 121876 86443.8 458 558 3)
(88808 -75419.9 -57477.9 281 381 1)
(88810 123802 59265.3 384 484 1)
(88813 -15040.5 131684 67 167 1)
(88825 -33114.1 47190.8 541 641 3)
(88830 31438.7 -73567.6 72 172 1)
(88831 -117816 24950.4 252 352 1)
(88832 -36094.2 18936.9 298 398 1)
(88840 71550.3 -49498.3 580 680 1)
(88848 12141 35085.7 499 599 3)
(88849 89675.3 -23295.6 520 620 1)
(88851 -35151.6 -5150.34 67 167 1)
(88854 -10008.5 29085.6 418 518 1)
(88865 -3967.2 58221.9 253 353 1)
(88873 -97467.8 -33288.5 30 130 1)
(88878 -34066.8 -141007 375 475 1)
(88883 29005.6 -37629.9 121 221 1)
(88896 -45253 55310.6 516 616 1)
(88898 -53268.3 -14224.6 400 500 3)
(88905 -1790.22 -68480.6 17 117 1)
(88909 120794 -43472.8 543 643 1)
(88917 88732.7 80404.8 579 679 1)
(88923 -84421.7 94436.2 176 276 1)
(88928 21188.6 -71610.5 498 598 1)
(88935 -82333.7 75576.1 612 712 1)
(88937 -78300.3 -103368 242 342 1)
(88939 -84456.8 -65577.5 407 507 1)
(88946 21241.9 88429.1 496 596 1)
(88949 -24083.6 116554 517 617 1)
(88968 108724 84132.6 303 403 1)
(88971 1125.32 8907.06 299 399 1)
(88973 -41212.3 -10226.7 451 551 3)
(88980 -112691 -109845 613 713 3)
(88988 76823.4 131849 595 695 3)
(88993 -45213.2 75337.2 289 389 3)
(88995 -76430.1 19946.2 524 624 1)
(88996 40251 -149901 37 137 3)
(88998 -8924.79 -144921 101 201 1)
(88999 -110653 20000.7 449 549 1)
