(57000 3139.82 -8176.15 313 413 0)
(57006 109571 22000.7 123 223 1)
(57011 40383.8 -60750.8 109 209 1)
(57022 -101523 130529 42 142 3)
(57023 -49226.1 35072.8 287 387 1)
(57032 -26.7347 81551.7 347 447 1)
(57042 -82471.5 57297.5 390 490 3)
(57043 -53379.6 56232.2 477 577 3)
(57049 3142.73 -122003 448 548 1)
(57051 -95588.3 -36368.8 527 627 3)
(57054 -4973.36 148040 616 716 1)
(57068 -76479.8 50253.4 424 524 1)
(57069 77419.6 -118745 316 416 1)
(57076 97624.7 91426.8 156 256 1)
(57078 116773 52413.2 181 281 1)
(57097 -117548 8860.99 14 114 0)
(57099 -5950.38 8958.7 146 246 1)
(57101 -33197 -91735 276 376 3)
(57108 61623.1 48223.9 333 433 3)
(57111 -25119.2 145755 71 171 1)
(57117 -44329.9 -39321.3 308 408 1)
(57118 52392.6 43189.6 123 223 1)
(57130 38368.8 -85693.3 324 424 1)
(57135 -52283.3 -1125.71 395 495 3)
(57138 103489 59406.2 8 108 1)
(57153 25507 32958.9 469 569 1)
(57156 8105.67 -21313 517 617 3)
(57165 -102565 -129820 207 307 3)
(57169 -24040.1 -102832 341 441 1)
(57171 -90510.6 -14226.7 629 729 0)
(57173 42309.1 -144934 67 167 1)
(57177 -44331.3 98503.4 78 178 1)
(57179 -123655 126882 605 705 0)
(57183 -43255.4 70303.1 279 379 1)
(57186 -48249.2 8921.77 322 422 1)
(57190 -95621.7 -132016 484 584 1)
(57199 53452.8 -86893.2 466 566 0)
(57204 69380.8 -59187.8 211 311 0)
(57207 29300.6 44161.9 561 661 0)
(57212 87659.7 29086.4 539 639 1)
(57215 116871 121716 560 660 1)
(57216 -45233.2 49463.7 521 621 0)
(57224 79481.9 -43292.9 2 102 1)
(57226 61506.4 -129053 582 682 0)
(57240 -88527.8 138799 344 444 3)
(57243 -49183.1 -30317.8 563 663 3)
(57247 -33031.6 45095.8 286 386 1)
(57250 15098.6 95268 151 251 1)
(57256 -89425.3 -97593.5 210 310 1)
(57257 -53337.1 -67562.1 295 395 1)
(57264 105702 25022.5 248 348 3)
(57265 78573.3 101513 237 337 1)
(57270 108795 -28317.7 441 541 3)
(57278 66498.8 16976.5 443 543 1)
(57285 -24969.4 125831 394 494 1)
(57292 -100699 27035.9 285 385 1)
(57298 22243.6 -84671.3 390 490 1)
(57299 -18064.9 -41402 91 191 1)
(57305 105741 79330.8 218 318 1)
(57306 -24098.3 -92697.9 219 319 1)
(57308 113697 -31284.5 76 176 1)
(57311 -53328.5 -11208.2 510 610 1)
(57322 -89440.7 -38352.2 192 292 1)
(57339 -69509.4 57198 432 532 1)
(57354 51549.2 -64503.3 423 523 0)
(57367 -53290.7 113659 438 538 1)
(57374 91662 -59475.5 394 494 3)
(57376 119847 139781 396 496 1)
(57377 -90444.1 -104651 3 103 1)
(57382 34057.8 27640.3 510 610 1)
(57388 -118510 -89525.6 11 111 0)
(57403 -52702 -29254.8 29 129 1)
(57423 -76465 -73599.2 437 537 1)
(57425 74565.8 -87777.3 536 636 1)
(57427 -33838.3 123922 513 613 3)
(57428 -4087.32 3867.75 65 165 1)
(57431 94587.7 47986 392 492 0)
(57435 81593.4 -75787.5 431 531 3)
(57437 -55117.6 -55404.6 228 328 1)
(57443 98688.3 -101972 559 659 3)
(57448 -62315.4 90421.8 226 326 1)
(57454 -83503.8 94488.3 434 534 1)
(57459 -72348.8 -51421.5 145 245 3)
(57468 1096.63 -85726.4 389 489 3)
(57472 -68356.5 -94696.7 313 413 0)
(57475 -2971.64 -71577.6 222 322 1)
(57481 46264.9 127799 423 523 0)
(57487 83533.7 -138004 346 446 3)
(57488 -9043.25 -134893 343 443 1)
(57490 -61360.1 111661 501 601 1)
(57506 34228.3 -21233.8 43 143 1)
(57507 111238 62473.2 382 482 1)
(57529 -11077.6 -130143 548 648 1)
(57530 -60087.8 126088 204 304 3)
(57538 -57297 17969.3 211 311 1)
(57542 116756 -4117.61 560 660 3)
(57548 112665 6928.22 34 134 1)
(57556 76470 141647 77 177 1)
(57558 -13959.3 -104828 485 585 1)
(57565 -76308.7 -33287.9 59 159 1)
(57566 -39209.7 19988.1 489 589 1)
(57569 -71414.5 -113904 476 576 1)
(57572 -35104.6 -118756 128 228 1)
(57573 66501.4 5934.16 423 523 3)
(57581 11076.1 -136796 46 146 1)
(57583 75611 -73575.1 535 635 3)
(57597 22153.6 -75600 182 282 0)
(57598 23281.9 28064.9 556 656 1)
(57606 102678 -102944 457 557 1)
(57607 57467.2 -17147.4 316 416 1)
(57609 -124091 -67669.6 451 551 0)
(57624 -80349 31094.1 20 120 1)
(57642 -112702 68387.9 481 581 0)
(57647 -42513.6 -76849.8 487 587 1)
(57648 -20068.2 81355.9 328 428 0)
(57650 -63376.1 118740 307 407 1)
(57653 -27078.9 -70502.9 40 140 0)
(57655 -45314.7 -145197 455 555 1)
(57657 65491.5 -143080 418 518 0)
(57658 -69271.3 -26253.2 107 207 0)
(57660 -99536.9 54171.7 204 304 1)
(57663 -70344.9 -134917 209 309 3)
(57666 99539.5 47097.8 222 322 1)
(57669 -87430.8 -91721.3 476 576 0)
(57674 -73447.2 -84708.7 496 596 1)
(57678 -84427.2 99447.6 137 237 1)
(57700 35279.8 -52427.2 511 611 1)
(57702 -19076.7 -69452.7 110 210 1)
(57705 62597.4 -81517 401 501 0)
(57711 77607 -5184.46 556 656 1)
(57727 -109752 -103857 537 637 1)
(57730 55359.2 143689 1 100 3)
(57736 20888.2 -102975 462 562 1)
(57742 16208.4 -130054 513 613 3)
(57746 18310.3 122981 503 603 1)
(57747 -100604 -101854 487 587 1)
(57749 112628 37038 47 147 1)
(57755 -101629 37284.5 263 363 3)
(57758 17174.2 -118831 161 261 1)
(57762 -9028.65 22025.3 140 240 1)
(57770 -79410.7 56222.6 95 195 1)
(57772 -53030 -101232 185 285 1)
(57776 176.575 -86630.9 525 625 1)
(57781 121862 121550 457 557 1)
(57784 -84544.3 -79617.4 425 525 3)
(57788 28255.3 13994.5 220 320 1)
(57789 35269.6 88440 56 156 0)
(57792 60389.1 131644 115 215 0)
(57799 -23029.9 -102713 125 225 1)
(57809 123841 112566 318 418 1)
(57811 1079.63 39095.1 18 118 1)
(57825 -45203.9 -42479.8 382 482 1)
(57828 -94530.1 -61578.6 517 617 0)
(57831 -29551.2 31021.5 444 544 1)
(57832 31252.6 81376 351 451 1)
(57840 -48205 17974.6 58 158 1)
(57859 25120.6 27018.5 480 580 0)
(57865 -55263.5 93465.1 126 226 1)
(57873 -57598.1 -31106.7 85 185 0)
(57875 69888.5 -126055 438 538 0)
(57877 27240.8 19988.9 322 422 3)
(57879 -91507.1 -39357.7 51 151 1)
(57883 22534.8 32123.9 457 557 0)
(57891 -110667 -103764 132 232 3)
(57906 -76448.4 30035.2 626 726 1)
(57921 -83730.4 88272 571 671 1)
(57934 -54231.5 8897.59 59 159 1)
(57939 52461.8 4871.37 487 587 1)
(57944 13261.6 18654.4 485 585 1)
(57958 86418.3 -62672 358 458 1)
(57961 51492.5 115854 554 654 3)
(57966 -75540 -118953 364 464 1)
(57969 16103.9 82389.2 209 309 1)
(57973 -32083.3 -104620 71 171 1)
(57977 94741.8 -99831 527 627 3)
(57980 9123.8 -131068 513 613 3)
(57983 -110504 114661 328 428 1)
(57986 46373.1 1882.06 356 456 1)
(57998 -121673 922.811 192 292 1)
