(13000 1016.8 -75528.6 71 171 1)
(13013 -15864 32019.6 56 156 3)
(13018 -55300.8 93596.2 123 223 1)
(13019 -73428.4 -25320.8 492 592 0)
(13022 23202.6 -53465.6 354 454 3)
(13026 -36144.4 -74473.7 270 370 1)
(13027 -52349.4 -118973 338 438 0)
(13034 83473.2 113678 248 348 3)
(13053 -99607.4 62244.4 332 432 1)
(13058 -114670 99502.3 277 377 1)
(13062 13138.2 -146940 53 153 1)
(13063 -9076.85 -111046 464 564 1)
(13067 22071.1 -12314.2 281 381 1)
(13073 -36239.5 5960.85 238 338 0)
(13080 -114597 -141854 176 276 1)
(13081 -17047.2 27058.8 580 680 1)
(13091 -42240.7 51216.3 625 725 1)
(13097 33240 29119.9 192 292 1)
(13098 50423 108680 609 709 3)
(13103 -65403.1 32141.5 344 444 0)
(13105 -104733 74890.6 85 185 1)
(13127 63502.8 -52510.8 413 513 0)
(13129 -36115.9 -77561.2 182 282 1)
(13130 -51208.4 -91731 380 480 0)
(13132 -101609 -94776.6 426 526 0)
(13133 -36114.5 37182.2 101 201 3)
(13134 37247.3 53175.6 11 111 1)
(13136 -11858.9 -63673.6 57 157 3)
(13138 -65408.1 -105790 476 576 1)
(13140 -48272.8 -77678.2 519 619 3)
(13147 78584.8 -122002 290 390 0)
(13151 82706.8 -97570.1 185 285 3)
(13152 14159.3 -118776 315 415 1)
(13158 -109639 -96705.3 198 298 1)
(13161 -48380 1900.59 384 484 0)
(13164 -87546.2 137799 155 255 1)
(13166 -37122.5 -1146.24 121 221 1)
(13169 -25107 -106896 577 677 1)
(13174 107837 42089.6 575 675 1)
(13189 -45392 -43428.2 451 551 0)
(13195 -56549.2 22980.5 351 451 0)
(13196 -20066.5 -8116.27 246 346 1)
(13197 -59328 4908.06 621 721 3)
(13201 -52233.6 140722 125 225 3)
(13202 -52162.3 -118860 1 94 1)
(13206 -28176.7 -44378.6 533 633 0)
(13210 -5962.3 144787 360 460 3)
(13218 60441.1 77328.1 433 533 3)
(13231 50513.9 -109857 480 580 1)
(13235 -60357.4 -149151 133 233 1)
(13238 66434.6 -69495.1 104 204 1)
(13241 94585.3 13992.7 197 297 0)
(13251 -22079.8 -124961 434 534 3)
(13267 110705 -101779 211 311 1)
(13270 68530.8 2895.81 357 457 3)
(13271 -48235.3 -71470.1 365 465 3)
(13275 89584.7 -13028.2 1 98 1)
(13276 33308.9 -29352.6 548 648 3)
(13281 -99464.5 59314.4 260 360 3)
(13284 28277.3 40151 226 326 0)
(13300 -84427.1 4925.25 173 273 0)
(13306 -56258.5 125749 165 265 1)
(13314 63520.3 106647 354 454 0)
(13320 -59245.7 23032.6 191 291 1)
(13322 33246 -110708 55 155 1)
(13326 -35145 -100738 224 324 1)
(13332 -44098.5 141819 126 226 0)
(13341 -72502.1 -80700.3 325 425 1)
(13342 18207.7 -97733.3 386 486 1)
(13345 -111585 -77595.5 34 134 0)
(13350 120703 -42438.5 12 112 1)
(13351 -23303.8 -131945 9 109 1)
(13356 94443.4 147744 50 150 0)
(13358 -41208.1 -45410.4 294 394 1)
(13364 41242.2 58232.9 1 94 1)
(13365 -40138.7 -36376.5 52 152 1)
(13369 107826 -148168 545 645 1)
(13378 100607 118678 288 388 3)
(13399 -82529.9 -44249.6 260 360 1)
(13402 -36229.1 84450.7 239 339 1)
(13403 -114630 91433 257 357 1)
(13408 52441.6 11948.3 506 606 3)
(13418 -64390.3 -88629.2 187 287 1)
(13419 111937 9912.56 234 334 1)
(13421 -3952 34856.5 599 699 3)
(13425 -35007.2 -64511.7 449 549 3)
(13436 40021.6 -16018.6 555 655 0)
(13439 -40230.1 6916.39 398 498 1)
(13446 -9843.82 -59614.9 580 680 1)
(13454 -32097.8 -19377.3 22 122 0)
(13455 71513.9 -98771.4 461 561 0)
(13459 -30175.2 46368.9 146 246 1)
(13463 -71261.4 17960.4 212 312 0)
(13470 -8911.03 -72674 391 491 0)
(13472 -105695 -128908 278 378 1)
(13473 119834 24030.2 441 541 1)
(13478 30517.8 57546 606 706 1)
(13483 -21157 -114839 186 286 1)
(13485 -7141.22 -96121 595 695 1)
(13498 57658.7 -51348.1 2 102 1)
(13506 -19086.1 -90723.6 549 649 1)
(13519 104726 -38397.1 349 449 1)
(13528 109587 -53387.3 73 173 1)
(13534 -96498.1 22026.5 141 241 3)
(13536 46533.2 -74637.4 563 663 0)
(13547 60532.9 148791 309 409 1)
(13548 -20998.3 147752 385 485 1)
(13549 -41305.2 20092.9 528 628 3)
(13553 -46195.2 -46376.3 96 196 1)
(13558 72.4589 18950.5 218 318 3)
(13560 19866.8 49952.4 535 635 0)
(13574 -99531.6 -54519.6 268 368 1)
(13592 66569.5 87437.7 54 154 0)
(13603 107799 70355.5 578 678 1)
(13604 -31123.1 -13196.4 112 212 0)
(13606 -27063.4 -114934 129 229 1)
(13619 36272.9 115541 169 269 1)
(13621 16053.9 36160.6 37 137 0)
(13625 114683 45136.7 70 170 1)
(13626 -35164.6 -102797 557 657 1)
(13629 -11110 -61588.3 589 689 1)
(13630 -97416.7 -147979 120 220 1)
(13632 69431.6 31052.7 62 162 1)
(13635 -121765 -70694.5 562 662 3)
(13643 40391.8 -145125 628 728 3)
(13647 -32097.2 -99035.8 542 642 1)
(13649 66409.6 -59331.5 48 148 0)
(13650 38396.2 129843 504 604 1)
(13651 -81374.5 57621.9 76 176 1)
(13658 51352 141674 132 232 0)
(13665 20392.6 -146007 139 239 1)
(13667 43278.6 -106909 594 694 3)
(13672 37230.4 36986.5 153 253 0)
(13673 -68306.3 30036 57 157 1)
(13675 60614.2 64611.4 4 104 1)
(13686 -25092.1 -17343.9 197 297 3)
(13687 -75348 30975.1 172 272 1)
(13688 122847 78390.1 388 488 3)
(13690 75860.4 -77612.8 551 651 0)
(13697 12114.4 -80561.2 133 233 0)
(13704 -1985.31 39107.6 74 174 3)
(13709 48225.5 -2222.78 163 263 0)
(13712 -9974.34 85386.1 1 97 1)
(13726 -119787 60325.8 474 574 1)
(13729 8099.68 -91575.9 34 134 1)
(13732 -54482.4 14062.3 465 565 0)
(13744 12199.2 131570 5 105 1)
(13751 27273.8 -64557.5 83 183 3)
(13781 -28085.1 -141095 146 246 1)
(13790 59449.7 -66534.5 65 165 1)
(13791 69535 -119161 457 557 3)
(13796 83534.6 -73626.5 572 672 0)
(13803 -81495.8 -49850 483 583 3)
(13804 109812 24041.3 593 693 3)
(13806 -31142.4 -88768.4 468 568 1)
(13810 32319.6 13024.9 364 464 1)
(13824 -83573.5 -101726 370 470 1)
(13831 64521 27050.4 547 647 1)
(13836 -106542 83323.5 127 227 3)
(13845 -80402.2 -85616.5 219 319 1)
(13849 2973.11 -25198.8 245 345 3)
(13854 3095.65 -61495.5 313 413 3)
(13862 49364.8 -142128 629 729 1)
(13863 -67341.7 18002.6 312 412 0)
(13873 108681 -42363.4 111 211 0)
(13875 7076.42 28108.2 553 653 3)
(13878 -18019.1 -45541 287 387 0)
(13898 77577.6 -127918 313 413 1)
(13900 -115640 70268.2 314 414 3)
(13911 74709.7 -124039 466 566 3)
(13914 34285.4 7872.75 245 345 0)
(13915 39359.4 -42453.1 624 724 1)
(13917 60336.1 48032.6 49 149 1)
(13927 -16027 -34365.2 396 496 1)
(13932 5146.22 39156.2 450 550 3)
(13938 -71470.4 67416.5 545 645 1)
(13946 -3901.38 -102895 600 700 1)
(13956 117865 -139082 398 498 1)
(13959 31216 113628 333 433 1)
(13972 -26890.4 -138814 210 310 1)
(13984 97631.5 144798 371 471 3)
(13985 -31232.3 -99873.7 589 689 1)
(13991 75478.7 131663 80 180 0)
(13992 98954.8 -124697 517 617 1)
