(117001 -89617.2 -65447.4 485 585 1)
(117007 54543.4 116582 341 441 3)
(117008 -4978.43 -44369.8 66 166 1)
(117020 69422.5 31073.4 13 113 1)
(117021 38210.9 32989.4 485 585 0)
(117022 13932.4 115737 305 405 0)
(117029 -38135.7 25052.3 365 465 3)
(117031 -22058 65409.1 207 307 1)
(117037 -20257.8 -13212.3 162 262 1)
(117048 45290.1 28010.3 97 197 0)
(117052 -30256.3 -99837.5 487 587 1)
(117060 -19113.3 127668 522 622 3)
(117065 60491.7 -71632.9 335 435 1)
(117072 -13013.6 61229.4 87 187 0)
(117074 -92470.5 27075.4 71 171 1)
(117082 -28131.4 -87617.6 30 130 0)
(117083 92494.9 94586.4 74 174 1)
(117085 11002.9 47218.2 61 161 3)
(117092 -9975.5 -65497.8 181 281 1)
(117093 31230.9 -6163.56 282 382 3)
(117114 2083.33 -42319.9 102 202 1)
(117119 -21054.4 -62483.5 283 383 0)
(117121 -53239.5 -2097.71 9 109 3)
(117127 -79395.5 71281.6 39 139 0)
(117130 -59341.1 141646 220 320 3)
(117143 97729.4 47193.2 537 637 3)
(117152 94650.3 -84712.7 564 664 1)
(117159 -84550.8 88435.2 251 351 3)
(117162 37550.6 89558.8 573 673 0)
(117174 -78360 -7147.68 31 131 1)
(117175 -77285.4 136824 178 278 0)
(117176 1058.91 -58429.8 67 167 3)
(117179 -89521 -86681.3 386 486 1)
(117187 -60297.5 146627 1 96 3)
(117190 -20155.9 -91940 517 617 -1)
(117195 57940.6 -73791.9 460 560 1)
(117204 -108549 -96649.4 48 148 1)
(117211 26300.2 -25283.8 325 425 1)
(117224 -106545 47146.6 87 187 0)
(117254 -9773.86 26121.2 97 197 1)
(117258 -8158.11 -11192.9 583 683 1)
(117263 29327.6 -76589.7 509 609 1)
(117266 82501.2 -113795 180 280 1)
(117271 36307.7 -27329.8 514 614 3)
(117280 -62362.7 90403.6 222 322 1)
(117284 160.459 -53488.1 547 647 3)
(117287 -45241.4 -61360.2 4 104 0)
(117290 -31129.7 36089.9 376 476 3)
(117298 -62382 -111858 556 656 1)
(117300 -60293.1 -49357.4 16 116 1)
(117301 124767 -58520.7 132 232 0)
(117302 44456.6 146876 250 350 3)
(117304 -121412 -86801.3 86 186 0)
(117305 70524.4 -115920 469 569 3)
(117306 -78391 82320.2 11 111 1)
(117311 96704 1975.66 85 185 0)
(117312 -78439.2 -8126.72 333 433 3)
(117314 -122759 70308.6 381 481 1)
(117318 23219.9 33076.4 271 371 0)
(117319 69449.3 122532 164 264 1)
(117320 -57269.3 86451.2 621 721 3)
(117323 -32151.6 -21276.1 401 501 1)
(117325 122919 40162.6 427 527 0)
(117326 38361.4 -70563.8 185 285 1)
(117338 -120665 78361.1 251 351 3)
(117339 104851 -70626.1 525 625 3)
(117340 -27187.1 -34454.4 617 717 3)
(117344 97690.9 -112812 339 439 1)
(117345 95742.3 -75637.8 564 664 1)
(117363 -43160.6 -10209.8 125 225 1)
(117365 62529.8 21028.2 534 634 0)
(117380 16206.2 14896.4 498 598 1)
(117391 -19088 -141940 188 288 1)
(117396 43343.3 -54378.1 564 664 1)
(117404 -21929.9 -19061.8 247 347 0)
(117410 2172.69 38161.6 457 557 1)
(117414 9092.24 141725 151 251 1)
(117422 -52314.2 60327.4 456 556 3)
(117427 -17105.8 -89461.9 28 128 1)
(117428 -74448.6 -121996 441 541 1)
(117429 -81617.4 129787 335 435 0)
(117432 49423.4 91469.8 324 424 1)
(117440 64516.9 28107 445 545 1)
(117444 -12015.8 -30349.1 412 512 1)
(117446 -76458.9 -1104.74 378 478 1)
(117458 90450 86516.1 132 232 1)
(117459 59548.8 -111836 459 559 1)
(117468 -113552 -59478.2 126 226 1)
(117470 14230.4 -111844 284 384 1)
(117482 98780.6 -101909 609 709 1)
(117490 -86443.3 -9210.24 181 281 3)
(117494 -49182.3 46179.3 137 237 1)
(117502 -21032.4 -56304.4 539 639 3)
(117504 -75416.6 111593 358 458 1)
(117512 -15001.5 -137978 235 335 1)
(117513 -54263.5 -71503.1 106 206 1)
(117523 -15956.3 -73621.1 628 728 1)
(117524 -56231.9 -77540.4 16 116 1)
(117526 -9925.2 65272 198 298 0)
(117535 30341.2 30002.3 584 684 1)
(117551 -52415 1285.01 453 553 1)
(117552 -2956.36 -135255 600 700 1)
(117554 83674.9 904.011 318 418 1)
(117570 -45450.1 -1208.75 97 197 0)
(117571 27215.7 34243.7 418 518 1)
(117573 -61308.4 -62536.6 407 507 1)
(117581 -121643 -104685 108 208 1)
(117592 85466.4 -39543.2 155 255 1)
(117596 102727 -46421.5 507 607 1)
(117597 32260.4 51415.2 285 385 3)
(117598 -48226.4 -16279.7 249 349 0)
(117614 -110656 40093.1 408 508 1)
(117615 -58340.3 -104877 550 650 3)
(117619 76451 8934.78 96 196 1)
(117620 -57263.3 69361.6 384 484 3)
(117624 -75366.3 -114806 197 297 1)
(117626 14058.3 41125.7 491 591 0)
(117630 119824 -131845 76 176 1)
(117637 -31217 -41359 547 647 1)
(117642 101733 -62536.3 393 493 1)
(117656 36169.2 -1040.54 241 341 3)
(117657 64502.5 -2135.29 479 579 1)
(117661 12136.8 87437.6 319 419 1)
(117670 24209.3 -7149.33 291 391 0)
(117677 -14987.4 -89554.3 17 117 1)
(117693 -27124.6 115645 174 274 3)
(117702 58434.5 -40444.3 313 413 0)
(117711 30442.5 104676 494 594 0)
(117714 39377.6 33101.8 382 482 0)
(117715 104618 -76639.1 390 490 1)
(117720 -105731 64345.7 581 681 1)
(117721 26.2005 -15178.1 425 525 1)
(117730 3063.08 92420.4 26 126 3)
(117732 -87516.6 -23250.8 61 161 0)
(117735 -21170.2 11009.2 198 298 0)
(117737 -36148.6 100520 287 387 0)
(117743 -41250.5 144825 170 270 1)
(117749 -72350.7 85432.3 206 306 1)
(117754 116840 110597 429 529 1)
(117759 21290.1 -61655.5 593 693 3)
(117763 85607.4 6939.89 391 491 1)
(117776 -100617 117690 582 682 1)
(117780 -70406.2 13942.8 364 464 1)
(117784 57342.9 87175.5 525 625 1)
(117794 -91461.6 98562.1 72 172 0)
(117800 -35251.1 41314.6 482 582 0)
(117808 -25204.4 20081.8 247 347 0)
(117816 -95624.9 38041.8 621 721 1)
(117817 78482.5 -48453.1 333 433 1)
(117824 77529.4 31038.2 264 364 1)
(117827 -105602 -20296.3 216 316 3)
(117830 112873 -44543.6 532 632 3)
(117835 -51467.4 -140332 602 702 1)
(117842 4113.44 56268.8 439 539 1)
(117843 -92576.7 14961 549 649 1)
(117848 -15993.6 -45449.6 617 717 1)
(117856 18972.5 129659 62 162 1)
(117862 -29114.8 126669 221 321 0)
(117866 -94436.4 -133166 435 535 3)
(117870 24293.4 -46506.8 545 645 1)
(117877 64416.2 10909 293 393 3)
(117879 -3989.32 -134189 462 562 1)
(117886 -70398.6 -17255.4 607 707 1)
(117888 27256.6 21024.5 290 390 1)
(117891 20151.3 -47381 220 320 3)
(117895 106732 -10198.6 339 439 1)
(117898 -45239.9 -68607.5 526 626 0)
(117901 14255.1 -90508.6 409 509 1)
(117903 -9797.48 -9113.19 617 717 3)
(117908 -54281.2 -65491.6 206 306 1)
(117918 -15095.9 -37252.2 196 296 1)
(117923 100797 136854 440 540 1)
(117924 -72277.3 -19221.9 106 206 1)
(117926 88601.1 -120832 234 334 1)
(117933 -56264 -94652.7 150 250 1)
(117934 43414.6 -10015.8 313 413 3)
(117943 95571.7 27068.3 1 99 3)
(117945 -65357.8 -5169.37 546 646 1)
(117946 24231.1 -41342.6 73 173 1)
(117957 56378.7 -26288.2 154 254 3)
(117961 -105553 -180.524 190 290 1)
(117978 -46318.4 -114643 99 199 1)
(117984 917.173 74363.3 210 310 0)
(117991 112801 20968.7 425 525 1)
