(92001 14267.1 -106813 493 593 1)
(92004 97663.6 -124683 41 141 3)
(92005 99691.4 94315.7 161 261 1)
(92013 -48297.6 116634 492 592 3)
(92020 -56234.1 -99658 16 116 0)
(92024 -64380.1 -137080 538 638 1)
(92027 -57300.9 -1015.54 336 436 1)
(92032 11079.8 -112809 441 541 1)
(92033 42487.4 -42605.1 585 685 1)
(92040 38255 -57450.3 327 427 1)
(92041 -76472.3 -131073 586 686 3)
(92046 -22310.2 -10112.9 240 340 3)
(92066 -81455.3 -66602.1 542 642 0)
(92069 -87405.3 -125669 228 328 1)
(92070 -83521.4 47129.5 406 506 1)
(92071 13065 -105863 548 648 1)
(92075 87507.4 96026.2 185 285 0)
(92081 73478.7 -101822 382 482 1)
(92083 -15249.6 -100826 96 196 3)
(92099 -55305.1 -90605 108 208 1)
(92100 5234.1 116333 244 344 1)
(92104 3078.95 -114852 266 366 1)
(92105 -60343.2 13945 466 566 3)
(92108 105791 -106812 311 411 1)
(92110 6117.21 -36360.6 169 269 1)
(92113 -63368.4 -53417.2 407 507 1)
(92118 -2937.92 68361.1 586 686 1)
(92122 -21054.2 888.205 282 382 3)
(92126 90695.5 64477.6 393 493 3)
(92128 -14022 -78679.5 504 604 0)
(92129 38362.3 -93732.8 477 577 1)
(92136 -61310.3 4893.31 122 222 3)
(92140 110770 47175 388 488 3)
(92146 29083.7 -97842.7 502 602 3)
(92151 -76473.7 -146064 398 498 3)
(92152 -2844.9 -101785 210 310 1)
(92153 55435.9 110644 425 525 1)
(92173 -58329.7 127642 304 404 3)
(92184 18269.7 -75668.3 361 461 1)
(92192 -75386.3 1908.36 342 442 1)
(92200 40304 -42382.8 256 356 3)
(92218 -113659 -115631 167 267 1)
(92231 84547.7 13951.8 122 222 0)
(92233 -112536 20895.4 1 101 1)
(92239 46342.2 64468.6 132 232 3)
(92242 -117651 -139970 254 354 1)
(92243 6106.53 134699 391 491 1)
(92250 -124906 98769 629 729 3)
(92265 15220.4 -34393.9 112 212 0)
(92267 7156.49 -65401 85 185 1)
(92272 92657.6 19967.8 256 356 1)
(92276 79479 30103.1 17 117 1)
(92282 34237.6 -88584.9 18 118 3)
(92296 84674.2 80453.6 629 729 1)
(92299 -106588 97469.3 143 243 1)
(92300 117840 99566.5 491 591 1)
(92305 -89326.2 -90895.1 246 346 0)
(92309 107636 -75532.7 58 158 1)
(92315 -17828.6 22175.7 83 183 0)
(92316 -28103.9 -85688.2 598 698 3)
(92318 4088.84 -67527.7 198 298 1)
(92322 -2943.8 -72582 287 387 1)
(92328 34237.3 7896.68 322 422 0)
(92349 95639.4 -146009 268 368 1)
(92355 -94567.5 -17223.6 390 490 1)
(92357 -25303.5 96453.3 63 163 3)
(92358 27203.6 3845.3 190 290 1)
(92359 80628 -7111.43 224 324 3)
(92363 23182.8 -22275.9 600 700 1)
(92364 74720.6 51171.3 27 127 1)
(92376 91658.1 80410.7 377 477 3)
(92397 -95518.1 -123879 263 363 1)
(92405 46370.2 -97712.5 348 448 0)
(92408 88019.6 55314.4 464 564 1)
(92414 73456.5 15966 26 126 1)
(92417 78541.7 -52444.9 395 495 0)
(92421 -116649 -66445.5 338 438 3)
(92422 -87420.2 -96666.5 46 146 1)
(92426 52379.5 94595.1 332 432 1)
(92432 4113.55 100436 180 280 1)
(92438 66484.3 -145104 326 426 1)
(92452 70744.8 -87802.1 186 286 1)
(92456 38319.6 -93751.2 423 523 1)
(92466 -67363.2 -80685.5 562 662 3)
(92480 113665 -73480.6 1 97 1)
(92482 61391.4 32013.5 19 119 1)
(92486 -30078.5 144772 51 151 0)
(92495 97594.5 3899.13 40 140 3)
(92513 -122663 -64489.9 121 221 1)
(92515 -32138.1 50236.3 459 559 1)
(92519 20367.3 -63651.8 348 448 1)
(92523 -104970 -38436.8 210 310 1)
(92525 -117721 86291 470 570 0)
(92528 29247.3 85477.3 102 202 1)
(92533 -111644 -137959 290 390 1)
(92547 51465.7 77442.7 527 627 0)
(92569 85510.3 142604 1 98 3)
(92572 44298 -48371.1 141 241 3)
(92580 -80499.9 -13252.4 559 659 1)
(92582 15134.9 -61491.4 173 273 1)
(92585 67197 -5636.44 524 624 3)
(92589 48351.5 -5159.51 380 480 1)
(92590 35346.8 14932.4 524 624 1)
(92594 -18119.8 142688 392 492 1)
(92622 122878 78410 286 386 1)
(92623 -10007.5 86659.6 509 609 1)
(92624 -26054.6 -71617.9 390 490 0)
(92642 54469.5 -109694 439 539 1)
(92653 -14044.1 83426.5 462 562 0)
(92656 -106608 60239.4 122 222 0)
(92658 3050.93 7899.17 555 655 1)
(92662 127.303 -136788 1 101 1)
(92663 -60154.6 -140014 151 251 1)
(92667 -60348.9 25054.4 477 577 3)
(92668 -42273.1 -19495.6 536 636 0)
(92671 -4955.24 -108895 606 706 3)
(92679 82745.6 -137046 148 248 1)
(92703 -39238.5 46132.2 15 115 0)
(92711 -114621 4994.86 264 364 3)
(92713 59393.3 -72537.1 323 423 1)
(92720 12091.2 138710 169 269 1)
(92729 -19016.3 -112928 466 566 3)
(92733 74552.9 23025 390 490 1)
(92734 9102.16 23046.1 367 467 1)
(92736 44360.1 117606 121 221 3)
(92738 -100478 -56636.1 586 686 3)
(92743 -92510.3 125679 303 403 0)
(92748 -92622.5 -46446 4 104 1)
(92750 -24136.8 -18162.2 32 132 1)
(92751 54349.1 -25274.3 83 183 1)
(92773 -28080.4 34139.4 366 466 1)
(92776 99458.8 -12088.2 1 96 1)
(92779 86550.3 -7179.89 142 242 1)
(92780 -23897.7 -74661.4 428 528 1)
(92782 2067.65 38106.6 227 327 0)
(92783 -84209.4 -130052 130 230 1)
(92786 -87497.7 -88666.8 267 367 0)
(92787 51393.5 72410.7 558 658 1)
(92791 -23109.6 -62552.1 532 632 1)
(92801 -18052.8 -3214.99 26 126 1)
(92811 -35124.3 119544 223 323 3)
(92816 -87483 -73579.8 334 434 0)
(92819 -73265.5 11985.4 452 552 3)
(92822 44319.6 78335.4 163 263 0)
(92828 9080.31 48298.1 296 396 1)
(92835 40310.7 -53436.2 65 165 3)
(92840 -6980.78 -5131.9 508 608 0)
(92845 77586.7 -5178.44 396 496 1)
(92848 -48160.3 70427.5 436 536 0)
(92850 18194 -81507.6 81 181 3)
(92852 92740.4 3872.74 243 343 1)
(92857 -29115.7 -64512.4 246 346 1)
(92860 44375.8 -86700.5 342 442 1)
(92868 30270 7916.74 491 591 1)
(92870 5114.69 -36443.3 351 451 1)
(92881 4116.72 -144186 602 702 1)
(92884 -16073.6 -127011 544 644 0)
(92886 33259 -116024 601 701 0)
(92889 -63322.3 -125817 244 344 1)
(92892 -37172.7 -45447.4 478 578 1)
(92898 -56205.1 -94697.4 345 445 1)
(92902 -108663 -127021 526 626 3)
(92913 -90564.8 -80717.4 618 718 1)
(92919 -104583 55237.3 317 417 1)
(92925 -113596 -116826 133 233 1)
(92926 -84404.9 44094 17 117 1)
(92928 -18052.3 -133090 583 683 1)
(92938 23207.2 -106815 469 569 0)
(92940 -119661 -30288.1 180 280 0)
(92942 63551.9 73216.8 173 273 1)
(92945 113714 30072.6 199 299 1)
(92946 -88431.8 39160.4 233 333 1)
(92950 36320.5 -114965 595 695 1)
(92952 71523.1 27948.6 342 442 1)
(92954 25148 60292.2 140 240 3)
(92957 52366.6 46240 277 377 1)
(92965 68587.7 25044.7 320 420 1)
(92967 -111565 -17164.7 3 103 0)
(92982 -34104.5 -114213 173 273 1)
(92985 -96569.6 -36349.4 421 521 1)
(92986 89640.4 73311.2 344 444 3)
(92996 2045.11 -18106.8 21 121 1)
