(1003 22226.3 89478.1 523 623 1)
(1004 -120519 -36346.2 98 198 1)
(1009 -97591.9 -85626.9 339 439 0)
(1018 8203.74 29006.3 457 557 0)
(1019 122015 -52532.3 524 624 1)
(1027 -64392.6 67272.9 234 334 1)
(1040 -94432.1 -23225.3 6 106 1)
(1043 8091.41 125590 262 362 1)
(1047 -110679 6888.34 478 578 1)
(1062 9144.19 -106818 398 498 1)
(1063 -20103.7 -56475.1 81 181 1)
(1068 91713.2 51245.3 587 687 3)
(1070 26018.7 -54549.7 254 354 0)
(1071 -119601 1906.89 97 197 1)
(1078 111805 -24283.2 423 523 3)
(1081 -124704 -104960 185 285 0)
(1097 84553.7 58297.1 149 249 3)
(1099 -60251 -113810 150 250 0)
(1103 27211.6 -50386.6 72 172 1)
(1106 8074.44 -119662 221 321 0)
(1113 -29102.8 -17219.2 107 207 1)
(1130 -7860.14 -61845.4 286 386 0)
(1141 -62480.3 57247.5 599 699 0)
(1161 12132.2 24997.6 503 603 1)
(1162 56024.6 35685.3 257 357 1)
(1179 -10014.8 135735 346 446 1)
(1182 -112752 -60458.3 289 389 0)
(1185 -5977.58 -138961 184 284 0)
(1186 -31171.8 71306.8 179 279 1)
(1188 -32108.9 -8187.19 563 663 3)
(1195 71559.4 -143031 506 606 3)
(1202 14171.2 57235.7 241 341 3)
(1206 53499.5 65473.7 147 247 0)
(1208 -78395.3 116710 176 276 1)
(1222 -28088.7 139586 7 107 0)
(1231 -75413.7 -52370.7 267 367 1)
(1234 39321 135798 576 676 3)
(1236 -35267.3 -44507.9 586 686 0)
(1247 79652.4 -17294.7 605 705 1)
(1249 58447.9 16893.3 498 598 3)
(1259 -86525.9 -108856 509 609 1)
(1261 97709.6 -72553.3 399 499 1)
(1263 -108702 -124048 590 690 3)
(1268 -48274.3 -15212.2 394 494 3)
(1273 2276.49 -116734 36 136 1)
(1275 28227.2 -87658.1 314 414 1)
(1277 13145.1 31147.4 394 494 3)
(1281 7822.87 -22140.2 466 566 0)
(1293 55326.8 -128885 288 388 1)
(1299 -17036.6 105616 340 440 0)
(1302 -29178.1 -1099.52 223 323 1)
(1307 48286.5 5933.84 356 456 0)
(1310 -41186.4 -21249.1 190 290 1)
(1313 121905 91538.8 464 564 1)
(1317 -53291.2 -111924 538 638 1)
(1324 -24171.8 100758 360 460 1)
(1327 -97670 -99773.7 385 485 1)
(1329 27244.4 115727 550 650 1)
(1331 -26149.2 88490.3 608 708 1)
(1334 99716.1 96459.7 174 274 3)
(1343 -59408.6 24214.1 380 480 1)
(1349 -30562.7 88485.3 164 264 1)
(1350 -32379.2 -24336.4 553 653 3)
(1367 -89456 -77584.6 159 259 1)
(1379 98648.8 -85853.9 351 451 1)
(1392 -25178.7 -97789 549 649 1)
(1393 -44253.3 -24245.5 467 567 3)
(1406 -80460.3 -138046 504 604 1)
(1408 -12004.6 -128974 379 479 3)
(1417 27233.7 -47452.6 331 431 1)
(1420 -8988.1 -53407.2 85 185 1)
(1421 -48214.3 -139873 39 139 1)
(1426 75589.1 40043.3 321 421 1)
(1436 -59170.5 -148878 1 95 1)
(1457 -63334.1 -137022 361 461 1)
(1460 94854.1 45014.7 93 193 3)
(1465 -105067 33438.1 178 278 1)
(1477 18198.2 -144131 438 538 1)
(1478 -110430 3653.86 169 269 0)
(1501 -6001.96 -77553.6 137 237 1)
(1517 -24107.2 -49471.6 503 603 0)
(1519 -93479.7 -8302.19 523 623 3)
(1521 43466.6 59264.3 497 597 0)
(1523 111608 -112663 129 229 1)
(1531 50356.4 -3148.78 17 117 1)
(1543 117953 -127081 609 709 1)
(1544 68553.6 -10272.4 613 713 1)
(1545 -94492.3 -56455.2 205 305 0)
(1554 -67482.5 99509.1 83 183 1)
(1562 62545.9 -57620.9 439 539 1)
(1564 -15033.6 -25277.9 260 360 1)
(1566 76617.2 14995.4 312 412 1)
(1568 -28331.6 -46235.4 308 408 3)
(1572 -70352.7 -95743.5 157 257 0)
(1576 81635.9 -126948 343 443 1)
(1590 12016.7 -140924 247 347 0)
(1595 -39221 19952.4 562 662 3)
(1601 20188.3 34080.8 278 378 0)
(1602 -114565 -81621.1 31 131 0)
(1615 -55269.5 -118826 322 422 1)
(1622 -29178.1 134601 252 352 1)
(1626 -8973.17 117868 544 644 3)
(1627 24209.7 -119840 207 307 1)
(1631 83589.4 36120.3 336 436 1)
(1642 -90640.6 37072.8 573 673 1)
(1643 3100.29 112612 427 527 1)
(1650 -124685 83355.2 297 397 3)
(1655 -94574.1 27050.9 552 652 1)
(1658 -120734 -53484.4 471 571 3)
(1677 -83436.4 -149909 94 194 1)
(1683 -77372.6 -64508.1 208 308 1)
(1692 -73828.7 30264.5 258 358 3)
(1694 38309.8 -72664.5 537 637 1)
(1704 60422.5 57223.6 96 196 1)
(1709 -45219.8 -86754.2 274 374 1)
(1723 -94510.2 -87681.5 276 376 3)
(1726 38219.7 -118814 295 395 1)
(1733 48314.6 119684 232 332 1)
(1737 -87427.5 -9212.72 166 266 1)
(1739 -39410 109522 370 470 1)
(1750 -26095.5 64296.3 204 304 1)
(1761 -25201.2 -99802.5 415 515 0)
(1764 -72363.1 94434.6 62 162 1)
(1771 -37124.2 40114.1 174 274 1)
(1773 -7987.06 110482 188 288 1)
(1775 66621.1 36094.5 619 719 1)
(1780 -42324 -46352.3 354 454 1)
(1787 -83747.6 -134192 530 630 0)
(1792 53463.4 -115939 535 635 1)
(1794 -75372.6 32149.7 500 600 1)
(1798 -1879.87 79433.2 165 265 1)
(1804 -72251.5 110615 565 665 0)
(1808 -30131.1 6901.35 327 427 3)
(1810 -41110.8 23112.3 165 265 1)
(1811 75648.2 -98912.1 615 715 0)
(1816 -11058 2888.36 401 501 3)
(1825 17273.2 107700 565 665 0)
(1833 -24106.5 125609 163 263 1)
(1843 -70313.1 -45366.3 182 282 3)
(1844 -113540 41105.2 25 125 3)
(1852 123845 -116771 302 402 1)
(1859 17185.5 91573.4 626 726 1)
(1860 123969 -89705.7 113 213 1)
(1865 -27097.3 21992.6 54 154 3)
(1873 -31094.8 -107965 500 600 3)
(1876 118681 -62407.5 16 116 1)
(1886 -63213.3 141683 1 98 0)
(1887 71537.5 119758 505 605 0)
(1888 49346.3 -121932 446 546 3)
(1891 -36197.7 -21205.4 29 129 3)
(1892 -62424.9 104646 464 564 1)
(1893 38345.9 -127083 549 649 1)
(1899 -87490.8 -123759 73 173 0)
(1901 9040.3 115700 459 559 0)
(1902 25317.9 -24267 624 724 0)
(1919 35353.9 8987.44 242 342 0)
(1920 -75532.9 -46356.8 490 590 1)
(1921 123970 114109 544 644 3)
(1934 -11032 -130821 115 215 3)
(1936 -71363.4 -53467.4 558 658 1)
(1942 -32131.4 -98760.5 298 398 3)
(1947 77502.4 144770 101 201 1)
(1949 63488.4 -138187 611 711 1)
(1959 -72317.2 90378.6 6 106 0)
(1968 -122831 11949 577 677 1)
(1972 69487.8 -61509.2 304 404 0)
(1978 57478.2 -42408.5 387 487 3)
(1979 59518.7 -98715.6 160 260 1)
(1988 59615.3 -104689 605 705 3)
(1992 -75371.1 -60481.2 173 273 1)
(1996 41405 -74624 497 597 1)
