(87010 -86683.2 -63714.3 271 371 1)
(87011 89766.3 33059.9 553 653 1)
(87015 -49187 -37358.3 105 205 1)
(87026 -10554.4 95494.3 148 248 3)
(87040 14184.4 32097.9 605 705 1)
(87050 -90454.6 37069.5 36 136 3)
(87051 -51278.7 147904 578 678 1)
(87056 -19038.4 -121002 600 700 1)
(87058 40307.5 -43332.2 110 210 1)
(87068 81535.6 -102716 205 305 0)
(87077 -98488.1 83524.8 430 530 3)
(87080 64431.6 59232 240 340 3)
(87085 30278.5 -140079 363 463 0)
(87091 12309.8 -59788.2 70 170 3)
(87103 67438.5 -5149.24 90 190 1)
(87113 -48090.9 85232 219 319 1)
(87119 -75357.5 123665 282 382 3)
(87126 43374 -78672 508 608 1)
(87132 -45156.9 -138014 231 331 0)
(87143 -25096.5 24026.7 280 380 1)
(87144 71439.6 -98559.4 1 96 3)
(87147 13134.3 -130869 134 234 1)
(87154 28226.2 17025.1 280 380 3)
(87162 6983.24 -97463.3 78 178 1)
(87164 70490.7 21113.5 24 124 0)
(87173 30289 36155.6 506 606 1)
(87174 29244 -24230.1 72 172 0)
(87177 72538.3 -40433.7 341 441 1)
(87186 -96410.9 41188.1 215 315 1)
(87188 -97752.3 -70521.3 281 381 0)
(87200 -85467.2 -71563.5 308 408 1)
(87236 -67282.9 64269.6 414 514 3)
(87237 110041 -57383.6 539 639 3)
(87263 -34932.6 -57353.8 11 111 1)
(87265 -8029.53 -126855 36 136 1)
(87269 46320.2 44223.7 133 233 3)
(87272 -9987.31 -10216.8 625 725 1)
(87283 -74417.8 -131832 23 123 3)
(87285 -117694 -90688.4 323 423 3)
(87286 123631 106541 126 226 1)
(87301 31235.5 -66484.1 139 239 3)
(87302 -56591.6 124918 400 500 1)
(87303 -30152.7 -94765.1 395 495 0)
(87304 89550.3 128674 354 454 3)
(87314 48216 -85549 163 263 3)
(87326 -18962.6 -114107 472 572 1)
(87327 -41256.3 112717 528 628 1)
(87351 13462 -103330 236 336 1)
(87361 -2950.94 -47420.1 232 332 1)
(87371 101755 39111.9 485 585 1)
(87386 -1822.41 -3241.36 467 567 3)
(87389 -56076.7 -53355.8 74 174 1)
(87403 7131.38 -37391.3 587 687 0)
(87421 -95521.1 -2154.47 261 361 1)
(87425 46304.9 -4116.8 113 213 1)
(87436 -49239.8 -50358.3 224 324 1)
(87439 17196.2 -77590.6 293 393 -1)
(87440 -49208.4 -51708.8 465 565 0)
(87458 -117707 -79629 349 449 0)
(87480 51334.1 46136.7 50 150 3)
(87489 -5996.53 -46388.6 98 198 0)
(87494 -65369.1 -25458.9 533 633 3)
(87500 32324.3 -41382.1 457 557 1)
(87505 33167.3 -143961 572 672 1)
(87507 -29224 54256.1 342 442 3)
(87517 -42027.4 41037.2 152 252 3)
(87521 -37106.9 48146.7 33 133 3)
(87522 36279.8 124664 446 546 1)
(87524 118856 -39349.7 480 580 1)
(87527 24307.5 -119880 369 469 1)
(87544 38271.7 12948.6 371 471 3)
(87550 77535.6 -14186.7 295 395 1)
(87551 -21100 14969.6 584 684 3)
(87558 -71343.4 -50481.5 198 298 1)
(87559 109996 -66416.9 461 561 1)
(87563 12110.1 -47392 9 109 1)
(87567 -45258.1 146748 277 377 1)
(87576 -55332.5 -116974 496 596 1)
(87583 -7020.93 -122929 456 556 3)
(87586 77560.9 -80693.3 458 558 1)
(87587 -111782 -52505.5 512 612 1)
(87593 -103666 -84631.8 316 416 3)
(87604 38302.9 -37374.8 245 345 1)
(87610 8108.75 26985.7 66 166 1)
(87612 -28797.8 129798 400 500 3)
(87620 -111755 -82745.1 629 729 3)
(87624 -120603 109531 41 141 3)
(87627 4131.26 -144014 268 368 1)
(87633 -53319 -42422.9 264 364 0)
(87634 3967.81 -48436.9 391 491 1)
(87636 108685 -35321.3 256 356 3)
(87657 35292.2 -103842 417 517 1)
(87664 -113733 -26289.9 574 674 1)
(87675 54382.6 -33343.8 227 327 3)
(87677 -49266 13820.8 396 496 0)
(87686 -118608 -6196.95 24 124 3)
(87689 -30156.9 123624 313 413 1)
(87697 -22045.7 -104662 74 174 3)
(87699 -77328.5 -123781 5 105 1)
(87700 8192.04 -141185 626 726 1)
(87704 -27109.3 -35317 91 191 3)
(87708 -82519.9 -86500.6 110 210 1)
(87714 88594 -72538.1 248 348 3)
(87716 -42213.5 -36298.1 131 231 0)
(87719 74549.6 -39396.6 596 696 3)
(87720 72601 -11161.1 600 700 0)
(87721 -86462.3 12830.9 483 583 1)
(87722 -107704 -94623.4 302 402 0)
(87729 22235.8 141894 493 593 0)
(87739 8126.42 -114822 75 175 1)
(87744 48356.4 -55470.8 279 379 1)
(87748 -14039.6 -110911 488 588 1)
(87755 76446.2 24043.9 20 120 0)
(87756 -106507 25028.9 94 194 1)
(87766 75433.7 56207.3 120 220 1)
(87769 93450.2 -58378.5 58 158 3)
(87775 -115625 134664 566 666 1)
(87793 -98572 -120939 420 520 0)
(87798 -121787 12920 612 712 3)
(87813 52462.5 51212.2 238 338 3)
(87819 -62249 -83488.2 40 140 1)
(87821 -14024.5 45110.5 7 107 1)
(87838 85611.1 -13375.5 108 208 1)
(87846 -100594 1764.61 281 381 1)
(87847 67569.3 -78718.2 611 711 3)
(87851 48333.6 71325.3 67 167 1)
(87852 74482.9 27383.1 214 314 1)
(87853 8061.7 62255.2 439 539 1)
(87873 -79486.5 75343 468 568 3)
(87874 -11060.3 47131.2 76 176 3)
(87875 -83456.2 -107791 215 315 3)
(87885 87531.4 90380.9 1 98 1)
(87888 109662 -35202.3 108 208 3)
(87891 83542.6 -44395.9 216 316 1)
(87893 -6986.6 -72508.7 48 148 1)
(87895 24127.5 46083.4 92 192 1)
(87896 42333.1 112517 373 473 3)
(87905 -16012.2 88438.6 226 326 0)
(87912 4215.16 -67553 464 564 0)
(87918 -9992.86 -44390.8 171 271 1)
(87923 18274.9 -84659.9 469 569 0)
(87929 -31088.1 -94658.8 73 173 1)
(87932 -55341.8 58116.1 109 209 1)
(87933 -15062.1 18988.8 616 716 1)
(87939 119941 139927 619 719 3)
(87941 -20301.5 -115539 326 426 1)
(87957 82725.5 14104.3 607 707 0)
(87961 -108654 -38293.9 176 276 3)
(87966 -59183.7 -112764 54 154 1)
(87980 92824.8 3913.1 394 494 1)
(87985 39255.7 -122751 118 218 0)
(87986 104778 123696 510 610 1)
(87991 -43065.4 2848.62 444 544 1)
(87999 45286.3 82345 17 117 1)
