(63005 -12146.9 136823 442 542 1)
(63019 -105539 -149011 93 193 1)
(63029 2124.79 43136.6 412 512 3)
(63031 71482.5 56238.1 502 602 1)
(63032 -48184.8 -100727 267 367 1)
(63034 -40245.6 -73648.8 400 500 3)
(63035 50358.3 12992.9 82 182 1)
(63046 62404 31844.5 273 373 1)
(63051 69655 14981.8 85 185 3)
(63063 -15004.6 -19358.9 441 541 1)
(63067 -106724 71322.2 546 646 1)
(63074 120771 4967.1 160 260 0)
(63086 91768.4 -10310.4 612 712 1)
(63088 87638.4 62280.1 460 560 3)
(63100 7032.57 -26220.3 55 155 0)
(63103 54383 -71568 272 372 3)
(63105 -35180.6 -22225.5 182 282 1)
(63109 -55410 -30428.7 625 725 1)
(63111 -83535.5 -1176.21 588 688 3)
(63119 29124.9 131832 258 358 0)
(63121 85602 -8181.26 270 370 1)
(63129 -26080.6 22037.1 563 663 1)
(63147 -83408 -68468 16 116 0)
(63152 -45326.2 65430.2 349 449 3)
(63159 71483.5 -37511.1 475 575 0)
(63160 104917 -96836.4 507 607 0)
(63178 -26105.4 148853 459 559 1)
(63181 -39139.3 46164.6 618 718 3)
(63183 -79696.7 15989.3 315 415 1)
(63188 -96446.7 -65468.8 14 114 1)
(63198 -64286.9 -38361 146 246 1)
(63199 90724.7 38262.6 622 722 1)
(63205 -52331.8 11857.8 300 400 1)
(63206 -112597 692.613 581 681 3)
(63209 8378.98 -131420 582 682 1)
(63214 14179.6 -22318.4 598 698 3)
(63219 -28081.2 -75496.3 196 296 1)
(63224 -66352.9 -118878 393 493 1)
(63227 -113607 -91619.6 107 207 1)
(63231 -33158.9 137764 325 425 3)
(63235 116809 -111799 338 438 3)
(63237 -45259.7 126756 414 514 1)
(63238 -11132.5 118642 409 509 0)
(63239 -34281 34106.2 435 535 0)
(63254 -44950 111695 517 617 3)
(63264 -32295.8 77481.9 565 665 3)
(63265 -44243.9 46129.5 187 287 1)
(63268 53718.1 54166.6 564 664 1)
(63277 71580.8 -83723 519 619 1)
(63285 -40206.3 -103027 103 203 3)
(63290 -76282.1 108632 203 303 1)
(63293 -36223.1 69235.4 68 168 3)
(63305 -118658 134614 128 228 3)
(63336 -1979.51 143635 95 195 1)
(63341 54438 130652 332 432 1)
(63344 -53798.2 -42668.8 342 442 0)
(63345 99595.4 34074.8 133 233 3)
(63349 -17082.6 -15209.9 171 271 3)
(63359 -2941.12 78598 511 611 1)
(63361 -97480.5 -114777 157 257 1)
(63377 -56273.6 50206.5 202 302 1)
(63378 -86555.6 -146282 601 701 1)
(63380 119927 116854 603 703 3)
(63387 -68427.6 -27225.1 111 211 1)
(63392 114717 -107718 85 185 1)
(63396 78495.6 -7166.42 143 243 1)
(63400 114860 108632 299 399 1)
(63411 77502 -144163 393 493 1)
(63416 92966.1 -144201 94 194 3)
(63417 42286.8 32063.3 341 441 1)
(63428 -17042.7 6925.52 171 271 1)
(63431 69493.4 86376.7 292 392 0)
(63436 31215.9 -61442 9 109 1)
(63443 -96466.9 78469.7 36 136 1)
(63447 -13158.5 84323.5 30 130 1)
(63453 17210.5 88482.9 586 686 1)
(63454 93050.4 -5273.12 191 291 1)
(63459 38368.1 44142.8 325 425 1)
(63463 -21848.1 60272 586 686 1)
(63468 -92479.6 22012.4 191 291 1)
(63472 41372.4 -85685.2 276 376 3)
(63479 -41309.3 -95764.8 397 497 1)
(63481 -113471 -42612 271 371 1)
(63482 -29117.7 31062.2 198 298 3)
(63484 -62395.2 -61605.8 462 562 1)
(63492 -89638 -73513.1 111 211 0)
(63495 -34150.4 -147917 87 187 3)
(63510 -121911 -123232 590 690 1)
(63511 -73400.7 -39383.9 464 564 1)
(63517 -55364.8 73240.8 472 572 0)
(63522 42274.4 133687 391 491 1)
(63523 9099.43 -10258.5 246 346 3)
(63536 -26137.5 -15111.8 51 151 3)
(63544 51346.2 -130870 145 245 1)
(63545 54525.9 39203.1 51 151 0)
(63547 -14026 -90647 84 184 3)
(63548 -114752 128891 207 307 3)
(63554 94610 113512 102 202 3)
(63556 -6040.8 85351.8 155 255 1)
(63565 -28093.9 -19268.6 217 317 1)
(63567 -108559 -25269.1 18 118 1)
(63571 -35997 -75380.2 311 411 1)
(63578 -16242.8 -31289.5 273 373 0)
(63579 51416.8 -97820.2 370 470 1)
(63593 -100499 78331.9 83 183 1)
(63596 11277.1 139645 338 438 3)
(63605 -117722 -129023 334 434 3)
(63609 79585.2 -107009 506 606 3)
(63615 -14099.3 -94564.5 71 171 1)
(63619 52337.6 139547 20 120 1)
(63627 -43253.9 138794 496 596 1)
(63628 -120838 -29406.2 624 724 1)
(63630 -35157.6 -71574.8 292 392 1)
(63632 -31047 62855.4 376 476 1)
(63634 122848 -72529.3 586 686 1)
(63637 -39187 -83645.9 283 383 1)
(63638 -57303.1 -132920 589 689 1)
(63639 -14030.2 -19138.9 58 158 1)
(63647 -98602.9 -60573.2 529 629 1)
(63667 3032.27 -23217.6 113 213 1)
(63671 -112626 63488.7 438 538 0)
(63672 -44357.6 -75909.5 268 368 1)
(63673 6089.25 -140110 509 609 3)
(63683 -57281.4 -50462 453 553 1)
(63697 -49154.6 9940.62 392 492 3)
(63702 72536.9 37053.2 69 169 1)
(63704 -37006.2 2980.97 522 622 1)
(63708 65510.8 49148.3 445 545 3)
(63713 -2930.46 -140984 20 120 3)
(63716 -73437.6 3876.33 529 629 1)
(63718 -9916.57 -7184.82 329 429 0)
(63719 84590.2 56213.1 352 452 1)
(63724 -37212.7 57242.7 442 542 1)
(63733 27277.5 72326.7 103 203 0)
(63736 88139.8 61152 244 344 1)
(63753 74902.8 -68471.4 404 504 1)
(63758 25182.7 96404.4 23 123 1)
(63760 12192.3 143798 429 529 1)
(63763 -85414.6 34154.3 124 224 1)
(63779 -25159.7 115711 364 464 1)
(63783 20136.6 -10127.7 62 162 0)
(63797 -103733 -55374.9 468 568 1)
(63802 37454.6 52420.3 481 581 1)
(63819 67464.6 113562 352 452 3)
(63820 -50320.6 -34559.4 122 222 0)
(63821 -17020.7 147823 331 431 1)
(63825 83648.9 -21258.5 353 453 1)
(63828 13139.2 147719 60 160 3)
(63835 15113.5 -53412.4 1 96 1)
(63839 99733.8 56181.2 336 436 1)
(63853 -95606.9 -93801.1 593 693 1)
(63884 -120642 34108.3 136 236 3)
(63892 -26203 90380.8 99 199 3)
(63896 102654 64052.1 178 278 1)
(63905 -82415.3 -50419.6 159 259 1)
(63907 -121712 102528 89 189 1)
(63911 122829 31022.3 351 451 0)
(63922 23161.1 -57422.2 160 260 1)
(63933 5313.89 -140271 127 227 1)
(63949 -82463.9 -43235.2 126 226 1)
(63960 81521 92407.7 130 230 0)
(63976 47379.9 -64572.4 433 533 1)
(63987 -76431.9 11956.7 220 320 1)
(63988 81511.8 -113852 229 329 1)
(63994 -87456.5 -66489 80 180 1)
(63997 82556.3 -62485 313 413 3)
