(130000 -37232.7 -69568.9 339 439 3)
(130005 15185.1 -86764.4 605 705 0)
(130016 86569 5910.86 290 390 3)
(130018 32263.9 57252.9 12 112 1)
(130023 -64350 94467.4 298 398 1)
(130024 -61258.6 100529 206 306 0)
(130039 3986.25 -130813 197 297 1)
(130043 -65347.7 -55376.9 252 352 1)
(130044 55368 -55436.3 108 208 1)
(130054 -40261.9 30074.8 353 453 0)
(130055 79642.6 -36405.7 466 566 1)
(130056 -96589.6 -63614 520 620 3)
(130061 -41164.6 -105731 89 189 1)
(130078 -52136 74435.1 357 457 0)
(130087 54408.1 -41327.8 143 243 1)
(130100 45272.9 88331.6 1 94 3)
(130107 -62288.8 44247.6 407 507 0)
(130113 -13048.4 126820 589 689 0)
(130114 -98605.1 77310.2 213 313 1)
(130116 67.6075 69206 464 564 1)
(130121 18136.7 22037.9 7 107 3)
(130125 -17790.9 -29456.7 252 352 0)
(130127 85582 -114841 316 416 1)
(130146 103668 -75573.3 233 333 3)
(130151 -13022.2 149820 333 433 0)
(130153 -97530.8 -5240.53 103 203 3)
(130155 55312.8 -101967 501 601 1)
(130157 22106.4 70232.7 133 233 1)
(130158 -37236.6 -19272.8 547 647 1)
(130160 13113.9 39161.5 493 593 1)
(130161 -74547.2 113652 439 539 3)
(130169 7100.2 -9987.7 294 394 1)
(130170 -14976.4 37220.3 265 365 1)
(130172 92915.8 45123.8 416 516 1)
(130174 -1889.47 -22225.4 327 427 3)
(130175 -77346.5 -104739 117 217 3)
(130179 -113766 142704 213 313 1)
(130180 1098.26 -53425.3 429 529 0)
(130181 30230.5 -105849 460 560 0)
(130187 -48289.3 134936 192 292 1)
(130193 -32183.3 -101812 358 458 1)
(130202 -21081.9 78345.7 199 299 1)
(130212 89682.7 14065.8 382 482 1)
(130217 92689.2 -91745.6 235 335 0)
(130220 13365.8 21112.2 99 199 3)
(130222 -38091.4 25983.3 82 182 1)
(130227 4083.13 -69522.1 199 299 1)
(130230 22294 -96801.4 576 676 1)
(130238 43331.8 131673 30 130 1)
(130251 19266.9 79465.7 535 635 0)
(130261 56581.6 -119663 419 519 1)
(130266 28194.7 -42353.2 1 95 1)
(130276 21063.8 25033.5 15 115 1)
(130285 -106568 29142.4 275 375 1)
(130286 67558.3 -113982 608 708 1)
(130290 112784 -73626.1 326 426 0)
(130303 -95574.4 71359.9 542 642 1)
(130316 -99644.4 22993.5 546 646 0)
(130334 26147.2 -41332.2 468 568 3)
(130342 -93583.4 -58538.3 527 627 3)
(130344 73526.3 121689 488 588 3)
(130345 15357.3 -3236.95 278 378 3)
(130348 -114638 -39440.8 359 459 1)
(130352 -50242.3 140657 32 132 1)
(130356 -66428.9 19002 19 119 3)
(130357 84633.8 -43431.1 466 566 1)
(130384 21220 -149804 131 231 3)
(130391 74.4344 -80694.9 530 630 1)
(130392 -49255.7 -108929 421 521 1)
(130393 122927 -25517.6 138 238 1)
(130401 118849 -54517.9 513 613 1)
(130408 34416.7 -23623.5 252 352 1)
(130422 65553.5 -133166 575 675 1)
(130423 -9913.04 -73700.3 596 696 1)
(130424 -105611 106523 410 510 1)
(130426 -67345.7 -44137.7 351 451 3)
(130427 74633.6 94590.2 627 727 1)
(130429 -24036.3 1896.25 483 583 1)
(130453 24217.3 -135005 430 530 1)
(130466 116714 4901.32 66 166 1)
(130468 -24089.5 -38463.6 505 605 0)
(130476 -46354.6 82401.6 452 552 0)
(130479 -29131.1 33081.4 466 566 0)
(130480 -53263.4 -85621.3 317 417 1)
(130481 -11118.2 -3045.03 350 450 0)
(130484 -55303 -149023 358 458 1)
(130498 -100724 -69765.6 589 689 1)
(130510 -91373.2 -72530.7 329 429 0)
(130516 -80494.4 30142.3 604 704 3)
(130537 -22072.1 -129962 323 423 0)
(130545 104779 -7196.28 511 611 1)
(130555 -117686 120668 441 541 1)
(130556 -47224.1 -21296.1 482 582 1)
(130561 -84484.7 -16255.9 586 686 1)
(130563 -63242.9 -137039 418 518 1)
(130565 123850 61355.2 374 474 1)
(130574 38160.4 -62553.4 395 495 3)
(130575 -88417.3 -93751.2 60 160 3)
(130589 -28084.6 -45367.8 24 124 1)
(130590 47325.7 31091.7 89 189 1)
(130592 -41207.1 -101853 477 577 1)
(130598 38428.7 -70655 469 569 1)
(130602 -91411.5 -26234.1 153 253 1)
(130612 -52276 120647 424 524 1)
(130614 -96571.2 5982.06 313 413 0)
(130622 68.5563 105606 580 680 1)
(130630 -56191.5 -25358 617 717 0)
(130632 100736 -4169.45 516 616 3)
(130637 -20022.6 62303.7 580 680 3)
(130643 -111635 84337.2 578 678 1)
(130669 30225.9 109612 341 441 3)
(130672 124877 89389.4 444 544 3)
(130679 -58210.8 -15246.7 255 355 1)
(130685 -67440.3 -132256 429 529 0)
(130687 102.329 -60500 176 276 1)
(130689 -28125.7 12924.9 437 537 3)
(130692 71562.5 61308.2 588 688 3)
(130707 -102559 114931 257 357 0)
(130713 -80462.6 51182.7 244 344 1)
(130716 -98444.8 -28292.9 265 365 1)
(130718 52447 139917 367 467 3)
(130720 7156.57 31117.5 505 605 1)
(130732 -25068.1 75291.4 70 170 1)
(130733 -118718 -128112 518 618 3)
(130734 24264.9 -44462.5 492 592 1)
(130751 52423.2 53228.3 169 269 1)
(130752 -13024.8 -49366.2 94 194 1)
(130756 93623.9 -22199.9 219 319 0)
(130763 -66364.9 -28323.1 389 489 1)
(130766 41532.8 8898.07 578 678 3)
(130773 -49282.8 -93960.4 608 708 1)
(130778 37429.9 -66439.7 422 522 0)
(130787 65976.4 -48320 209 309 1)
(130811 60527.1 51256.2 184 284 1)
(130812 41406.8 -25352.7 45 145 1)
(130817 -36137 64250.7 73 173 3)
(130833 83568.8 7923.74 201 301 0)
(130836 17174.2 76214.1 324 424 1)
(130837 120769 77375.4 145 245 1)
(130845 78298 -23235.8 1 101 1)
(130853 23278.3 15896.4 358 458 1)
(130863 34231.7 123573 113 213 1)
(130870 -26005 103544 250 350 0)
(130879 -22101.8 -51515.6 519 619 3)
(130898 62372.4 5933.99 111 211 1)
(130900 61464.9 90479.2 520 620 -1)
(130901 108678 45145.9 44 144 0)
(130902 -70373.7 113582 314 414 1)
(130904 -24258.7 -81690.4 536 636 1)
(130917 -7017.33 115673 99 199 1)
(130923 108906 -12149 254 354 0)
(130924 -57234 -57527.2 162 262 0)
(130925 -4983.07 -100610 25 125 3)
(130928 -123702 -69572.7 117 217 3)
(130936 -95681.1 113714 580 680 1)
(130938 86587.5 139612 1 101 0)
(130941 60491.3 -11131.4 45 145 1)
(130949 28291.1 -37269.9 105 205 3)
(130952 -833.241 8960.05 26 126 0)
(130954 -104548 -79548.4 12 112 3)
(130957 36305 -24308 489 589 1)
(130964 -12034.9 -4157.72 282 382 3)
(130966 12132 35089.3 154 254 1)
(130967 -73376.9 -136921 284 384 1)
(130971 116960 132720 462 562 1)
(130978 37284.9 -22235.3 308 408 0)
(130980 61389.3 -148922 232 332 3)
(130988 85571.6 -142961 45 145 1)
(130993 -13086.3 86353.9 452 552 1)
(130997 -122857 -72602.5 604 704 1)
