(118006 -88679.6 108538 486 586 3)
(118007 64449.5 11935.4 262 362 1)
(118008 29146.5 127890 422 522 3)
(118010 77578.1 76384.2 445 545 1)
(118015 -48230.5 -46432.1 367 467 1)
(118040 12139.3 -89656.3 230 330 1)
(118043 -11051.9 -84757.8 523 623 1)
(118053 33273.9 -110950 331 431 3)
(118056 3087.7 -37364.8 286 386 1)
(118060 2118.89 -31379.9 517 617 0)
(118067 93724.6 -45502.6 417 517 1)
(118068 -16449.2 9725.58 612 712 1)
(118072 36323.3 -64480 322 422 0)
(118077 100710 -35468.1 182 282 3)
(118096 -105630 65289.8 381 481 1)
(118104 -123817 92672.1 472 572 1)
(118112 -86534.6 -117983 607 707 1)
(118117 24243.3 38001.3 152 252 1)
(118118 -103577 42098.8 207 307 1)
(118123 -48285.5 -80683.9 362 462 3)
(118124 -46303.5 -13164.3 124 224 0)
(118137 -91578.3 -75677.7 606 706 1)
(118138 64471.5 -143002 365 465 0)
(118150 118849 -95687.8 150 250 1)
(118152 7087.54 -133938 202 302 3)
(118153 -93807.5 -15074.3 138 238 1)
(118154 -111548 84452.7 519 619 1)
(118156 48428.6 119736 450 550 1)
(118160 51485.1 -14117 1 94 0)
(118162 25072.2 109548 157 257 3)
(118167 -84635.2 69376.2 69 169 3)
(118169 -63424.4 -119995 613 713 0)
(118177 -104677 -52557.8 525 625 0)
(118179 -121738 148777 188 288 3)
(118180 46334.3 -90604.7 56 156 3)
(118183 10108 38109.7 76 176 0)
(118184 56269.2 95609.8 97 197 0)
(118189 -78378.5 -7133.58 3 103 1)
(118209 -102583 -92766.1 563 663 3)
(118216 99588.4 -43356.5 159 259 3)
(118220 30.0507 -75647 464 564 1)
(118235 15263.4 -105818 418 518 3)
(118236 -64305.3 35125.3 218 318 1)
(118239 -86391.2 70260.9 21 121 1)
(118246 -124838 -111931 532 632 1)
(118247 36248.2 -135855 254 354 1)
(118249 -22990 -50555.9 491 591 3)
(118250 -28101.8 -20299.7 508 608 1)
(118254 58425 -135080 526 626 1)
(118255 -55287.3 15756.4 538 638 0)
(118257 61566.9 -138020 333 433 1)
(118260 -7964.25 -125842 149 249 3)
(118262 -4045.66 27094.4 19 119 1)
(118267 30184.7 20987.2 578 678 3)
(118271 -42219.4 123721 498 598 1)
(118273 47466.5 -98645.4 101 201 3)
(118280 -90818.8 -95609.5 309 409 1)
(118283 32111.2 132662 44 144 0)
(118286 -890.189 -41389.5 114 214 1)
(118294 -47198.7 -132839 67 167 1)
(118298 -46304.9 138839 561 661 3)
(118322 31000.2 -57577.8 369 469 1)
(118326 -31135.2 -107937 568 668 1)
(118337 -18016.6 -6131.51 476 576 3)
(118343 71465.3 -56476.6 20 120 1)
(118351 86595.4 -73559 334 434 1)
(118353 -2945.13 81452.2 459 559 3)
(118355 118818 -30336.1 259 359 1)
(118368 -106667 -56471.2 526 626 1)
(118374 99844.3 -146152 261 361 0)
(118383 99650.6 3903.6 114 214 1)
(118384 105733 -101747 315 415 1)
(118385 -28097 -52524 525 625 1)
(118402 -31228.3 101534 404 504 3)
(118409 -52292.8 -39472.9 215 315 1)
(118411 -24105.9 31050.4 1 95 1)
(118415 -5972.25 36094.6 435 535 1)
(118419 -93603.5 -76611.7 494 594 1)
(118432 -56300.5 -103695 51 151 1)
(118438 104831 9956.71 525 625 0)
(118453 -109533 19948.2 153 253 1)
(118463 -107485 -50346.1 81 181 1)
(118465 87593.8 39141.4 354 454 3)
(118470 13069.4 -98611.6 8 108 1)
(118479 36294.3 -52466.7 371 471 3)
(118480 30283.3 33090.2 90 190 1)
(118481 83529.3 -85512.3 230 330 1)
(118482 40436.8 65410.5 594 694 1)
(118492 -49247.3 -25236.1 117 217 3)
(118498 -29065.4 -128951 462 562 1)
(118507 52369.5 122625 221 321 1)
(118508 -104560 15971.8 225 325 1)
(118514 93509.3 48901.4 270 370 0)
(118527 -57424.8 -29271.7 531 631 1)
(118532 -96611.2 -39435.9 602 702 3)
(118550 -52275.7 135805 419 519 1)
(118557 -50281.6 118531 359 459 1)
(118563 -117584 -59434.6 43 143 1)
(118577 -37104.9 -29392.8 322 422 3)
(118587 1068.2 -62475.4 138 238 1)
(118592 8189.63 -88824.3 612 712 1)
(118593 -86373.4 -96615.4 75 175 3)
(118596 -97487.6 -122860 204 304 1)
(118601 113867 53443.7 547 647 1)
(118605 97739.5 -26157.5 61 161 0)
(118619 -76370.6 -32281.5 501 601 1)
(118624 -64442.6 43980.6 623 723 1)
(118626 -12064.4 76368.1 527 627 3)
(118638 13.0749 46198.6 579 679 1)
(118639 11115.5 -62616 360 460 0)
(118641 33243.2 52874.2 161 261 1)
(118644 89664.7 -91756 472 572 1)
(118645 -48253.8 -30332.8 499 599 1)
(118649 67188.1 -147459 330 430 0)
(118662 -20344.1 129608 306 406 1)
(118677 -91444.8 -33260.3 125 225 3)
(118683 -26225.6 145840 239 339 1)
(118687 -26107 106685 617 717 1)
(118691 -88720.7 -141290 605 705 3)
(118692 45292.8 145712 180 280 1)
(118694 19210.1 -12238.8 610 710 1)
(118700 21.9737 -134071 367 467 3)
(118701 -57300.7 -29324.5 287 387 1)
(118703 65515.9 -107819 226 326 3)
(118704 -12976.1 -148965 514 614 1)
(118707 13192.6 83451 573 673 1)
(118709 -47265.1 -53464.2 214 314 3)
(118711 -27106.9 75379.8 566 666 1)
(118712 10136.4 -70585.2 306 406 1)
(118716 51275.1 -135851 72 172 1)
(118727 122832 -2968.79 607 707 1)
(118733 -6813.06 53123.1 384 484 1)
(118749 -11029.7 -65670.6 593 693 1)
(118755 124895 60238.4 415 515 1)
(118759 104636 -79709.3 583 683 1)
(118766 -44204.5 -92672.7 279 379 1)
(118767 -62322.7 -87690.8 381 481 1)
(118769 37321.3 52171.5 110 210 1)
(118779 -19139.3 -139195 398 498 -1)
(118780 56405.3 43140.5 131 231 1)
(118782 -34211.9 -59540.1 592 692 1)
(118789 88579.5 -140925 171 271 1)
(118797 -30099.4 -71614.7 474 574 1)
(118799 -115557 119545 28 128 0)
(118800 116783 38151.9 491 591 1)
(118809 40353.8 -86718.8 527 627 1)
(118816 34255.2 77324 162 262 1)
(118824 7065.49 77318 137 237 3)
(118825 -35169.3 -113871 435 535 1)
(118828 42440.1 -10035.8 41 141 3)
(118829 -26170.5 -74612.7 609 709 1)
(118838 103737 76310.7 335 435 1)
(118840 81676.1 75387.3 430 530 1)
(118842 -31334.3 25011.7 440 540 0)
(118843 39299.1 139736 278 378 1)
(118852 27100.4 -45503.7 204 304 0)
(118854 34272.6 3883.17 348 448 1)
(118856 5165.14 -113816 39 139 0)
(118858 -76523.6 -15188.7 334 434 1)
(118859 -80412.9 -145984 267 367 1)
(118862 122825 -32279.1 156 256 1)
(118868 340.413 -5058.78 192 292 1)
(118873 -78439.3 148747 14 114 1)
(118880 -76487 -11276 23 123 0)
(118887 -36103.3 41254.8 118 218 0)
(118889 -5327.23 -117282 422 522 3)
(118890 -94497 -149008 189 289 1)
(118892 56475.1 -116845 368 468 1)
(118893 -921.276 -53445.5 155 255 3)
(118899 30652.6 20870.2 608 708 3)
(118900 72554 -110814 165 265 1)
(118906 -23315.9 66585.7 134 234 1)
(118911 41274.2 -23258 101 201 0)
(118919 -54246.4 -66387.5 123 223 1)
(118921 107788 -35376.5 446 546 3)
(118922 -118785 -138147 628 728 3)
(118927 -22983.6 -24218.9 118 218 0)
(118929 -10003.7 -145832 3 103 3)
(118932 86525 -94519.9 1 97 1)
(118933 102711 -33343.5 393 493 1)
(118938 -124700 -11207.6 275 375 3)
(118942 -48283.8 -105852 563 663 0)
(118957 -106528 -62575 232 332 1)
(118965 42358.3 -4290.55 77 177 1)
(118977 8148.19 -107851 621 721 0)
(118978 21371.7 -32457.5 489 589 3)
(118985 -28146.4 -95758.1 509 609 1)
(118993 60296 20043.7 131 231 0)
(118994 85669.8 55229.6 507 607 1)
(118995 -37032.5 -77743.1 393 493 1)
(118999 -110687 -97008 305 405 3)
