(69000 -114563 -34253.4 39 139 1)
(69010 66566.6 13924.4 504 604 1)
(69011 -84397 -95578.5 28 128 1)
(69012 -38194 82422.5 532 632 1)
(69016 43361 -7021.85 178 278 1)
(69018 -46269.6 -50513.2 601 701 1)
(69021 -92446.7 -97637.5 31 131 1)
(69026 83618 -141151 551 651 0)
(69028 3041.5 145641 145 245 0)
(69029 -124531 35154.5 100 200 1)
(69031 -6021.65 -16199.6 346 446 3)
(69035 76437.6 -85786.1 454 554 3)
(69039 -121598 -132842 40 140 1)
(69040 41185.3 -68286.1 101 201 1)
(69042 -45352.3 -146977 423 523 0)
(69049 4116.91 -31397.3 565 665 0)
(69062 -112720 123731 608 708 1)
(69064 71.3311 -100905 616 716 0)
(69080 54437.3 -111689 393 493 1)
(69091 52444 -135060 491 591 0)
(69107 -51381.3 -22175.9 510 610 3)
(69109 69470 61234.8 537 637 1)
(69117 -43993.2 129762 327 427 1)
(69118 -81450.5 -120897 329 429 1)
(69122 -61359.5 -21306.6 352 452 1)
(69128 -34122.9 34057.5 48 148 3)
(69129 92703.7 -139878 186 286 1)
(69139 -79482.1 57232.9 465 565 1)
(69140 -28985.6 -119835 185 285 1)
(69141 -24046.7 -76545 1 96 1)
(69142 -89407.5 122689 239 339 1)
(69143 12121.7 -7150.32 2 102 1)
(69162 -59362.1 -7130.3 2 102 1)
(69165 95610.9 6904.37 120 220 1)
(69185 16147.4 20001.3 102 202 1)
(69195 60379 74351.4 211 311 3)
(69204 51502 52252.9 624 724 1)
(69216 19142.2 85368.8 116 216 1)
(69221 -119740 -31347.6 473 573 0)
(69225 -91486.8 65284.5 268 368 1)
(69228 62564.6 -103879 502 602 1)
(69247 -41210.4 135762 457 557 1)
(69249 64484.5 143804 472 572 1)
(69251 11186.5 -33240.1 173 273 1)
(69257 108686 146708 13 113 1)
(69260 -106689 47183.2 567 667 0)
(69280 17220.2 -120838 344 444 1)
(69288 -3905.91 121734 609 709 1)
(69289 -8017.39 -139126 593 693 1)
(69302 1061.57 42144 515 615 1)
(69305 -16015.2 20994.6 581 681 3)
(69306 -115576 40117.2 178 278 1)
(69318 8127.92 -78591.8 191 291 3)
(69319 -82411.6 -24270.6 93 193 3)
(69321 91511.7 -23257.9 44 144 1)
(69323 45377.1 -42425.8 489 589 0)
(69340 -119041 8703.62 510 610 1)
(69343 -83833 -4299.77 294 394 3)
(69353 -11087.2 47320 25 125 1)
(69357 -8998.39 -13223 370 470 1)
(69359 71538.1 -45352.1 270 370 3)
(69363 -72280.2 35081.9 96 196 3)
(69373 46323.2 -69548 193 293 1)
(69398 -4048.96 71299.5 138 238 1)
(69405 108683 -79578.9 183 283 3)
(69407 -66363.7 -13332.6 372 472 0)
(69411 27125.5 -56505.4 594 694 1)
(69418 -114637 100460 52 152 0)
(69423 -65344.5 -28362.9 26 126 1)
(69424 85576.9 -122849 172 272 1)
(69440 -54410.1 -12116.4 271 371 1)
(69449 116739 -58530.4 395 495 3)
(69450 -112663 53213.4 450 550 3)
(69453 -32122.8 -141843 47 147 1)
(69455 -24048.5 12109.8 98 198 0)
(69464 -36169.8 -54436.8 512 612 1)
(69467 -104573 -127905 246 346 1)
(69470 -14088.3 -4484.7 538 638 1)
(69475 24141.2 -39361.4 446 546 0)
(69478 24230.7 66356 559 659 1)
(69483 -58359.7 106577 498 598 1)
(69485 27155.7 91420.4 122 222 0)
(69489 48337.9 -49394.7 33 133 1)
(69493 -122730 82417.7 435 535 0)
(69495 -82582.8 63237.2 469 569 3)
(69502 91672.6 -65584 444 544 0)
(69507 -62390 81490.4 562 662 1)
(69509 78628.8 -98772.1 456 556 1)
(69513 113740 -45514.5 32 132 1)
(69522 -66377.5 120641 429 529 0)
(69527 -29113.6 -73546.9 190 290 3)
(69530 68636.2 -130144 381 481 0)
(69532 -34172.1 100503 261 361 1)
(69533 28276.3 110664 516 616 3)
(69538 58392.1 -71519.9 121 221 1)
(69557 -26095 -78671.2 417 517 3)
(69573 -69322.7 20915.4 153 253 0)
(69576 23203.3 -72527.6 200 300 1)
(69578 59407.6 11940.1 273 373 1)
(69579 13145.6 -98757 322 422 3)
(69580 -20125.1 -140973 206 306 1)
(69581 -38913.8 -24930.4 198 298 1)
(69583 -47256.5 147844 424 524 1)
(69585 -98756.1 -131859 467 567 0)
(69587 -90462.6 43128.3 136 236 3)
(69588 -593.488 105596 311 411 1)
(69590 65636.8 51091 417 517 1)
(69597 6130.86 -46369.6 58 158 0)
(69601 -102910 10907.4 509 609 3)
(69612 62388.2 -87701.2 327 427 1)
(69618 -3898.66 -97676.6 74 174 0)
(69622 3121.19 -119844 265 365 1)
(69623 76.5108 92487.3 416 516 1)
(69638 -106463 -149897 58 158 3)
(69644 98602.7 -66513.5 154 254 1)
(69655 -119785 9986.74 538 638 3)
(69677 85504.1 40114.7 53 153 1)
(69683 122977 -33396.6 282 382 1)
(69685 -37197 134836 542 642 0)
(69686 -15926.8 -119.622 165 265 1)
(69688 108809 51294.3 409 509 1)
(69693 87763.4 -147141 534 634 1)
(69702 38361.5 37074.6 306 406 1)
(69703 4204.73 -148184 206 306 1)
(69707 -29124.8 13963.1 381 481 1)
(69712 -78400.2 27006.2 155 255 1)
(69721 34285.6 88426.7 229 329 1)
(69723 120942 59334.9 323 423 3)
(69726 -98524.6 -63507 278 378 1)
(69737 70606.5 -48538.5 609 709 1)
(69740 -23056.2 -7080.84 24 124 1)
(69746 103654 -112820 23 123 1)
(69750 -102503 -114786 203 303 1)
(69759 -72288.3 -123950 271 371 1)
(69764 45251.1 78490.4 269 369 0)
(69765 49486.2 -23301.5 588 688 3)
(69774 33275.8 41101.8 382 482 1)
(69780 34354.8 21039.6 525 625 3)
(69781 -19100 -76508.8 367 467 3)
(69786 -11004.8 25020.1 220 320 1)
(69787 -76416.4 -68526.8 273 373 1)
(69794 55659.5 -63549.2 126 226 3)
(69795 68583.5 61258 379 479 1)
(69806 -46341.6 -133111 574 674 3)
(69813 22045.7 20126 177 277 1)
(69814 -55599.9 148312 172 272 0)
(69815 -102598 -92866.5 544 644 1)
(69820 -31383.8 -133858 484 584 1)
(69826 64356 75287.9 1 101 1)
(69836 -75462.5 14951.7 603 703 1)
(69844 -8008.71 -43423.8 408 508 1)
(69853 49461.3 90571.9 371 471 1)
(69859 -16136.4 -55417.5 6 106 0)
(69864 59414.5 -109776 231 331 1)
(69870 -54292.5 6986.65 213 313 0)
(69872 -49190.7 47130.4 22 122 3)
(69876 89597 132647 265 365 0)
(69877 -41214.9 136729 293 393 1)
(69879 96667.9 -109668 269 369 1)
(69885 -91497.7 -75584.2 233 333 1)
(69887 52039 130780 240 340 3)
(69890 -5082.76 -92717.2 272 372 0)
(69896 94129.3 92266.2 616 716 1)
(69904 -85614.9 42126.5 456 556 1)
(69907 111696 22000.9 111 211 3)
(69913 16210.2 -64466.4 398 498 3)
(69921 -92458.5 2837.15 264 364 1)
(69928 -29126.8 -18306.3 8 108 3)
(69929 5990.47 -8127.8 294 394 1)
(69932 35290.3 63430.6 80 180 1)
(69934 -91416 78414.9 407 507 1)
(69941 -5968.28 -87742.9 559 659 1)
(69946 -124807 50176.3 560 660 1)
(69958 -114684 78409 407 507 1)
(69967 -13063.9 92404.4 158 258 1)
(69972 -30094.3 -68467.9 64 164 1)
(69976 -46100.1 -58379.5 386 486 0)
(69980 -24198.9 -101539 422 522 3)
(69985 78627.2 66316.6 522 622 3)
(69990 -101644 -88782.6 379 479 1)
(69994 25395.2 -34130.9 518 618 0)
