(58000 -84439.1 21036.1 257 357 3)
(58001 -49226.3 -30279.7 25 125 3)
(58007 -90533.7 143697 216 316 0)
(58009 7092.46 67424.1 362 462 0)
(58013 -1976.85 -80712.5 597 697 1)
(58024 116811 -2128.58 456 556 1)
(58029 -17039.3 96500.8 396 496 3)
(58033 43337.3 52178.3 132 232 0)
(58034 -24011.5 149941 628 728 3)
(58052 -7991.57 -112843 379 479 1)
(58053 -51264.2 115627 325 425 1)
(58055 106760 87453.5 423 523 1)
(58057 -13034.6 -105851 34 134 3)
(58061 21152.7 36203.7 91 191 1)
(58063 -70349.1 29050.6 136 236 1)
(58065 -99499.4 -70743.7 45 145 3)
(58070 -60488 92574.1 501 601 3)
(58072 -24102.5 10876.5 57 157 0)
(58078 50433.4 -51515 628 728 1)
(58079 -924.977 31092.5 254 354 1)
(58080 -26025 -82679.3 560 660 1)
(58086 -99527.4 8008.16 317 417 1)
(58087 58.2476 40121.7 52 152 1)
(58094 36000.9 97454.8 223 323 1)
(58099 -92588 92459.4 607 707 1)
(58111 -15973.9 29033.1 414 514 1)
(58123 109862 10912.5 624 724 3)
(58129 -36237.6 121546 122 222 0)
(58141 -64397.5 53190.9 605 705 3)
(58144 -1.67084 -114670 34 134 3)
(58158 -112604 -17245.4 211 311 1)
(58171 867.71 -43712.4 493 593 0)
(58179 43299.8 7956.89 331 431 1)
(58188 -51224.6 -20229.6 74 174 1)
(58194 -20063.1 -35364.4 403 503 1)
(58196 30317.8 -102875 575 675 1)
(58200 -25192.3 102423 320 420 3)
(58205 -21317.5 -64698.9 337 437 0)
(58214 66.3282 44198.9 448 548 3)
(58219 -12043.5 -149002 262 362 1)
(58220 28223 122646 358 458 1)
(58233 43203.4 -25227.9 84 184 0)
(58235 -65400.5 -15207.1 555 655 3)
(58242 -34177.6 -68656.2 339 439 0)
(58244 -97653.4 -43493.9 553 653 1)
(58252 78632.1 81423.4 594 694 1)
(58254 -23914.5 -10113 478 578 1)
(58258 -1950.54 -39321.6 26 126 3)
(58276 -82257.8 -88847.2 415 515 1)
(58279 -79496.8 -68558.9 1 94 3)
(58284 59762.4 -66837.7 497 597 1)
(58290 -113791 -53519.7 9 109 3)
(58294 -10030.3 38107.9 336 436 3)
(58303 4652.41 -91269.2 485 585 1)
(58306 -60230.9 149781 252 352 1)
(58307 -56215.4 109686 228 328 3)
(58311 6097.93 48147.4 220 320 1)
(58319 37.1821 18990.9 149 249 1)
(58325 -122660 144503 312 412 3)
(58326 37492 -130949 130 230 1)
(58329 54450.2 -97720.2 323 423 1)
(58336 6182.34 -77493.3 40 140 1)
(58338 -66426.1 -125030 464 564 1)
(58342 -47275.1 44010.9 243 343 3)
(58344 -75409 -57443.7 556 656 1)
(58354 89562.9 22059.3 1 99 1)
(58359 110751 52171.5 584 684 1)
(58378 -1950.97 13071.9 320 420 1)
(58379 -30152.1 -119920 422 522 1)
(58385 -38164.4 -14236.4 424 524 1)
(58408 -99242.1 82592 616 716 1)
(58413 -32133 72372.2 329 429 1)
(58415 -91445 59178.5 66 166 1)
(58417 68435.4 29055 14 114 1)
(58419 -23127 56420.5 602 702 3)
(58421 35263.5 -35332.6 176 276 1)
(58422 15143.4 -92696.8 131 231 1)
(58423 -46159.9 13982.5 180 280 1)
(58431 102731 -41377.1 293 393 1)
(58437 -9981.58 -30278.5 89 189 1)
(58444 48440.6 -61526.6 437 537 3)
(58446 63695.6 50333.8 612 712 1)
(58449 108713 119651 258 358 1)
(58453 19190.9 77343.4 256 356 1)
(58456 66482.8 -107824 454 554 1)
(58471 77614.1 -14214.2 563 663 1)
(58473 79541 21051 276 376 1)
(58475 -25099.1 -109829 383 483 1)
(58482 -55296.5 15960.8 379 479 1)
(58483 73614.7 117682 406 506 0)
(58484 -4030.58 10001.6 584 684 3)
(58504 64548.6 -114963 565 665 1)
(58509 -106617 -105796 120 220 3)
(58513 117832 58243.4 503 603 1)
(58515 -67343.3 -46426.4 214 314 1)
(58521 51336.8 109461 44 144 3)
(58522 -123762 57252.8 476 576 1)
(58524 -99640.9 27067.8 197 297 3)
(58525 -22136.4 -17198.8 48 148 1)
(58526 119386 -15502.6 326 426 3)
(58531 92579.1 43134.8 70 170 1)
(58556 117723 -105685 106 206 1)
(58559 64563.9 -38377 549 649 1)
(58571 -85370.2 2113.01 335 435 1)
(58577 45151.6 145767 492 592 3)
(58578 49341.3 -129856 219 319 3)
(58581 -60389 -54498 323 423 1)
(58583 120903 96411.4 359 459 1)
(58586 -121712 70308.6 310 410 3)
(58592 103718 -41386.5 242 342 3)
(58608 93579.4 -74563.8 170 270 1)
(58617 108614 124520 1 93 1)
(58618 -97684.8 -59497.7 473 573 1)
(58619 48610.4 -7019.14 455 555 1)
(58622 21801.7 8111.42 179 279 1)
(58623 -124646 99541.7 441 541 0)
(58633 72586.3 9921.56 321 421 1)
(58635 -111659 -118016 375 475 1)
(58636 86683.7 -84738.5 527 627 1)
(58651 -112393 -77648.9 31 131 1)
(58657 -73408.4 119602 273 373 1)
(58660 69484.8 -19242.5 99 199 3)
(58662 44612.1 121697 474 574 0)
(58674 -8942.65 31052.7 193 293 3)
(58680 86502.7 52212.5 81 181 1)
(58695 2247.35 -26063.2 363 463 0)
(58697 115787 135749 311 411 1)
(58720 -63372 -119922 501 601 0)
(58728 5149.06 -74551.4 431 531 3)
(58729 114635 114407 9 109 1)
(58733 -31182.5 127705 19 119 1)
(58737 -122716 -96922.8 628 728 1)
(58738 -29087.1 -79546.9 61 161 0)
(58749 -76358.2 11944.2 130 230 1)
(58750 -12079.3 11864.4 339 439 0)
(58757 -109694 -7168.31 493 593 3)
(58761 21210.4 -66540.7 301 401 1)
(58762 27151.8 101465 302 402 1)
(58766 78544 -35368.1 289 389 3)
(58768 -115832 -42404.3 564 664 1)
(58770 107730 114863 455 555 0)
(58776 54408.2 -131085 571 671 1)
(58779 -95558.7 9890.12 494 594 1)
(58786 -14009 40066.1 555 655 1)
(58794 -24272.7 -97865.5 586 686 1)
(58803 -34157.7 -39398 537 637 1)
(58804 -57566.8 -85811.4 286 386 0)
(58808 35385.9 -100882 605 705 1)
(58810 -49323.3 113574 113 213 0)
(58812 -94599.6 34212.8 380 480 3)
(58814 11282.8 73242.5 232 332 1)
(58819 60446 -124924 266 366 1)
(58821 123895 61332.6 479 579 1)
(58824 -6004.44 65256.7 385 485 1)
(58827 25262.4 99583.3 327 427 1)
(58830 -113662 12947.2 389 489 1)
(58833 107776 -59622.2 534 634 1)
(58834 4049.03 56277.8 626 726 1)
(58845 86770.4 -80016.5 3 103 3)
(58850 -61305.8 -81596.1 321 421 1)
(58856 84633.8 8870.67 107 207 3)
(58860 98609.4 29033.1 163 263 0)
(58869 41279.2 28078.3 234 334 0)
(58870 -48155.1 73095 17 117 1)
(58873 43322.8 90387.5 1 100 3)
(58881 -40229.9 -89625.9 263 363 3)
(58883 -102650 -147179 590 690 1)
(58885 43342.2 -67571 380 480 1)
(58899 112705 -40390.3 125 225 3)
(58903 74446.5 -22213.6 1 99 3)
(58911 -66383.2 -21291.8 403 503 1)
(58916 41332.1 10935.5 196 296 0)
(58918 19203.7 -145005 290 390 1)
(58919 34313.7 -1102.18 329 429 3)
(58930 -12028.9 -47404.3 28 128 1)
(58931 -23142.3 -71591.5 340 440 3)
(58932 -70540.2 3978.01 215 315 3)
(58950 -53025.3 -30583 444 544 1)
(58964 -44235.7 -127071 517 617 1)
(58966 38341.7 -13267.3 559 659 3)
(58968 47323.9 -90669 247 347 1)
(58972 116770 6887.43 149 249 1)
(58973 -92625.5 9908.9 613 713 3)
(58976 -77447.2 38110.9 174 274 1)
(58980 104753 -116854 346 446 1)
(58981 -26101.6 -114945 466 566 3)
(58982 -94516.4 148751 227 327 1)
(58987 59341.1 110432 68 168 0)
