(106003 102629 -118788 91 191 1)
(106004 -123659 106494 336 436 1)
(106009 29.6705 43169.6 7 107 1)
(106030 -49177.1 12931.9 241 341 1)
(106037 107700 -44383.2 238 338 0)
(106038 1217.11 -52489.3 464 564 3)
(106049 -71415.9 88446.7 452 552 0)
(106056 -31072.5 -73558.3 218 318 1)
(106063 -113706 -39323.2 458 558 1)
(106066 74797.8 -10273.4 595 695 1)
(106067 -91445.8 -18211.9 209 309 3)
(106073 -6976.71 -127920 84 184 3)
(106077 -120749 50217 442 542 0)
(106079 40277.9 66291.4 122 222 3)
(106082 52293.1 66246.5 48 148 1)
(106086 -88503.1 -123916 337 437 1)
(106089 14124.5 77251.2 234 334 1)
(106096 98591.1 125669 170 270 1)
(106106 -73307.1 -63437.5 132 232 1)
(106109 40318.2 40130.9 251 351 1)
(106111 -82361.1 -127780 60 160 1)
(106113 -36118.3 50181.2 477 577 3)
(106121 -96614.3 59361.8 240 340 0)
(106123 14237 -143933 76 176 3)
(106135 15127.6 -72497.3 47 147 1)
(106138 88572.6 112525 176 276 3)
(106144 -122012 -130154 607 707 0)
(106148 -29327.7 -61597.1 489 589 1)
(106168 -9957.98 -127897 340 440 3)
(106175 34295 76424.1 432 532 3)
(106183 67526.4 -13219.7 492 592 3)
(106184 79617.8 20004.3 580 680 1)
(106186 -21119.6 -6194.68 313 413 1)
(106188 68414.5 -77389.7 192 292 1)
(106192 -70410.7 51206.8 503 603 1)
(106207 -9014.88 -9161.94 392 492 3)
(106213 -83401.4 -19405.5 1 97 0)
(106217 24296.6 -119895 509 609 1)
(106221 87839 134834 560 660 1)
(106225 48476.6 84650.2 524 624 1)
(106237 29856.7 -52154.5 107 207 1)
(106239 -41473.2 66464.6 549 649 0)
(106244 -117818 -59745.3 402 502 1)
(106246 89730.5 89473.2 312 412 1)
(106247 -38236.8 -128044 592 692 1)
(106252 -1101.95 74193.7 328 428 1)
(106258 35289 126764 597 697 3)
(106263 27207.6 -53383.7 58 158 1)
(106264 73461.7 -120746 101 201 0)
(106273 -42260.9 -9215.89 509 609 0)
(106284 69457.3 -44513.8 162 262 1)
(106290 -54172.7 6935.71 162 262 3)
(106294 85641.9 -48493.7 548 648 1)
(106298 -121791 57231.2 557 657 0)
(106303 -4972.1 -58450.1 124 224 1)
(106304 -61414.4 72230.1 72 172 1)
(106319 -51331.8 -80611.9 556 656 1)
(106323 113800 143671 336 436 1)
(106331 -118535 -105633 99 199 1)
(106342 54306.1 37170.3 187 287 3)
(106347 -42142.5 -47407.5 217 317 1)
(106350 40320 124655 371 471 3)
(106366 24158.1 -58404.4 263 363 1)
(106368 -4998.79 -27412.8 432 532 1)
(106376 107679 -65513.5 139 239 3)
(106381 -6083.87 93105.1 87 187 3)
(106382 57415.7 12883 267 367 3)
(106384 99457.8 -19256.6 169 269 1)
(106392 -30110.2 -16244.4 350 450 1)
(106395 5132.77 64250.1 59 159 0)
(106397 41357.8 -145081 431 531 0)
(106404 9174.15 -51460.7 455 555 1)
(106405 8075.84 11960.5 75 175 3)
(106408 100578 41194.1 78 178 1)
(106416 52439.7 118526 32 132 1)
(106420 -51264.1 -118780 109 209 3)
(106422 -78213.2 -28037.7 116 216 1)
(106426 -118858 -62272.4 474 574 3)
(106428 -71346.1 36234.9 551 651 1)
(106433 -6959.31 111637 210 310 3)
(106435 -71406 -77505.4 95 195 1)
(106436 15287.2 -24115.8 556 656 3)
(106447 101879 -148236 515 615 0)
(106455 105802 -72611.9 338 438 1)
(106460 -38165.5 45154.3 298 398 1)
(106463 9382.84 37146.6 358 458 0)
(106465 64462.5 75331.8 242 342 1)
(106479 92627.8 72359.3 298 398 3)
(106488 -86546.9 70525.9 612 712 3)
(106492 8996.2 111671 157 257 3)
(106519 19261.5 -120953 561 661 3)
(106521 -4976.3 -118962 579 679 1)
(106522 -88345.5 -74977.2 128 228 1)
(106529 -83405 -113715 39 139 1)
(106545 -96502.6 -46262.9 20 120 1)
(106547 -27035.5 -102629 13 113 1)
(106550 64439.6 -34328 152 252 1)
(106552 -64393.2 -63684.2 400 500 3)
(106553 -64156.7 71390.4 374 474 1)
(106554 -34154.3 62261.1 331 431 3)
(106557 -5944.76 -99705.8 218 318 1)
(106558 -13020.4 -9203.32 416 516 3)
(106559 -80408.8 9931.27 84 184 1)
(106569 -83404.9 133652 86 186 1)
(106573 -66372.3 61304.8 265 365 3)
(106584 90717.9 76388.1 441 541 1)
(106591 -76610.6 97609.2 530 630 1)
(106593 33307.2 -138165 519 619 1)
(106594 -66370.3 41155 78 178 1)
(106597 108570 108643 219 319 1)
(106600 55410.6 -28302.9 323 423 1)
(106602 80350.4 -95760.9 466 566 1)
(106613 -39604.6 -129035 415 515 3)
(106614 -107721 119686 480 580 1)
(106620 21146.1 115619 431 531 1)
(106633 -46241.2 -113912 487 587 0)
(106636 -7999.06 -79542.8 22 122 3)
(106645 -19072.5 -90640.4 241 341 1)
(106646 -34285.7 -112917 310 410 0)
(106649 -118780 -182.068 606 706 3)
(106658 46322.4 -17480.8 569 669 0)
(106659 -9866.33 -61494.6 467 567 3)
(106668 -98553.9 148793 224 324 3)
(106681 -104643 66280.1 373 473 1)
(106695 -5957.25 -71606.2 353 453 1)
(106714 -36163 -110022 231 331 1)
(106743 -27098.2 33068.9 167 267 3)
(106753 -116777 -136094 536 636 3)
(106761 97651.2 -91753.3 251 351 0)
(106780 39395.8 -56468.4 316 416 3)
(106784 114574 -51303.7 71 171 1)
(106787 -3953.16 3904.59 500 600 1)
(106788 103962 -54357 595 695 1)
(106795 116818 19039.6 333 433 0)
(106798 -122813 -37345 490 590 1)
(106799 76592.1 -62464.9 521 621 1)
(106800 88656.7 -129838 174 274 1)
(106803 91642 15970.4 326 426 1)
(106808 66403.6 21947.1 8 108 1)
(106812 49473.2 -107925 525 625 1)
(106813 40311.6 -46786 421 521 1)
(106822 118031 -23224.9 282 382 0)
(106838 92547.1 -110711 9 109 0)
(106845 -34151.3 -143881 40 140 0)
(106847 44218.6 37920.4 128 228 1)
(106849 108674 -27238.6 346 446 1)
(106850 11181.6 -90709.8 89 189 0)
(106853 75530.1 -22283.5 150 250 1)
(106859 -69314.9 -20236.9 123 223 1)
(106868 -90779.3 54284.5 619 719 1)
(106872 17290.3 -90669.9 295 395 1)
(106873 -88442.8 54246 220 320 3)
(106876 -113596 110544 122 222 3)
(106884 113815 29036.5 315 415 1)
(106888 36238.9 25014.1 436 536 3)
(106899 -11065.5 -48390.5 211 311 1)
(106903 11061.9 73480.6 124 224 1)
(106910 -66383.3 104610 557 657 1)
(106915 -44305.2 6883.2 287 387 0)
(106919 83640.7 69250.1 416 516 1)
(106920 -92807.7 99665.2 591 691 1)
(106921 -38251.5 -49521.2 605 705 0)
(106933 -121879 879.743 455 555 1)
(106936 -110534 -40375.9 56 156 1)
(106939 -101556 -47452.7 302 402 1)
(106946 67474.2 94444.4 88 188 1)
(106951 -35380.8 100275 149 249 0)
(106954 -22064.8 36091.5 460 560 1)
(106955 28258.9 94349.5 28 128 1)
(106965 53333.9 -86896.9 480 580 1)
(106966 -98464.2 -56267.9 227 327 1)
(106967 89734.9 -65564.2 397 497 1)
(106968 -16043.9 -126998 493 593 1)
(106978 74006.2 132580 247 347 1)
(106980 -98576.8 95556.8 298 398 1)
(106987 26259.2 -99781.7 498 598 1)
