(14004 69494.3 17022.6 154 254 1)
(14010 -91476.2 -114798 179 279 0)
(14021 -24332.4 17123 104 204 1)
(14023 -51269.3 17143.7 265 365 1)
(14027 -73362.7 -127536 439 539 1)
(14034 -30104.8 -139258 309 409 3)
(14037 66521.5 -13231.1 543 643 1)
(14039 117882 -129028 522 622 3)
(14052 -46290.8 74394.6 568 668 1)
(14055 51347.1 -18267.7 293 393 1)
(14064 -56362.8 -56504.9 312 412 0)
(14067 -22108.6 11020.3 265 365 0)
(14068 49290.8 -92656.5 2 102 3)
(14074 -60323.5 -42446.7 585 685 1)
(14076 44252.1 -3164.21 308 408 1)
(14078 95517.2 28131.8 76 176 3)
(14092 39592.8 36132.3 390 490 3)
(14096 16001.6 78314.9 208 308 1)
(14117 -96542 17886.3 451 551 1)
(14122 -121775 -11211 376 476 1)
(14133 44232 -100931 344 444 3)
(14140 71484.9 -22250.9 153 253 1)
(14153 72521.9 -132830 171 271 1)
(14162 65483.6 -22229.2 101 201 1)
(14165 111690 20950.8 191 291 3)
(14170 -114627 -47420.4 257 357 1)
(14177 -99582.2 -65593.2 603 703 1)
(14187 -52354.1 -69810.8 591 691 3)
(14192 48438 139846 551 651 1)
(14197 -112773 -54532.8 529 629 1)
(14199 35275.6 141558 96 196 1)
(14204 -106589 48149.7 13 113 3)
(14205 8108.53 -38395.8 280 380 1)
(14213 81609.6 -84699.9 122 222 1)
(14220 65535.7 132987 77 177 1)
(14225 116005 46158.4 562 662 1)
(14236 -13003.4 103471 14 114 1)
(14241 25114.3 -38319.9 21 121 1)
(14249 -9035.86 93450.1 425 525 1)
(14258 -37163.5 -15218.8 324 424 0)
(14261 -68394.9 -35215.1 353 453 0)
(14262 57300.7 10923.7 60 160 1)
(14266 38296.8 13946.4 334 434 3)
(14273 -48276.4 21011.1 503 603 1)
(14277 -104654 -37394.4 380 480 1)
(14279 72411.3 -133807 1 100 3)
(14286 11160.1 64274.8 362 462 1)
(14293 121793 -48348.8 183 283 3)
(14295 -74416.5 -130952 351 451 1)
(14308 -80488.9 60294.2 597 697 3)
(14316 -36183.9 -108861 491 591 1)
(14325 84544.4 82381.4 11 111 0)
(14333 67766.4 42217.7 162 262 1)
(14340 -67427.7 10004.5 381 481 1)
(14346 -73422.2 -148171 536 636 1)
(14352 61515.5 14949.3 481 581 0)
(14356 98651.2 57310.1 290 390 0)
(14367 -15056.1 132667 479 579 3)
(14375 -120655 -126878 206 306 1)
(14376 -113768 1810.47 383 483 3)
(14387 25220 -12222.1 416 516 1)
(14393 -116603 -1134.76 99 199 0)
(14397 -52246.1 80440 377 477 1)
(14409 100770 -31370.6 488 588 1)
(14415 77478.1 -89613.3 329 429 1)
(14424 116905 -61591.2 629 729 1)
(14442 47305.5 -119263 432 532 0)
(14456 -938.141 42115.9 228 328 1)
(14460 -45280.5 -69577.4 272 372 0)
(14467 21209.6 -41387.8 579 679 1)
(14476 -23094.5 -34271.2 161 261 3)
(14479 24172.2 -59470.4 134 234 3)
(14497 61361 126897 252 352 1)
(14500 62399.7 62228.1 5 105 1)
(14507 51346.2 -118938 629 729 1)
(14510 21271.1 6817.31 514 614 1)
(14524 -70355.1 103464 102 202 3)
(14525 93612.4 -37377.7 449 549 1)
(14527 -66517 -42675.6 547 647 3)
(14537 -113650 -75669.5 148 248 1)
(14538 44328.7 -72525.7 48 148 3)
(14542 32325.1 124677 200 300 3)
(14550 -1617.2 -39125.4 1 96 1)
(14559 -31154.6 57314.4 83 183 3)
(14572 53284.5 -22295.7 404 504 1)
(14575 75495.7 -117779 120 220 3)
(14576 -5955.27 -119981 495 595 1)
(14578 71552.4 50289.6 568 668 1)
(14586 7106.94 -56574.4 488 588 1)
(14587 79581.3 -38381.7 121 221 1)
(14589 23167.2 145825 69 169 1)
(14596 -11042.6 -12184.8 569 669 1)
(14599 -2918.8 -2149.81 577 677 0)
(14600 115667 -13233.1 43 143 1)
(14604 -31194.9 148968 509 609 1)
(14612 73582.4 -144066 336 436 3)
(14616 39316.2 108627 574 674 3)
(14619 13176.6 -8099.06 413 513 1)
(14622 -21046.2 -139904 147 247 1)
(14624 42194.1 119885 494 594 0)
(14631 71606 48196.6 514 614 3)
(14633 -93628.8 111657 545 645 3)
(14637 19263.3 -60586.5 371 471 3)
(14647 43207.1 128946 232 332 0)
(14657 48389.1 33007.1 64 164 0)
(14660 -76472.5 47193.9 504 604 1)
(14665 44509.8 -46461.6 20 120 0)
(14671 -22096.3 119674 430 530 3)
(14672 -16965.9 90455 58 158 1)
(14675 41356.3 -134996 431 531 3)
(14679 -37204.6 45190.6 629 729 3)
(14681 84508.7 12931.7 45 145 1)
(14683 -40176.6 -49407.1 50 150 3)
(14685 26263.9 -8208.22 568 668 1)
(14692 64535.1 117679 605 705 1)
(14693 -21897.8 -38234.6 476 576 1)
(14695 89672.4 -3171.9 564 664 1)
(14704 -2948.85 -29304.7 102 202 1)
(14707 -6008.88 95376.7 262 362 3)
(14708 -60212.9 -118889 113 213 1)
(14712 -22093.7 17947 507 607 0)
(14733 4095.77 -139026 345 445 1)
(14737 28252.4 13950.6 313 413 1)
(14739 -72302.1 -30297.7 58 158 3)
(14749 4913.01 -23196.3 605 705 1)
(14760 -18061.2 -31380.1 586 686 1)
(14763 106651 1873.81 124 224 1)
(14779 81527.4 4033.77 446 546 1)
(14797 31341 46220.6 386 486 1)
(14807 -62274.1 51155.6 1 101 1)
(14814 37315.9 51202.9 462 562 1)
(14817 41281.6 59229.1 81 181 0)
(14818 60376.1 34083.9 299 399 3)
(14821 -119654 -58551.1 77 177 0)
(14825 93484.7 31006.2 555 655 1)
(14841 -14102.4 130506 244 344 1)
(14848 -73424.6 125812 256 356 1)
(14862 44498.6 28066.7 513 613 3)
(14871 116691 -110715 61 161 3)
(14873 -35176.5 -47462.6 525 625 1)
(14874 -34274 97467.3 598 698 1)
(14875 54570.5 46382.3 499 599 0)
(14884 53381.6 -148080 355 455 3)
(14885 49378.7 9936.5 223 323 1)
(14890 -61358.1 -63476.3 411 511 1)
(14897 -75448.6 -101876 342 442 1)
(14905 -96542.3 -23163.9 552 652 1)
(14906 8899.96 -6169.52 555 655 1)
(14908 49241.1 11946.2 162 262 3)
(14913 -9945.78 -31246.6 1 99 1)
(14919 -17181.2 4601.95 407 507 1)
(14926 -3973.79 -103741 257 357 1)
(14935 -72387.3 -33399.5 399 499 1)
(14940 97821.2 22961.5 328 428 1)
(14942 122853 40231.9 399 499 3)
(14943 -47218.7 -35387.8 304 404 1)
(14944 56380.7 35064 59 159 3)
(14945 -45242.3 3885.14 534 634 1)
(14966 28.782 90389.5 160 260 1)
(14989 50375.2 39104.4 436 536 3)
(14996 -1980.26 -94658 235 335 0)
