(111001 -32058.4 -77911.5 580 680 3)
(111003 58399.5 20907.2 613 713 1)
(111008 31339.9 40993.6 79 179 0)
(111011 122523 -122121 117 217 1)
(111025 54389 -1065.44 24 124 1)
(111037 74538.9 123651 320 420 1)
(111039 -26087.2 -123782 49 149 1)
(111040 -103505 -120757 5 105 1)
(111044 24226.2 -101838 562 662 1)
(111052 -59537.2 -85211 162 262 1)
(111053 -3010.45 -9246.27 201 301 0)
(111056 -54270.6 -122858 250 350 3)
(111057 -26104.2 -79687.8 550 650 1)
(111063 -77128.6 -27359.2 134 234 1)
(111069 -20218.8 -101609 24 124 1)
(111077 -78598.6 -110821 543 643 1)
(111083 74478.7 -112762 102 202 3)
(111087 45242.4 -20346.9 6 106 1)
(111103 -37152.3 78354.3 322 422 1)
(111110 -70647.6 55550 529 629 1)
(111113 -71330.9 -15447.9 70 170 1)
(111114 34338.3 -124837 14 114 3)
(111121 26216.4 99513.2 385 485 1)
(111126 24301.1 68438.8 600 700 1)
(111130 7432.69 -60801.2 464 564 0)
(111132 20170.9 37104.8 65 165 1)
(111134 -20036.4 -18234 63 163 3)
(111145 41305.1 138712 179 279 1)
(111156 -81460.4 -42412.2 109 209 1)
(111157 115.854 -109855 407 507 1)
(111161 -9979.72 -33337.6 273 373 1)
(111176 -26115.8 26046.3 437 537 3)
(111179 -33868.9 -26110.9 383 483 1)
(111189 -60395.6 79355.1 214 314 1)
(111195 104807 -122966 347 447 1)
(111197 54373.9 -120997 295 395 0)
(111203 -58283 28076.7 230 330 1)
(111212 66493.8 136825 502 602 3)
(111214 115893 34097.1 551 651 3)
(111215 -28114.7 104575 348 448 1)
(111216 86625.9 52238.5 487 587 1)
(111221 -111599 40022.8 69 169 3)
(111241 64584 57228.9 324 424 3)
(111243 88593.1 132833 303 403 1)
(111245 -97532.4 -128934 271 371 1)
(111247 -48279.2 1891.12 114 214 3)
(111257 38404.3 -27293.6 609 709 1)
(111261 -97574.2 84416.2 398 498 1)
(111263 -842.973 -34522.8 245 345 3)
(111270 -961.857 11073 1 94 1)
(111271 82667.9 23020.6 552 652 1)
(111301 96682.4 97272.7 5 105 0)
(111303 -87591.1 32148.8 509 609 3)
(111305 68488.6 100477 86 186 1)
(111312 -49280.4 -58584.1 626 726 1)
(111316 27212.6 145786 369 469 1)
(111319 -24098.9 -141118 535 635 1)
(111323 22205.5 -37349.9 189 289 1)
(111329 51450.4 -129890 457 557 3)
(111339 -106593 -73773.8 608 708 1)
(111349 -9884.5 -98806.2 42 142 0)
(111361 70582.5 -36395.4 369 469 1)
(111363 17974.2 69815.6 514 614 1)
(111372 28176.4 -14140.9 233 333 3)
(111375 -59251.8 83417.8 405 505 1)
(111381 -112723 -91740.1 589 689 1)
(111391 11182.6 17972 303 403 0)
(111394 -18992.1 61200.4 223 323 3)
(111398 -84458.4 46168.6 334 434 0)
(111406 -8006.62 -59483.4 242 342 0)
(111408 98516.2 -101595 126 226 1)
(111418 -92657.9 109397 489 589 1)
(111428 26228.2 -48400.6 154 254 1)
(111432 74536.8 -99619.5 87 187 3)
(111435 44416.9 -65616.5 449 549 3)
(111436 -30117.6 -140923 139 239 3)
(111441 -120713 -82657.3 494 594 1)
(111446 -108667 32086.7 482 582 3)
(111453 -37152.6 -147040 428 528 1)
(111456 -88892.2 18965.3 35 135 1)
(111461 -69345.2 -56461.4 215 315 0)
(111462 -75518.6 83371 621 721 3)
(111466 2137.41 -103804 104 204 3)
(111475 -87642.3 45239.7 517 617 0)
(111489 13106 -61485.6 376 476 3)
(111491 -52569 -101090 608 708 3)
(111492 27167.4 147852 420 520 1)
(111494 -61203.7 26089.9 315 415 1)
(111506 -20080.1 -84702.8 420 520 0)
(111514 16148.7 52233.8 543 643 3)
(111518 -44273.1 21989.8 573 673 1)
(111526 84688.6 -130049 498 598 1)
(111538 30269.3 -65600 537 637 1)
(111543 101699 49088.3 354 454 1)
(111562 -102532 36108 53 153 0)
(111563 25260 -69393.5 443 543 1)
(111568 17022.8 122893 371 471 1)
(111595 -54313.8 -89772.5 376 476 0)
(111598 13163.8 -49520.5 419 519 1)
(111604 -1936.3 148766 229 329 1)
(111609 -96527.3 9943.5 234 334 0)
(111612 -23090 78346.3 167 267 1)
(111618 -18055.7 -128980 450 550 1)
(111620 93657.9 105483 234 334 1)
(111634 -1949.48 -104868 475 575 1)
(111646 41521 112584 162 262 1)
(111647 71489.5 -127838 184 284 3)
(111652 68519.6 3863.83 170 270 0)
(111659 97701.1 57256.5 410 510 1)
(111669 -65277.4 -72544.3 155 255 1)
(111674 48908 -98568.2 385 485 1)
(111676 -36222.8 -108708 35 135 1)
(111681 -81517.3 -112995 464 564 1)
(111686 -38194.1 134739 560 660 1)
(111689 67433.8 -40261.1 210 310 0)
(111692 -10000.1 -31324.6 285 385 1)
(111699 -56331.3 -38418.8 528 628 1)
(111702 -40218.3 106487 150 250 3)
(111704 37365.3 10979.8 73 173 1)
(111714 -17969.5 -53371.8 92 192 -1)
(111718 42525.3 43074.6 372 472 3)
(111730 -12993.9 49187.9 4 104 0)
(111752 1240.64 -90859.7 280 380 3)
(111755 72647.6 -116926 260 360 3)
(111756 -86481.9 28930.1 126 226 3)
(111765 36101.4 101278 29 129 0)
(111768 -106601 -132905 252 352 1)
(111769 86640.4 -137986 249 349 3)
(111771 33176.8 67331.7 15 115 3)
(111780 42361.1 59379.8 16 116 1)
(111783 -53128.3 13097.1 36 136 0)
(111786 29282.2 70440.2 15 115 1)
(111794 -69276.8 -137000 271 371 0)
(111795 18165.9 -77602 256 356 0)
(111799 -38225.7 -83774 522 622 1)
(111801 94661.1 80389 199 299 1)
(111810 -119751 121691 530 630 0)
(111811 -10051 -135851 118 218 0)
(111814 -9998.89 3883.24 546 646 1)
(111815 -1942.64 23014.5 378 478 1)
(111823 102688 117559 183 283 1)
(111827 24168.8 -139185 448 548 0)
(111828 49416.2 59270.8 419 519 1)
(111829 -109655 -21182.6 423 523 3)
(111842 10130.2 80394.3 448 548 1)
(111850 -2955.7 -60457.8 264 364 1)
(111860 -82408.1 36084.2 458 558 1)
(111861 31244.4 42032.2 364 464 1)
(111862 117937 59239 600 700 1)
(111863 -62299.8 -54474.7 265 365 3)
(111865 -87648.3 144873 580 680 1)
(111866 -93606 905.458 590 690 1)
(111874 -26094.9 -65541.5 308 408 0)
(111875 45302.5 36112.8 63 163 1)
(111880 -93460.2 77348.5 87 187 1)
(111884 -38180.1 129621 254 354 1)
(111890 -25174.5 -15423.9 133 233 3)
(111900 -24119.8 -35381.9 491 591 1)
(111903 54376.3 -82555.7 187 287 1)
(111905 46407.2 -131050 562 662 3)
(111910 6258.39 109908 454 554 1)
(111911 38330.9 47247.7 279 379 1)
(111923 -57235 -5133.66 237 337 1)
(111925 -31179.4 -81678.7 472 572 1)
(111933 22218 16947.5 430 530 1)
(111955 -109600 106520 109 209 1)
(111962 50407.8 -62573.8 424 524 1)
(111968 -64304 -13193.6 187 287 1)
(111976 77604.6 -135061 531 631 1)
(111977 120926 13986.3 382 482 0)
(111980 -85469 -39434.1 381 481 3)
(111983 -71405.9 86430.8 120 220 1)
(111987 -25085.4 -5163.56 122 222 1)
(111998 -63510.7 104605 604 704 1)
