(51010 91698.6 -10127.4 488 588 1)
(51026 -72297.7 -97511.5 136 236 1)
(51028 -112597 70274.9 315 415 1)
(51031 -38157.1 27033.3 28 128 1)
(51033 112843 7903.7 546 646 0)
(51041 73623.2 -47281.7 318 418 0)
(51042 -108788 80419.1 464 564 0)
(51045 76507.6 -40350.6 121 221 1)
(51047 -55605.4 76371.3 1 95 3)
(51053 -16046.2 -40419 420 520 1)
(51062 -54248 -140248 608 708 1)
(51074 -20000.2 38178.9 404 504 1)
(51085 -25201.8 -141129 304 404 1)
(51089 -38192.1 63304.2 564 664 0)
(51095 -51264.2 -88881.5 575 675 1)
(51100 33263 9975.14 39 139 1)
(51106 -32113.3 -93724.1 437 537 1)
(51108 -73477.7 106716 305 405 3)
(51117 -67331.8 124603 202 302 1)
(51118 29253.9 -140810 46 146 0)
(51120 -75418.5 5701.46 549 649 0)
(51123 10221.9 6146.69 584 684 0)
(51126 -4976.11 16020.5 13 113 1)
(51154 116776 -89.7995 77 177 1)
(51174 -61355.2 -63577.4 510 610 1)
(51185 -124590 103454 58 158 3)
(51194 56.0532 105625 626 726 1)
(51195 10127.9 54221.7 294 394 1)
(51201 -715.667 34084.9 266 366 1)
(51209 38285.1 -51510.8 378 478 1)
(51215 123932 -136121 466 566 0)
(51217 13180.5 -47236.5 288 388 0)
(51225 -4959.91 9903.65 626 726 0)
(51238 5054.28 -122816 117 217 1)
(51252 11094.8 122591 56 156 1)
(51261 114792 23181.4 216 316 1)
(51272 32348.8 75435.4 300 400 1)
(51281 100941 49149.8 555 655 0)
(51286 114736 -33297.7 357 457 1)
(51291 82502.4 38882.9 536 636 3)
(51301 -53364.8 132834 399 499 1)
(51302 -93613.8 -138141 544 644 0)
(51309 -50133.6 -14403 30 130 1)
(51315 18179.3 -123986 517 617 1)
(51316 3112.3 -71602.3 557 657 3)
(51319 96676.2 -102745 153 253 3)
(51320 2079.41 -58499.7 408 508 1)
(51328 71528.2 61284.9 528 628 1)
(51329 -53195.2 42130.4 186 286 3)
(51334 12217.9 -62030 422 522 1)
(51337 -65269.3 -51488.2 202 302 3)
(51349 -814.472 -20237.2 277 377 3)
(51350 73598.9 -37372 511 611 3)
(51353 -45221.4 -141057 393 493 3)
(51362 -62359.6 -79683.7 459 559 3)
(51363 121974 78620.4 626 726 0)
(51375 99636.5 -70515.4 116 216 1)
(51380 74610 59291.2 326 426 1)
(51381 72568 -91697.6 377 477 1)
(51384 115791 26742.3 44 144 1)
(51390 47437.6 -55268.1 103 203 1)
(51401 -93589.8 -108867 530 630 1)
(51407 24234.6 -44449.6 470 570 1)
(51427 -16802.5 105528 199 299 0)
(51429 -109870 17163.8 271 371 3)
(51430 -58312.8 20995.9 175 275 1)
(51443 84472.7 -34207.6 303 403 1)
(51445 -6984.84 -118846 274 374 1)
(51449 -42212.7 -112919 424 524 1)
(51450 -9043.63 -76765.5 601 701 1)
(51451 60322.5 -128769 132 232 3)
(51453 62245.3 -16208.4 222 322 1)
(51463 40356.9 -43445.4 554 654 1)
(51464 122008 780.312 196 296 3)
(51471 -44237.4 -35303.5 80 180 3)
(51477 -51245.5 -5347.28 525 625 1)
(51489 50420.5 -76625.8 345 445 -1)
(51492 -42244.7 -70575.2 495 595 1)
(51521 51379 35034.5 50 150 3)
(51524 -38144.3 -93692.4 147 247 1)
(51525 32264.1 -56450.3 264 364 3)
(51538 -82713.2 19861.1 291 391 1)
(51542 -30110.4 88376.9 530 630 1)
(51545 -26114.7 -80702.1 561 661 1)
(51548 30318.4 15942.8 491 591 1)
(51552 74564.8 53222.6 445 545 1)
(51555 -34196.8 66406.3 513 613 3)
(51563 104756 -37301.2 218 318 1)
(51572 -93507.3 56215.8 63 163 3)
(51575 9216.15 91391.4 403 503 1)
(51576 -9996.93 22028.8 249 349 3)
(51580 61394.9 -99802.3 235 335 1)
(51582 5261.31 29959.8 458 558 1)
(51584 -56373.3 121578 79 179 1)
(51596 -92561.3 99301.2 265 365 3)
(51600 114714 -102981 279 379 0)
(51602 -67218.9 27125.4 475 575 3)
(51606 -69538.7 -8450.22 580 680 1)
(51615 -64381.8 -54566.4 578 678 1)
(51617 18134.3 92352.1 8 108 1)
(51621 96495 -50432.6 71 171 1)
(51622 -106508 -54460 62 162 1)
(51629 13098.7 -39478.1 462 562 1)
(51630 109750 113628 287 387 1)
(51632 47363.2 50354.9 246 346 1)
(51641 -106797 50100.6 584 684 3)
(51642 -95627.8 -131729 5 105 1)
(51645 -60342 85474.7 364 464 1)
(51667 -63372.5 -81676.5 435 535 1)
(51673 -113632 -32120 284 384 1)
(51677 48356.6 8982.56 123 223 1)
(51680 19130.3 -25215.9 327 427 0)
(51683 -79439.4 -53471.9 414 514 1)
(51692 -65384.5 59277.2 567 667 1)
(51694 -57335.6 -82728.8 561 661 3)
(51702 -86284.1 49102.6 193 293 0)
(51705 31288.1 -140837 29 129 3)
(51707 -68409.2 -50539.9 558 658 0)
(51709 -46336 125750 304 404 1)
(51710 89670.6 -117944 500 600 1)
(51714 54437.6 128798 569 669 1)
(51725 13047.9 -42371.9 368 468 3)
(51736 11150.7 18002 139 239 3)
(51738 97802.9 -75799.6 626 726 1)
(51774 -37181 -29333.4 522 622 1)
(51778 -91856.1 137831 273 373 3)
(51794 -71364.9 127585 152 252 3)
(51796 52482.5 4915.38 565 665 1)
(51802 -66339.9 7836.83 583 683 1)
(51806 -5102.11 71297.7 412 512 1)
(51813 73524.4 -7020.49 440 540 1)
(51815 -5013.69 87586.4 617 717 1)
(51830 44316.7 -27271.8 20 120 0)
(51831 -98646.7 22053.7 480 580 1)
(51834 -113551 -113691 28 128 3)
(51837 -38083 -65575.1 385 485 0)
(51839 -51284.5 17994.9 607 707 1)
(51843 53.9523 -76574.8 262 362 3)
(51852 113847 -15312.4 397 497 0)
(51853 -84387.8 22903.9 397 497 1)
(51864 86632 -97732.9 356 456 1)
(51867 40330.7 2899.55 237 337 1)
(51883 -73454.8 -118982 543 643 1)
(51890 -42178.5 16983.5 14 114 1)
(51896 45363.4 -92606.1 1 97 3)
(51907 -91518.4 -131964 367 467 1)
(51913 122741 -143912 63 163 1)
(51914 51330.8 143729 231 331 1)
(51921 -124725 132711 303 403 1)
(51924 100707 5931.01 192 292 1)
(51929 25239 -5187.64 370 470 1)
(51933 94597.2 -106625 29 129 1)
(51939 90569 -60598.5 74 174 1)
(51941 59395 -105729 168 268 1)
(51956 33294.5 -91637.7 147 247 1)
(51957 106947 -135165 401 501 1)
(51964 -79523.7 75395.4 582 682 3)
(51972 115840 116617 166 266 3)
(51974 -83522.8 -73672.5 510 610 1)
(51977 -106572 -137108 15 115 0)
(51979 -10045.6 -135981 286 386 1)
(51987 -113789 75250.2 494 594 3)
(51995 -109647 -34170.1 481 581 0)
(51996 -69391.4 -9208.42 367 467 1)
(51997 -1842.36 122715 533 633 0)
(51999 -38206.2 25066.5 486 586 1)
