(65014 -16158.3 20918.5 350 450 3)
(65025 -73406.4 98548.2 549 649 3)
(65027 -122659 -13133.6 58 158 1)
(65031 30240.5 77473 1 98 0)
(65039 95766 -134106 511 611 0)
(65042 -22066.1 3862.48 305 405 1)
(65043 70500.5 -10156.1 268 368 1)
(65045 22224.4 4895.04 111 211 1)
(65049 -83368.2 102538 10 110 1)
(65053 -86557.8 -61444.8 355 455 1)
(65055 17129.2 -56366.2 19 119 3)
(65058 -49258.4 112604 368 468 1)
(65059 -65359.3 -56504.6 198 298 1)
(65062 60472.6 -27348.4 485 585 1)
(65068 56524.3 -104820 439 539 3)
(65069 37266 95433.6 166 266 1)
(65075 -3947.64 123591 263 363 1)
(65076 -84380.9 -128948 290 390 1)
(65079 -85414.5 72290.5 24 124 1)
(65080 -3958.43 -72617.1 391 491 1)
(65098 -61319.9 -106845 331 431 3)
(65100 110781 -76756 519 619 1)
(65105 78518.1 -116805 43 143 1)
(65106 18171.3 34087 83 183 1)
(65112 39295.3 -88684.2 236 336 3)
(65113 89479.3 -64299.1 626 726 1)
(65120 -60367.7 -82716.6 621 721 1)
(65123 -58359.3 25967.5 132 232 1)
(65129 28265.1 -125013 557 657 1)
(65137 -96621.9 -124017 612 712 3)
(65143 31285 -140800 224 324 1)
(65145 -118765 -31376.7 617 717 1)
(65153 38403.1 -135154 614 714 3)
(65155 -99272.9 13851.6 64 164 0)
(65160 64446.1 -28238.7 35 135 3)
(65170 -42956.2 -137721 1 94 3)
(65173 -79438.3 41120.8 324 424 1)
(65185 -16961.6 -82684.6 559 659 1)
(65196 -25216.4 -13139 304 404 1)
(65204 -68850.3 130856 522 622 3)
(65205 21214.1 136711 253 353 0)
(65207 -18028.6 2629.26 491 591 1)
(65214 -17046.8 -52444.5 183 283 3)
(65216 -52239 121577 365 465 1)
(65219 -50378 -17285.1 457 557 0)
(65222 -42216.1 -63539.4 505 605 1)
(65240 -79364.5 30066.2 69 169 1)
(65241 -71437 52490.3 440 540 1)
(65242 55418.9 -133804 321 421 1)
(65243 -74539.1 -32508.5 538 638 0)
(65245 -111576 -41418.1 273 373 1)
(65247 -79482.5 126688 384 484 0)
(65256 124028 765.44 467 567 3)
(65268 35333.7 127729 466 566 1)
(65272 62548.2 -34119.3 427 527 1)
(65275 -10084.6 -36428.3 60 160 1)
(65290 91620.6 -97793.8 119 219 0)
(65303 -23326.5 -98799 594 694 1)
(65304 -48262 -55323.6 17 117 3)
(65308 -28113.6 -13178.6 515 615 1)
(65317 22238.8 -10202.1 610 710 1)
(65319 -87560.8 137686 534 634 0)
(65339 -14025.7 -57381.5 101 201 1)
(65348 95645.5 147735 109 209 1)
(65354 16184.6 -13236.3 599 699 1)
(65367 -90406.7 25843.7 467 567 1)
(65372 27225.1 1881.15 201 301 1)
(65378 -57363.6 142853 457 557 3)
(65382 -98515.7 -26282.2 359 459 3)
(65384 -87441.6 -45504.8 291 391 1)
(65386 -16117.9 -116590 100 200 1)
(65387 -98575.8 -17236.7 531 631 1)
(65389 119893 -131025 501 601 1)
(65391 -10942.3 26859 364 464 1)
(65396 -14989.3 115637 615 715 1)
(65398 -93578.5 -104897 578 678 1)
(65399 -73384.1 98443.7 277 377 1)
(65404 -7046.06 -47475.5 309 409 1)
(65409 957.992 7873.91 18 118 0)
(65413 58763.1 -135204 364 464 3)
(65414 7138.65 -77528.8 47 147 0)
(65418 -42230 127759 477 577 3)
(65423 -123938 90280.7 270 370 1)
(65428 -54266.1 67274.4 103 203 3)
(65431 1131.63 138753 509 609 3)
(65432 -8971.4 -6285.8 279 379 3)
(65435 105950 -103926 623 723 0)
(65442 67487.1 -77598.3 273 373 0)
(65444 -63355.5 -151.377 244 344 1)
(65447 45368.5 -106724 261 361 1)
(65450 -46252.9 -53537 574 674 1)
(65451 -38035.6 92494.2 258 358 1)
(65465 43078.3 -144214 325 425 1)
(65474 122981 135879 538 638 0)
(65475 -111582 123593 170 270 3)
(65483 -107637 -125970 415 515 3)
(65485 -120768 21961.6 322 422 3)
(65488 -27129 36134.8 452 552 1)
(65504 68450.2 123567 1 95 3)
(65519 111773 -122912 330 430 1)
(65521 52381.2 -95704.3 258 358 1)
(65526 36178.7 -30440.9 255 355 1)
(65536 95686.8 -17271.4 477 577 3)
(65537 -42122.5 36091.8 44 144 1)
(65542 -107761 117614 113 213 3)
(65547 29293.9 148835 248 348 0)
(65548 6089.82 20006.2 517 617 3)
(65552 68521.2 20013.9 487 587 1)
(65561 109453 45236.1 8 108 1)
(65563 -20079.4 84359.9 39 139 1)
(65569 -36155 -108740 166 266 1)
(65571 -58303.8 100646 406 506 1)
(65575 19182.3 -124879 56 156 1)
(65581 -82466.2 29005.3 519 619 0)
(65591 11943 -115791 203 303 3)
(65599 50278.2 60526 582 682 3)
(65604 90839.2 77644.2 624 724 0)
(65619 75816.3 -110682 524 624 1)
(65625 73586.3 114266 18 118 3)
(65627 -27141.8 -52515.6 588 688 1)
(65633 -50028.1 83000.4 589 689 1)
(65645 103643 -66541.6 585 685 3)
(65650 106643 32077.2 17 117 3)
(65651 -10168.7 -28378.1 237 337 3)
(65660 88586.8 49206.7 177 277 1)
(65662 15130.6 -97628.9 1 101 3)
(65663 -40116.2 -36318.1 67 167 1)
(65676 -106652 72487.2 471 571 1)
(65696 -92623.8 106637 428 528 0)
(65704 -34072.2 -80616.8 306 406 1)
(65705 -36192.5 -139049 360 460 3)
(65706 124738 -33401.9 282 382 1)
(65713 -32207.2 140820 87 187 0)
(65715 -81462.3 -24404.4 140 240 3)
(65721 -80466 6920.29 145 245 1)
(65729 102708 108562 349 449 3)
(65747 72567.4 68298.1 416 516 1)
(65749 -6980.34 141720 226 326 1)
(65752 107614 -60116 379 479 1)
(65762 -20055 -16239.6 321 421 3)
(65763 -120794 -25364.9 620 720 3)
(65772 17171.9 -105679 79 179 3)
(65773 53572.9 -39543.7 501 601 1)
(65778 -117722 23100.9 376 476 3)
(65780 -124731 -149109 369 469 1)
(65783 6073.32 -76637 165 265 1)
(65789 27324.3 -145121 565 665 0)
(65790 -58363.9 -117994 549 649 3)
(65800 -77498.2 12087.4 170 270 3)
(65803 -34159.6 33110.6 49 149 1)
(65805 56475.5 -75585.8 531 631 1)
(65809 2072.83 -52433.5 164 264 1)
(65817 41336.8 53224 557 657 1)
(65826 21204.1 -96764 410 510 3)
(65833 58397.9 -101682 290 390 1)
(65834 8080.77 -68597.8 556 656 3)
(65847 46536.7 -51597.2 484 584 1)
(65848 12174.5 28054.2 609 709 1)
(65853 3175.5 149979 336 436 3)
(65855 4133.22 -10171.5 442 542 3)
(65858 95677.5 105521 383 483 1)
(65862 3063.67 45125.3 136 236 1)
(65870 -23036.6 101564 497 597 1)
(65872 -106622 -24282.4 224 324 1)
(65875 -3767.07 -37459.5 9 109 0)
(65878 -21070.4 -117763 27 127 3)
(65881 42437.4 100509 227 327 1)
(65888 -31123.4 -136923 284 384 1)
(65892 -31940.5 -121395 451 551 1)
(65893 -112656 -53430.7 196 296 1)
(65896 -121517 -108923 172 272 0)
(65897 96618.7 -142961 209 309 1)
(65899 35281.7 92434.2 409 509 0)
(65905 -96598.5 -127832 253 353 1)
(65913 24187.8 -46355.4 1 96 1)
(65916 -114670 81377.5 412 512 0)
(65921 -50273 -57514.4 473 573 3)
(65924 1032.13 -133948 191 291 1)
(65926 -81417.3 -148134 267 367 1)
(65937 40339.9 26072.9 471 571 0)
(65941 8145.29 11960.3 359 459 1)
(65988 71542.6 -44430.8 438 538 1)
(65989 27254.5 -138114 556 656 3)
(65992 -3962.27 -137897 251 351 3)
(65997 70512.3 -20249 237 337 1)
(65998 61652.6 -117769 171 271 1)
