(31002 -1976.66 130689 202 302 1)
(31004 70556.8 -104841 411 511 1)
(31011 68528.6 -110908 501 601 1)
(31018 -9163.09 78332.5 118 218 1)
(31021 -83301.7 12990.4 509 609 0)
(31023 -64184.6 109658 143 243 0)
(31028 48304.2 -75615.5 321 421 1)
(31029 53380.5 -87694.9 321 421 1)
(31034 91677.9 -124967 421 521 0)
(31055 69496.6 -25385.8 351 451 1)
(31058 51387.4 108771 358 458 0)
(31074 -106777 35155 545 645 1)
(31081 11070.4 -131926 235 335 1)
(31084 118685 86344.2 1 94 1)
(31087 -2967.6 117649 561 661 1)
(31098 83696 1977.01 572 672 0)
(31105 -83411.4 -37364.5 107 207 1)
(31116 98718.9 -99831.6 548 648 3)
(31118 -68402.6 -84643 559 659 1)
(31119 -43202.4 6832.19 401 501 1)
(31122 68419.1 16979.4 233 333 1)
(31127 -66473.7 -83614.2 326 426 0)
(31129 -91474.7 -16219.8 177 277 1)
(31130 84510.4 -58470.5 147 247 1)
(31144 -72422.3 -94759.6 314 414 3)
(31152 -123740 104554 474 574 3)
(31153 13177.7 19939.9 437 537 1)
(31155 70478.6 37091.6 211 311 0)
(31162 26634.7 -33494.4 42 142 0)
(31169 90673.2 52164.7 178 278 0)
(31171 94074.2 80281 606 706 3)
(31172 20084.1 -69518.8 236 336 1)
(31174 -25108.7 -10168.1 24 124 3)
(31175 43354.8 -68604.9 482 582 3)
(31182 -99632.1 140855 567 667 3)
(31183 38372.2 129563 225 325 3)
(31192 -80455.4 -63500.2 255 355 1)
(31193 -110582 -61493.9 1 96 1)
(31204 -40130.2 73264 16 116 3)
(31208 -46213.6 10929.6 306 406 1)
(31210 42298.5 -130864 151 251 1)
(31212 -28042 -37476.1 501 601 1)
(31219 124887 -12230.5 462 562 1)
(31238 -37220.6 -145197 556 656 1)
(31239 -91461.3 -102804 326 426 3)
(31244 -974.215 19991.8 387 487 1)
(31245 -61114.5 50342.3 473 573 0)
(31254 124783 -69525.6 129 229 1)
(31255 -107575 -45415.2 323 423 3)
(31274 -113701 -145137 283 383 1)
(31276 122871 -101798 386 486 1)
(31281 -38274.6 126757 414 514 1)
(31286 -8014.35 84391.1 78 178 1)
(31290 -53209 23021 63 163 1)
(31291 105643 129634 172 272 3)
(31303 -16057.8 -96871.3 454 554 1)
(31323 -96476.1 -46326.9 201 301 1)
(31332 32250 -84575.6 25 125 1)
(31343 -37179.6 39115.8 586 686 0)
(31347 64544.2 135837 485 585 3)
(31350 -68349.1 46115 114 214 1)
(31353 -74412.2 117618 178 278 3)
(31357 15091.9 31099.4 343 443 1)
(31362 77572.9 -97772 412 512 3)
(31364 -68286.5 71271.6 139 239 1)
(31369 65812.2 115696 476 576 0)
(31378 -82518.9 46192.2 541 641 1)
(31383 115727 -9185.76 394 494 1)
(31384 -68402.7 -41368.5 171 271 3)
(31388 7981.41 46124.6 254 354 3)
(31391 -19133.1 -37391.3 137 237 1)
(31401 -19070.3 -64457.7 134 234 0)
(31402 -92483.6 -139869 78 178 1)
(31403 114758 111525 182 282 1)
(31406 -62664.8 -21195.3 440 540 0)
(31410 46400.7 -4181.81 581 681 1)
(31413 -105450 -89668.8 45 145 3)
(31423 -35155.6 -48468 176 276 1)
(31440 94686.8 -5149.05 353 453 0)
(31441 113753 93398.3 139 239 1)
(31452 -73458.2 43227.4 375 475 1)
(31453 21268 5959.3 587 687 3)
(31462 21378 -72820.6 335 435 1)
(31472 -19051.1 40130.3 126 226 1)
(31476 57313.5 -72532.5 53 153 1)
(31479 25118.5 -66502.8 604 704 0)
(31499 111847 111596 513 613 3)
(31502 43406 120613 398 498 0)
(31504 80602.8 -42437.2 628 728 1)
(31505 98704.1 -44667.9 316 416 3)
(31507 101557 -99302.1 424 524 1)
(31509 91573.4 110489 212 312 1)
(31520 -32267.5 -105930 436 536 3)
(31521 97814.4 -107821 609 709 0)
(31526 100007 117884 316 416 3)
(31538 -76455 36175.6 432 532 1)
(31546 -11094.4 -95617.5 127 227 1)
(31547 -88498.2 85499.4 559 659 1)
(31556 13204.7 114604 283 383 1)
(31561 25315.5 32993.2 267 367 1)
(31562 -27047.4 -104773 312 412 1)
(31563 87471.4 -92767 473 573 3)
(31568 19172.7 -46376.3 133 233 1)
(31573 108727 48214 447 547 1)
(31575 77609.2 116618 467 567 1)
(31579 17011.4 110323 75 175 1)
(31582 -87465.3 8896.14 103 203 3)
(31598 27885.3 129288 194 294 1)
(31603 118840 31098.9 206 306 1)
(31623 76335.6 -80627.4 548 648 1)
(31633 116761 57167 210 310 1)
(31637 -105356 -91503.3 42 142 1)
(31652 82580.8 40126.9 245 345 1)
(31655 9350.24 117552 325 425 0)
(31662 -95483.7 4922.19 79 179 1)
(31666 -49321.6 -33274.4 491 591 1)
(31668 -122609 113520 33 133 3)
(31672 3089.72 -59563.8 470 570 3)
(31673 -58385.5 88429.3 453 553 1)
(31691 -60314.1 19096.3 269 369 1)
(31700 -41186.8 24034.3 428 528 3)
(31702 103732 -60508.1 389 489 3)
(31704 22177 -127898 124 224 0)
(31724 -71956.8 -9438.24 22 122 0)
(31728 43307.5 -25305.7 438 538 1)
(31730 -112711 71289.3 595 695 1)
(31739 26247.2 -54638.4 499 599 0)
(31740 -10048.2 -28233.1 113 213 3)
(31741 -87424.7 -96649.9 116 216 1)
(31743 -15033 -106699 66 166 3)
(31744 24128.7 -112955 247 347 1)
(31747 -97166.2 -145600 484 584 3)
(31761 -10125.2 85383.9 518 618 0)
(31762 83577.9 143649 96 196 1)
(31764 54366 19149.6 235 335 1)
(31776 -106536 -128879 280 380 1)
(31783 105855 -99677.7 459 559 3)
(31790 -37233.1 -98556.8 79 179 1)
(31797 -21726.8 -49105.7 89 189 3)
(31799 39895.8 -60801 628 728 1)
(31804 -29110.4 -97667.3 127 227 3)
(31806 -63372.7 145806 481 581 1)
(31813 92712.6 27129 267 367 1)
(31820 -70312.2 -138008 401 501 1)
(31827 65540.5 -28392.1 608 708 3)
(31838 -43148.5 73293.5 1 95 1)
(31845 106865 25999.8 502 602 1)
(31847 109823 -30359.1 556 656 1)
(31848 -21941.7 -124774 133 233 1)
(31854 -37071.3 -90562 46 146 1)
(31861 110728 -149953 144 244 3)
(31862 62563.7 -62748.6 384 484 3)
(31869 -119705 132624 354 454 0)
(31870 85366.1 136723 1 97 1)
(31872 -101350 -35573.4 424 524 3)
(31880 23183.8 20989.9 143 243 1)
(31886 -74403 -95724.1 344 444 1)
(31894 -31136.8 -87691.7 368 468 1)
(31896 75417.1 -12010.7 109 209 1)
(31898 -87636.9 90572.7 215 315 0)
(31907 -39067.1 -60521 104 204 3)
(31910 22168.8 -107866 363 463 0)
(31914 -44182 67601.2 616 716 1)
(31917 342.63 -67998.5 400 500 1)
(31921 45635.8 -26257.2 240 340 1)
(31924 -12989.9 146691 1 98 3)
(31931 -59286.1 18978.3 197 297 1)
(31936 111746 -81620.5 292 392 3)
(31937 -11105 18258.6 185 285 1)
(31940 119658 30928 435 535 3)
(31943 86558.5 -58579.1 302 402 1)
(31947 27264.3 -35350.6 245 345 1)
(31954 -70298.2 95403.9 400 500 1)
(31966 -3963.1 -61482.2 140 240 1)
(31976 -50276 -149217 532 632 1)
(31977 -123763 -140030 392 492 1)
(31985 73264.8 141155 192 292 1)
