(67007 36313.8 57243.3 473 573 1)
(67011 45383.6 -50516 589 689 1)
(67012 -60279.3 14903.5 93 193 3)
(67032 -24044.8 -40428.3 208 308 1)
(67033 -86482.9 -74620.9 417 517 0)
(67042 74491.6 140770 197 297 0)
(67043 -8015.84 -52497.7 550 650 0)
(67046 -68292.4 111525 1 100 3)
(67060 86483.9 -7154.01 18 118 1)
(67063 61512.7 -39307.5 335 435 1)
(67073 -1803.8 -83771.6 45 145 3)
(67074 -31138.6 -132935 210 310 1)
(67086 102819 52254.6 368 468 1)
(67089 -119622 75326.5 143 243 3)
(67094 -117678 44140.8 345 445 3)
(67095 -18073.8 -39358.9 318 418 0)
(67110 -109684 -96808.3 519 619 1)
(67113 120846 -85529.5 105 205 0)
(67114 50404.7 -45456.2 326 426 0)
(67117 -46107 12960.3 242 342 3)
(67125 54357.9 83364.8 193 293 0)
(67140 32233.6 24071.6 127 227 1)
(67143 -39196.5 7953.27 22 122 0)
(67144 -68375.4 -124959 357 457 1)
(67145 48477.1 -94443.9 352 452 0)
(67148 -22192 -73179.5 246 346 1)
(67151 -95368.9 21110 179 279 1)
(67154 54324.5 -115794 96 196 3)
(67157 -119709 61212.3 170 270 1)
(67164 114803 110546 343 443 1)
(67167 -14240 7028.78 619 719 0)
(67176 -62250.2 -74751.6 451 551 3)
(67177 28257.4 53303.8 623 723 0)
(67181 -10007.1 -140009 300 400 1)
(67188 -67391.2 -22289.4 175 275 3)
(67200 -90623.1 19940.5 493 593 3)
(67201 123768 -88621.2 142 242 1)
(67203 -42297.8 115692 343 443 3)
(67205 -63164.8 -27165.4 207 307 1)
(67206 56400.5 8929.7 183 283 3)
(67224 41266.6 -100653 17 117 1)
(67232 53607.6 81509.2 303 403 0)
(67245 -82331.2 38091 30 130 1)
(67265 -114748 -71578.8 479 579 1)
(67280 -74517.2 -67640.9 372 472 3)
(67290 -4930.18 91541.9 368 468 0)
(67291 -88539.8 -16239.3 502 602 3)
(67294 -57354.1 46086.3 296 396 1)
(67296 -108576 76310 114 214 1)
(67301 114792 48190.8 282 382 1)
(67303 -45225.7 -13216.9 136 236 1)
(67310 52471 106402 54 154 1)
(67319 -74493.8 -93763.2 498 598 1)
(67321 -66100.6 131853 379 479 0)
(67323 58481.6 -27308.6 548 648 1)
(67328 -2911.39 -74669.2 557 657 1)
(67334 -86526.5 -11325.2 476 576 0)
(67339 -61274.8 -22225.9 41 141 1)
(67352 -124380 -107463 245 345 1)
(67356 116846 -1151.66 461 561 3)
(67359 -25191.8 -20354.5 83 183 1)
(67364 -23092.8 -93690.6 235 335 1)
(67367 33206.4 -118874 281 381 1)
(67374 -48914.6 -57246.4 55 155 1)
(67382 32298.2 42110.1 377 477 1)
(67394 -47194.4 -139905 85 185 3)
(67397 28205.8 -45454.6 81 181 3)
(67400 56501.3 -92685.2 578 678 3)
(67406 62472.7 -87791.2 576 676 3)
(67413 74553.9 105557 443 543 1)
(67417 -55504 -60683.1 481 581 1)
(67431 -36192.9 -139.987 450 550 1)
(67433 55557.9 -60309.7 166 266 1)
(67439 41326.2 67300 267 367 1)
(67455 -55292.6 64328.1 366 466 1)
(67478 -9018.96 -80670.4 427 527 1)
(67479 2094.07 98507.9 455 555 3)
(67484 12091.7 135701 231 331 3)
(67486 -38238.6 73339.1 151 251 1)
(67492 -76491.7 62310.3 529 629 1)
(67503 -2967.18 21995.1 384 484 1)
(67509 124919 -1082.71 514 614 3)
(67510 -41234.9 141767 446 546 1)
(67515 -119769 7125.42 456 556 1)
(67516 106966 106530 573 673 0)
(67519 -70419.8 26079.8 280 380 1)
(67523 -50169.9 -132787 330 430 0)
(67530 -20068.4 -84666.6 152 252 1)
(67532 -55283 148699 195 295 3)
(67537 123748 -79775.7 209 309 3)
(67546 4091.27 -163.782 534 634 1)
(67549 -5139.13 -60365.6 20 120 3)
(67553 -104594 -71565.5 251 351 1)
(67559 -124688 23026.5 233 333 1)
(67561 48405.9 3900.49 489 589 1)
(67562 -5987.57 19016.6 104 204 3)
(67571 -122035 102691 579 679 1)
(67572 -19948 -137866 113 213 1)
(67575 41379.2 -63586.6 588 688 1)
(67577 53339.6 -29308.2 503 603 0)
(67582 -48958.9 143268 36 136 1)
(67584 17034.4 -145908 428 528 1)
(67586 -15132.7 141964 459 559 1)
(67604 -43424.4 -93941.4 1 97 3)
(67605 56460.9 -137079 480 580 1)
(67607 20275.8 -139335 480 580 0)
(67617 -32130.4 60243.7 311 411 0)
(67631 -33134.3 -46431.7 362 462 1)
(67639 -64306.5 103693 622 722 3)
(67642 -81388.9 -104679 1 100 1)
(67645 -75307.4 18010.7 144 244 3)
(67656 79445.3 -71714.9 624 724 1)
(67663 -6061.01 133753 218 318 1)
(67666 -1931.74 12060.5 594 694 1)
(67667 82635.1 12880.9 397 497 3)
(67668 -76430.2 -18236.2 313 413 0)
(67676 68476.2 17964.2 102 202 1)
(67677 66546.9 -98948.6 563 663 1)
(67678 -14886.3 139723 23 123 1)
(67680 61587.3 45117.7 535 635 1)
(67682 -62395.3 -50610.1 551 651 1)
(67684 -116834 -50462.6 528 628 0)
(67686 -35118.6 37152.4 210 310 3)
(67688 37311.2 54225.8 181 281 3)
(67691 1013.93 -100764 550 650 0)
(67694 66489.1 -11121.2 136 236 0)
(67697 -44453.8 47361.6 333 433 3)
(67706 -25065.1 136789 355 455 0)
(67711 -948.322 -63474.9 117 217 1)
(67721 -10033.7 48163.9 128 228 1)
(67731 -93510.4 83487.5 614 714 1)
(67733 -18056.1 -110912 552 652 1)
(67734 -9979.27 -83583.6 251 351 1)
(67735 -55265.1 53172.6 321 421 1)
(67740 86761.9 -124907 495 595 1)
(67759 -45219 55206.7 319 419 1)
(67777 97932.8 -26151.1 382 482 3)
(67795 25207.8 -99666.7 135 235 1)
(67809 6134.72 -38329.8 209 309 1)
(67815 68630.7 134991 564 664 0)
(67817 32233.8 -71616 124 224 0)
(67823 53330 25040.4 24 124 3)
(67828 26241.4 -7122.34 355 455 0)
(67835 -49310.5 -55664.7 629 729 0)
(67838 -108569 69276.1 145 245 1)
(67845 19162.5 64279.7 311 411 1)
(67847 -70411.7 -88602.8 110 210 1)
(67859 -46253.8 71306.9 333 433 1)
(67863 -59252.6 -47373.3 73 173 3)
(67869 -90516.4 -23314.9 97 197 1)
(67871 -53381.5 -50431.2 559 659 1)
(67874 18034.9 99562.7 334 434 0)
(67875 56582.1 -82589.3 396 496 1)
(67879 -73394.7 89420.1 132 232 1)
(67898 64517 2957.64 240 340 1)
(67902 42396.6 -149180 565 665 3)
(67911 -50292.3 -36397.7 511 611 1)
(67919 -6026.62 -79598.6 405 505 1)
(67920 15153 -27265.5 37 137 1)
(67923 18203.6 109773 509 609 1)
(67927 58377.6 -41325.5 20 120 1)
(67929 -25111.3 52211.8 291 391 3)
(67939 -43438.4 56170.6 573 673 1)
(67940 15136.7 -114807 77 177 3)
(67946 31248.3 -75536.9 53 153 1)
(67952 16182.6 -121868 326 426 3)
(67956 1291.02 128576 524 624 1)
(67963 31267.1 102569 498 598 3)
(67983 97647.5 -68547.9 386 486 1)
(67989 -114652 16987.6 265 365 3)
(67994 56460.4 -92713.5 388 488 1)
(67996 -103567 4889.03 325 425 3)
