(10004 -85441.6 -92697.1 197 297 3)
(10007 -100528 -2155.42 91 191 3)
(10018 36315.3 75409.1 568 668 1)
(10026 -32176 91446.6 216 316 0)
(10036 -123618 84339.6 228 328 1)
(10050 35270.7 -123955 358 458 1)
(10055 -14157.8 42040.9 128 228 0)
(10057 -71413.9 -3159.6 406 506 3)
(10061 30314.9 -65612.6 611 711 1)
(10068 103761 -78602.7 410 510 1)
(10073 -89569.4 -84739.4 512 612 3)
(10095 -45080.7 -131904 69 169 1)
(10097 -62434.6 27211.8 550 650 0)
(10100 59397.1 39179 28 128 1)
(10104 -27139.7 28080.9 604 704 1)
(10122 -93522.9 105398 106 206 1)
(10123 68456.4 21014 434 534 3)
(10126 -94181.4 86377.3 3 103 1)
(10127 -105703 80396.2 480 580 1)
(10131 -79432.5 36144.5 120 220 3)
(10145 -53346.6 -15353.9 364 464 1)
(10146 -15046 61201.8 448 548 1)
(10172 -48222.9 -87748.7 120 220 1)
(10173 70302.9 16657 194 294 3)
(10176 69498.3 -42383.8 228 328 1)
(10177 11848.8 -128170 568 668 1)
(10183 -60336.4 80407.8 331 431 1)
(10184 -62277.9 -79577.9 47 147 3)
(10191 88575.6 12217.8 618 718 0)
(10192 -6237.74 -35095.5 609 709 3)
(10193 -6964.28 89520.8 484 584 1)
(10198 4053.93 -50446.6 204 304 3)
(10203 -58221.9 64269.7 561 661 1)
(10210 117768 -89650.7 246 346 1)
(10211 -82473.6 -13221.9 380 480 1)
(10218 -79071.4 69733.9 368 468 1)
(10219 55346.2 29096.8 461 561 0)
(10232 -95933.6 -53354.5 269 369 1)
(10235 -71104.6 -29878.6 25 125 0)
(10244 -111600 -127846 120 220 3)
(10257 -83395.9 137698 193 293 3)
(10258 65439.1 134798 440 540 1)
(10260 12147.7 -130959 292 392 1)
(10265 -68315.5 43113.4 41 141 1)
(10269 -101553 -37355.7 123 223 3)
(10273 -89496.6 16011 205 305 1)
(10283 84662.6 37121.3 353 453 3)
(10291 -19926.6 -66604.1 425 525 3)
(10293 12123.4 -126863 237 337 3)
(10294 -50298 -25419.6 451 551 1)
(10295 -15058.1 -7236.07 559 659 1)
(10300 -57361.3 -58360.1 136 236 0)
(10301 54432.2 -7193.34 470 570 1)
(10310 90572.1 -62445.4 84 184 1)
(10314 -122803 -101845 524 624 1)
(10319 -87419.4 -18221.2 57 157 1)
(10323 28185.4 -145758 113 213 3)
(10341 3033.22 -10149.9 347 447 1)
(10351 58365.1 7949.52 189 289 1)
(10361 68476.7 -100749 293 393 0)
(10363 18151.7 83344.8 415 515 3)
(10366 67533.7 -148239 433 533 0)
(10373 13121 90443 244 344 1)
(10379 -74131.1 -105881 314 414 3)
(10380 32078.1 -53.58 560 660 1)
(10386 -47235.9 46197.8 530 630 3)
(10387 -88431.7 -117745 194 294 3)
(10389 104784 -57478 419 519 1)
(10390 99598.3 68308.7 372 472 0)
(10392 21218.9 24.8782 85 185 3)
(10395 15155 -64512.6 234 334 3)
(10404 77565.5 -13218.3 411 511 1)
(10406 -12028.8 -137174 542 642 1)
(10408 -42917.2 -1219.2 356 456 1)
(10414 8891.49 -87447.6 492 592 0)
(10419 -63348.2 -94636.9 42 142 1)
(10424 67486 58233 311 411 1)
(10429 -31071 43115.8 114 214 1)
(10433 -56265.6 -37338.5 276 376 0)
(10439 4217.26 73274.7 410 510 1)
(10441 -49080.3 57124.2 599 699 1)
(10454 96643.2 -67557.9 233 333 1)
(10457 77441.6 35204.2 96 196 0)
(10466 34178.6 -110753 329 429 1)
(10470 -53169.4 51221.7 300 400 1)
(10477 46415.2 -130091 602 702 0)
(10491 63483.4 93486.7 305 405 1)
(10499 -120986 68190.3 431 531 1)
(10501 67491.1 -24288.8 345 445 3)
(10505 -84399.8 -7181.42 127 227 1)
(10511 16163.2 21980.8 163 263 1)
(10512 21208.8 -118869 329 429 1)
(10521 -55156.1 -148969 183 283 3)
(10533 33152.4 4969.11 126 226 1)
(10548 74322.7 98477.5 292 392 1)
(10549 21166.9 1893.88 25 125 0)
(10551 -34171.5 -88770.9 575 675 1)
(10569 21250.7 -36345.9 78 178 0)
(10574 28246.5 -144985 236 336 0)
(10575 14076.2 -45399.2 323 423 1)
(10578 -50253.5 -141964 199 299 0)
(10593 -38147.7 -148015 258 358 1)
(10598 -1884.72 -50514.3 601 701 0)
(10608 -27133.9 19995.3 390 490 1)
(10623 75540.4 45283.8 554 654 1)
(10625 97542.4 98429.8 14 114 0)
(10629 -92512.5 -85336.1 497 597 3)
(10633 15204.5 14986.3 483 583 0)
(10638 108761 45280.3 351 451 3)
(10639 -112884 -18158.5 176 276 3)
(10640 122776 20997.6 159 259 1)
(10645 -114747 -51539.9 536 636 0)
(10650 -4005.84 -26272.2 47 147 1)
(10654 76653.7 -67572.1 408 508 3)
(10655 -95557.5 -53602.3 620 720 3)
(10658 -34232.1 42102.7 263 363 0)
(10670 14199.2 -33318 386 486 3)
(10687 -56332.6 145860 282 382 3)
(10689 49336.6 103477 1 98 3)
(10700 26197.4 -77912.8 597 697 3)
(10709 67399.4 -36694.2 472 572 1)
(10714 -72397.9 -42361.3 499 599 1)
(10725 90674.4 76390.5 527 627 0)
(10734 117738 116543 1 96 0)
(10735 92138.8 91302.7 352 452 3)
(10742 101021 -121961 567 667 1)
(10746 51231.4 -32415.7 87 187 1)
(10749 -40395.4 10809.3 191 291 1)
(10756 -58438.5 68730.6 111 211 0)
(10757 16052 -47431.2 97 197 1)
(10764 -84536.1 -5239.44 582 682 1)
(10769 66458.8 -53470.4 288 388 3)
(10775 6074.49 84429.7 147 247 1)
(10777 -10028.3 3653.65 460 560 3)
(10780 124813 -3206.93 217 317 3)
(10785 83532.1 33064.8 129 229 0)
(10786 14187.5 -126139 548 648 1)
(10788 -17010.8 -77524.7 34 134 3)
(10820 -68315.4 -15223.5 89 189 1)
(10822 58456.4 -70568.6 336 436 3)
(10824 -29080.3 67236.5 140 240 1)
(10825 -66394.3 -81657.6 77 177 3)
(10826 37254.4 40116.6 303 403 1)
(10827 89765.7 -68587.7 607 707 1)
(10832 -98601.1 -131825 218 318 1)
(10836 20209.7 30021 259 359 3)
(10840 79658.4 45301 535 635 1)
(10846 4076.4 77319 114 214 3)
(10847 41326.4 -52500.2 264 364 1)
(10851 -23980.3 37110.3 584 684 3)
(10852 -83409.9 -5031.17 7 107 1)
(10860 -11002.1 25024.7 305 405 1)
(10865 7969.51 40352.6 236 336 3)
(10867 -69375.5 -22306.3 492 592 3)
(10870 -3961 -12333.7 600 700 1)
(10884 296.609 143767 532 632 3)
(10893 96540.5 72303.2 21 121 1)
(10903 -118634 868.974 175 275 1)
(10906 -103664 -109880 400 500 3)
(10915 -82447.5 52203 578 678 3)
(10916 65828.4 -41480.7 557 657 1)
(10927 47292.1 -103678 42 142 3)
(10930 88589.6 -73590 391 491 3)
(10931 -54386.8 25022.5 573 673 3)
(10940 99705.1 -34361.7 320 420 1)
(10943 -84555.6 82406.4 349 449 1)
(10954 -49268 69923.6 414 514 1)
(10958 -28283.5 110439 346 446 1)
(10965 83078.7 73574.8 356 456 3)
(10967 -61153.3 -124612 57 157 1)
(10970 68646.9 -105968 556 656 1)
(10971 -50370.1 9916.15 308 408 1)
(10974 -78381.2 141714 115 215 1)
(10981 74345 -4070.21 358 458 3)
(10983 -70468.8 -79047.8 71 171 1)
(10992 -93497.3 148652 111 211 1)
(10996 -87782 22900.8 367 467 0)
