(112002 -32119.2 52232.2 584 684 3)
(112003 -117808 -135106 353 453 1)
(112004 11045.7 58300.2 463 563 3)
(112017 59482.4 58179.7 22 122 1)
(112020 87688 87459 629 729 1)
(112022 -123915 71342.8 582 682 1)
(112028 -14020 -42369.6 259 359 1)
(112036 -6947.54 -35266.6 152 252 0)
(112042 -92513.8 -85741.8 449 549 0)
(112046 14155.7 55232.9 333 433 1)
(112049 14156.9 -56487.9 280 380 1)
(112051 33336.6 27073.8 583 683 0)
(112059 -10197.2 148806 153 253 1)
(112065 -115563 -89708.5 198 298 0)
(112068 -71985.5 -66629.7 625 725 3)
(112071 -70433 -69611.3 542 642 0)
(112084 -66365.6 -90714.2 179 279 3)
(112086 -110526 -48258.1 243 343 1)
(112090 -95546.9 7873.79 37 137 3)
(112108 35269.2 -23259 170 270 1)
(112120 -13020.7 76323.5 257 357 0)
(112128 72341.9 -102881 596 696 1)
(112130 -29098.9 50176.9 71 171 1)
(112131 -97450.1 34053.2 24 124 0)
(112134 -84490.9 -146145 550 650 1)
(112138 -74500.1 142888 507 607 1)
(112139 1085.99 -140116 497 597 3)
(112141 -67499.1 -7295.23 512 612 1)
(112143 -85158.8 112753 176 276 1)
(112154 67433.5 3898.95 112 212 3)
(112157 77843.7 134899 505 605 1)
(112163 79501.7 130738 4 104 1)
(112173 28584.7 -109992 629 729 0)
(112174 94649.5 133684 329 429 1)
(112178 -77371 8757.15 534 634 3)
(112182 103682 89374.4 97 197 3)
(112193 -75543.4 -82564.6 268 368 3)
(112206 -120765 88450.2 398 498 0)
(112210 -101532 -116857 221 321 0)
(112216 30468.2 -78480.2 611 711 1)
(112222 114766 -107790 354 454 1)
(112230 -21064.1 52240.1 377 477 1)
(112236 -122810 -9071.07 492 592 1)
(112237 837.502 138808 237 337 3)
(112241 62432.5 -107801 280 380 1)
(112247 -94732 66368.3 521 621 1)
(112248 -53298 19301 204 304 3)
(112252 -27111.3 -54458.6 238 338 1)
(112273 -107676 58261.9 428 528 0)
(112274 66412.8 -75580.9 57 157 1)
(112280 -116821 -6230.91 371 471 3)
(112281 -16042.2 131634 27 127 1)
(112289 -116750 -10234.2 359 459 3)
(112299 -20104.1 -52352.2 33 133 3)
(112300 124766 -65685 535 635 1)
(112302 -53265.5 19059 153 253 3)
(112304 -30126.6 119549 63 163 1)
(112307 83817.4 124600 480 580 0)
(112310 92488.9 22886.4 44 144 1)
(112324 -3951.05 36959.5 43 143 0)
(112329 19230.7 -73435.4 12 112 3)
(112347 91558.6 -63534.8 76 176 1)
(112381 -60436.2 41172.7 619 719 3)
(112385 -46184.7 -87696.8 221 321 3)
(112388 -3937.8 -46503.3 511 611 1)
(112395 51315.7 -4255.13 91 191 1)
(112398 116702 -112673 14 114 1)
(112399 -87497.1 132756 382 482 1)
(112400 -25050.4 19035 421 521 1)
(112413 -11061.2 25059.1 183 283 1)
(112419 -25078.9 -31335.8 320 420 3)
(112420 -69486.1 -75558.8 475 575 3)
(112422 -90493.9 -103803 356 456 0)
(112426 -101572 -117805 190 290 1)
(112429 52446.4 -4053.15 576 676 1)
(112439 -100575 -128962 367 467 1)
(112445 32407.7 -66508.3 55 155 1)
(112448 101640 8925.62 66 166 3)
(112456 -104534 -61429.8 51 151 1)
(112459 80548 144734 163 263 1)
(112467 -14025.1 -93654.7 129 229 0)
(112473 95668 49166 343 443 0)
(112512 -9946 -129026 339 439 1)
(112517 -119687 79400.9 143 243 1)
(112521 -124114 -141949 399 499 3)
(112526 -34165.5 59263 472 572 3)
(112530 16197.2 80300.7 191 291 0)
(112538 64433.5 126820 551 651 3)
(112543 -68367.4 -112816 266 366 1)
(112554 19170.3 -107911 628 728 1)
(112555 -4979.14 -46427.3 480 580 1)
(112560 -16922.7 -140025 453 553 1)
(112562 113756 -28342.6 358 458 1)
(112563 106719 -82640.2 275 375 1)
(112564 -60261.4 -42319.6 294 394 1)
(112576 -10004.4 105500 33 133 1)
(112580 47521.7 -121057 568 668 1)
(112581 -97609.1 68162.5 585 685 1)
(112582 75526.2 -128010 428 528 3)
(112585 91658.9 -134944 225 325 1)
(112613 -95562.4 9925.32 399 499 1)
(112630 -110598 -52386.5 339 439 3)
(112635 59409.2 51194.1 264 364 1)
(112641 -4975.55 -4231.77 478 578 1)
(112647 -81623.8 80453.1 343 443 0)
(112650 87615.9 -3300.23 330 430 1)
(112654 -25145.3 -18158.3 112 212 1)
(112658 36293 -22251.1 392 492 1)
(112661 -15011.4 116685 451 551 1)
(112663 -25148.6 -6138.31 106 206 1)
(112666 92744.3 -112790 184 284 0)
(112667 106753 32328.4 346 446 1)
(112670 5091.74 -52358.5 300 400 3)
(112673 -53295.2 -24355.8 365 465 1)
(112678 -9961.37 -11199.3 564 664 1)
(112691 -72213.2 105496 376 476 0)
(112696 -44180.3 -23223.8 199 299 1)
(112699 -42187.1 123436 22 122 1)
(112711 -31169.3 -83719.8 361 461 1)
(112714 87567 137834 616 716 1)
(112721 -48266.9 -78822.2 441 541 1)
(112725 107738 57203.3 302 402 0)
(112729 -42174.3 -42363.4 267 367 1)
(112732 5086.91 -30282.8 411 511 1)
(112733 -83556.1 -59587.7 597 697 1)
(112736 112957 -89862.6 610 710 1)
(112738 98730 -54419.8 155 255 3)
(112754 121635 -114.262 32 132 3)
(112757 107724 -8242.62 240 340 1)
(112759 -24121.1 -21023.3 485 585 1)
(112779 62469.9 -43326.5 268 368 0)
(112781 -51256.4 -29269.2 133 233 1)
(112783 49380.2 -19281 374 474 1)
(112785 -958.936 -13235.7 357 457 3)
(112791 -24074.6 -9354.48 609 709 3)
(112792 86591.9 -10286.3 211 311 1)
(112795 52505 145635 39 139 1)
(112796 -92545.3 113601 460 560 1)
(112802 -88451.8 136689 221 321 1)
(112813 -37156.8 -33304.3 9 109 1)
(112832 -26188.3 -119806 548 648 3)
(112833 62492.9 77318.6 617 717 1)
(112834 -104770 125739 477 577 0)
(112841 -42199.3 41093.6 318 418 3)
(112845 -58273.4 -22245.8 51 151 1)
(112848 -36238.2 56186.5 591 691 1)
(112853 13371.3 57555.4 330 430 0)
(112866 31234.3 -38337.7 161 261 3)
(112869 -114704 -63713.3 595 695 1)
(112880 44242.8 112525 499 599 3)
(112884 -93615.8 69563.5 539 639 3)
(112885 85645.8 58246.9 616 716 3)
(112902 -92476 -25245.3 16 116 0)
(112907 -116534 -36483.3 266 366 1)
(112909 -124694 62234.8 331 431 1)
(112911 13107.4 -101736 206 306 3)
(112917 -24034.1 -123949 188 288 0)
(112919 123786 121551 143 243 3)
(112924 22111.9 -122871 143 243 3)
(112932 18205.5 64346.5 403 503 1)
(112940 -53287 142892 581 681 1)
(112944 10075.4 6002.34 110 210 3)
(112947 64644.8 -128164 555 655 3)
(112957 -5858.95 87421.5 108 208 0)
(112963 85587.9 110557 277 377 3)
(112971 -42228.6 -13229.5 442 542 1)
(112973 -36195.9 30050.1 624 724 0)
(112974 -47200.1 -142144 557 657 3)
(112978 -53329.3 42279.4 555 655 3)
(112982 -943.589 -22264.7 272 372 1)
(112985 -41219.3 93348.2 145 245 0)
(112987 -61436 -139131 522 622 3)
(112995 8964.08 62248.7 490 590 1)
