(120002 -50271.8 -142107 377 477 3)
(120013 -34316.1 -71608 287 387 1)
(120022 64505.9 -57440.5 375 475 3)
(120027 -116624 20935.4 304 404 1)
(120032 68534.3 -27286.4 550 650 0)
(120037 37290.5 -32296.7 80 180 1)
(120052 12179.3 -112803 195 295 1)
(120059 -49267.3 -64594.3 462 562 1)
(120060 -84578.5 83345.7 386 486 0)
(120062 -74418.1 -97869.9 619 719 1)
(120070 47299.6 37460 241 341 1)
(120080 86713.2 -59518.8 532 632 1)
(120082 16388.7 -67510.2 588 688 1)
(120088 2074.73 111537 211 311 1)
(120090 39303.4 11940.1 370 470 1)
(120104 9137.72 -135108 556 656 3)
(120107 106701 -76668.7 371 471 0)
(120119 2086.03 -56491.1 350 450 1)
(120121 -22889.1 -135094 365 465 1)
(120123 75648.8 -105008 516 616 1)
(120131 56397.7 58239.4 244 344 0)
(120132 107820 88547.4 400 500 0)
(120136 71563.5 -59533 592 692 1)
(120145 5163.7 -30250.9 472 572 1)
(120147 110815 -107854 438 538 1)
(120152 -85458.2 -8165.17 212 312 1)
(120161 122733 37092.3 102 202 1)
(120179 -55268.2 140644 109 209 1)
(120182 -44198.7 96444.3 293 393 1)
(120192 89617.4 -129894 235 335 0)
(120199 -21019.5 -73522.6 178 278 3)
(120206 -57294.8 10884.4 408 508 0)
(120208 -2028.77 100275 66 166 1)
(120215 25206.4 140921 379 479 3)
(120217 25229.3 64267 300 400 1)
(120225 10089 -28266 1 96 0)
(120233 -120656 -11170.5 222 322 1)
(120239 -97524.3 35154.6 215 315 1)
(120241 19159.3 148761 232 332 3)
(120254 -78423.8 15028.3 356 456 1)
(120260 -83535.5 54147.8 192 292 1)
(120262 -52333.1 -21246.2 30 130 1)
(120269 41323.7 -121881 308 408 1)
(120284 96921.8 72572.4 366 466 0)
(120292 47558.8 -135027 190 290 1)
(120293 19293.8 -29369.5 450 550 3)
(120297 -22155.8 69315.8 357 457 1)
(120300 78937.8 -73948.9 36 136 1)
(120314 15162.5 -15198.6 154 254 3)
(120317 8277.51 83553.5 384 484 3)
(120325 -1937.35 -105773 241 341 1)
(120331 17226.5 -16278 298 398 1)
(120333 -30037.7 -63127.4 215 315 1)
(120353 -80489.1 -47357.4 522 622 0)
(120354 121827 -77423.3 114 214 3)
(120356 -18079 4896.25 356 456 3)
(120375 -27992.4 -42397.8 82 182 1)
(120377 3108.33 16966.1 561 661 1)
(120389 101724 21039.4 445 545 3)
(120391 -44233.9 -41415.6 246 346 0)
(120392 -22127.4 -47481.5 472 572 1)
(120410 -44984.5 147079 364 464 1)
(120413 83677.7 20027.8 532 632 1)
(120414 104740 -112029 194 294 1)
(120416 95575.9 -43340.7 88 188 1)
(120420 60372.4 -68453.7 37 137 3)
(120436 55400.9 61276.9 194 294 3)
(120451 18202.3 -84686.6 293 393 3)
(120454 -84472.3 96451.2 187 287 1)
(120458 109000 -11421.1 420 520 1)
(120460 52402.3 -86613.2 415 515 0)
(120463 -111711 -141026 491 591 3)
(120465 53516.6 -144151 558 658 1)
(120471 -33172.6 15971 540 640 0)
(120489 71532.7 42153.1 382 482 1)
(120494 88586.7 -17270.7 436 536 1)
(120496 71731.5 -67472.6 232 332 1)
(120504 -44207 52097.7 464 564 1)
(120524 -8028.99 -50412.1 240 340 0)
(120537 51362.5 124748 612 712 3)
(120549 -121819 -91720.7 371 471 1)
(120550 58268.2 7945.09 81 181 1)
(120556 2175.57 -104835 511 611 1)
(120558 49213.2 64281.6 35 135 0)
(120559 26111.5 30921.4 453 553 1)
(120560 -64322 16044.1 81 181 0)
(120565 -18019.1 22932.6 351 451 3)
(120569 -7006.81 55202.9 223 323 3)
(120570 2049.78 -17245.1 317 417 1)
(120574 100608 -15361.2 284 384 1)
(120577 110666 9970.01 237 337 3)
(120581 -78454.2 -15246.4 471 571 1)
(120583 -12949.7 -1118.96 380 480 0)
(120590 -48256.7 876.175 161 261 1)
(120593 11086.3 41088.3 259 359 1)
(120600 16210.2 -131985 310 410 0)
(120604 -76694.7 -9271.76 621 721 1)
(120613 -45367.3 -63871.5 544 644 1)
(120626 -108677 139764 462 562 1)
(120629 -81400 -20230.3 43 143 1)
(120639 67477.9 5889.86 270 370 1)
(120643 98700.1 -104645 59 159 1)
(120645 -41166.7 -92916.4 513 613 1)
(120646 -113003 -112949 267 367 3)
(120659 73486.6 -126832 94 194 3)
(120664 -70458.4 -88629 193 293 1)
(120667 17136.5 -118979 411 511 1)
(120677 1962.78 -72622.9 495 595 1)
(120687 114759 71300.2 291 391 3)
(120691 41299.5 -97711.6 252 352 1)
(120694 94628.3 -86770.5 297 397 3)
(120699 -49236.2 -88714.8 387 487 3)
(120708 45323.8 -100694 134 234 1)
(120721 -110789 -119100 527 627 1)
(120722 84470.2 114505 30 130 1)
(120724 -9908.78 -5232.22 554 654 1)
(120734 37777.8 -81097.1 127 227 1)
(120737 124806 -86684.9 291 391 3)
(120738 -32144 -5163.98 281 381 1)
(120741 -97545.5 -53447.2 349 449 1)
(120743 113169 26036.8 194 294 1)
(120748 45410.5 -50460.3 457 557 1)
(120751 -14089.8 95596.6 354 454 0)
(120756 -78452.8 -45380.9 456 556 3)
(120775 -100597 27020.1 196 296 1)
(120781 2207.4 41144.2 63 163 1)
(120788 89531.9 -83701.3 563 663 1)
(120795 41320.3 143754 86 186 1)
(120799 16171.5 19023.7 566 666 1)
(120808 -85372.2 43099.5 32 132 0)
(120809 -47327.2 -18262.6 605 705 0)
(120814 -33175.1 46170.6 475 575 3)
(120830 -37178.1 -139145 457 557 0)
(120845 -39139.6 -94622.6 183 283 1)
(120847 -87495.5 114492 152 252 1)
(120848 -56267.9 -109755 187 287 1)
(120853 31439.3 13980 451 551 0)
(120854 -30933.1 -113845 46 146 3)
(120856 109731 -141043 343 443 1)
(120857 -94606.1 -51593.7 394 494 1)
(120859 -92607.2 -81563.9 492 592 1)
(120860 -76384.4 -104781 176 276 0)
(120861 -123694 53197.9 244 344 1)
(120863 12337 -9194.07 401 501 1)
(120864 -1824.23 -135792 405 505 0)
(120868 72468.9 -97833.8 117 217 3)
(120875 32254.5 31056.2 167 267 1)
(120881 -62048.2 -41419.3 32 132 0)
(120885 84485.6 -40298.1 177 277 1)
(120886 -92649 -79683.3 584 684 0)
(120895 -116697 34064.3 470 570 0)
(120901 -53335.4 -46479.4 615 715 3)
(120907 -118650 -39373 273 373 1)
(120912 -33132.6 -50454.3 303 403 3)
(120913 -69346.4 -30370.1 430 530 3)
(120917 -117503 147636 112 212 1)
(120918 62535.5 -88763.9 571 671 1)
(120924 61530.6 102608 589 689 1)
(120928 -77375.8 26052.1 32 132 1)
(120930 81611.6 -6219.18 518 618 1)
(120937 -53383.9 -103848 495 595 0)
(120945 26424.5 64123.3 338 438 1)
(120947 -28137.8 -63513.4 225 325 0)
(120955 57478.6 -60572.9 592 692 0)
(120961 43306.2 3885.16 237 337 1)
(120969 51370.6 81368.3 336 436 1)
(120980 -2916.33 -100864 454 554 1)
(120984 73491.7 -12277.2 493 593 3)
(120985 100466 97267.2 260 360 1)
(120990 117736 29037.7 186 286 0)
(120993 51359.7 -108716 217 317 1)
