(88009 120658 -110681 36 136 0)
(88014 11189.7 130657 384 484 3)
(88022 59457.1 148915 515 615 1)
(88029 -36144.9 -136935 167 267 1)
(88034 -49262.3 109612 123 223 0)
(88039 -91524.9 23259.4 19 119 1)
(88042 1984.59 -32300.8 257 357 0)
(88043 -1954.14 -54494.6 209 309 0)
(88046 93773.5 74383.7 602 702 3)
(88061 29231.3 -32220.9 11 111 1)
(88069 -5052.41 31079.7 594 694 0)
(88071 30270.3 49232.5 540 640 1)
(88077 52338.7 108541 206 306 1)
(88078 -48248.7 -78658.9 475 575 1)
(88080 46394.9 46173 593 693 1)
(88086 -33308.4 53275.6 395 495 3)
(88101 -51311.2 -117803 101 201 0)
(88106 61412.1 117418 386 486 1)
(88108 50481.8 78379.6 477 577 1)
(88111 -11011 -78565.9 131 231 1)
(88113 14132.6 -36315.8 33 133 1)
(88115 27218 73302.3 177 277 3)
(88121 5995.24 -11862.4 621 721 1)
(88122 -53183.5 13032.6 345 445 0)
(88123 48313.4 -133871 105 205 0)
(88137 58449.1 1871.55 427 527 1)
(88138 -98491.8 -80587.1 1 94 3)
(88159 69625.7 26336.1 327 427 3)
(88163 112837 -5181.47 562 662 1)
(88174 3105.73 -144115 401 501 1)
(88178 -20066.6 107628 406 506 0)
(88181 -100591 -2151.05 410 510 1)
(88182 43315.3 -108831 434 534 3)
(88187 20168.7 -128816 58 158 1)
(88202 66359.1 88064.6 609 709 3)
(88211 40274.8 -87579.3 3 103 1)
(88214 -25986.6 149612 1 95 3)
(88216 5323.31 -31338.4 396 496 1)
(88220 -51263.1 -72584.3 276 376 1)
(88224 25312.4 -105705 224 324 0)
(88238 -96784.2 -93821 271 371 1)
(88244 -17009.6 -94602.4 15 115 3)
(88248 31323.3 -108860 536 636 1)
(88255 -5808.39 -140816 21 121 1)
(88258 70454.3 28061.6 238 338 3)
(88259 30252.6 44157.4 291 391 3)
(88264 72452.8 67293.8 226 326 1)
(88268 20203.6 -85554 58 158 1)
(88270 -71483.7 85492.9 565 665 1)
(88276 44287.6 -72473.6 1 95 1)
(88278 -118935 -123049 626 726 1)
(88299 13221 -44843.8 358 458 3)
(88303 -51229.5 -146894 17 117 1)
(88305 -3981.47 79593.2 436 536 3)
(88307 62445.5 132648 145 245 1)
(88308 19210.1 -35417 313 413 0)
(88310 46404.9 17993.8 437 537 1)
(88315 -943.985 69258.3 343 443 0)
(88331 82463.1 143778 181 281 1)
(88338 81454.8 58169 19 119 1)
(88345 62469.9 -25287.9 238 338 1)
(88352 -55180.1 10046 236 336 1)
(88353 -88579.2 24112.4 552 652 3)
(88356 3100.09 92407.7 210 310 1)
(88365 -30006.3 77446.9 482 582 0)
(88367 66457.6 54169.8 13 113 1)
(88368 71340.1 99022.5 551 651 1)
(88372 37294.1 -82580.8 111 211 0)
(88377 36304.6 -4173.12 478 578 3)
(88397 65460.6 -122871 282 382 0)
(88405 3161.12 120504 84 184 1)
(88410 7027.49 -85748.8 518 618 3)
(88427 59349.7 70305.6 108 208 0)
(88431 12184.9 -7216.43 249 349 1)
(88432 93762.6 37956.8 571 671 3)
(88435 -79497.6 83446.4 414 514 1)
(88450 -49310.4 55263.6 123 223 1)
(88456 -105811 133889 591 691 1)
(88463 -97600.9 -90779.9 507 607 3)
(88465 15180.1 21037.6 511 611 1)
(88466 -36193.8 -140180 539 639 3)
(88468 -13213.9 -22245 326 426 1)
(88478 -57318.6 62286.1 627 727 0)
(88485 23226.1 -137104 566 666 1)
(88488 -73439.7 -141033 429 529 1)
(88491 51232.6 -30151.9 168 268 1)
(88492 -121836 -103875 626 726 3)
(88499 -57208.3 -46403.7 75 175 0)
(88501 -20044.1 -81680.4 417 517 1)
(88503 -59331.5 70373.1 300 400 3)
(88505 -92680.5 -21257.5 174 274 3)
(88508 -26177.9 -103916 616 716 1)
(88517 -59348.4 -4165.01 530 630 1)
(88522 -2269.09 -121670 77 177 1)
(88524 -79395.1 18006.7 67 167 1)
(88530 -61417.7 -130819 115 215 1)
(88531 -75440.1 74405.5 495 595 1)
(88532 70345 75540.8 328 428 0)
(88535 -109633 -37522.6 610 710 1)
(88537 -26049.1 -62535.3 351 451 1)
(88539 44074 21487.4 170 270 1)
(88541 80774.3 147749 355 455 0)
(88554 50343.4 53253 471 571 1)
(88555 -85628.9 130630 201 301 0)
(88556 -27996.2 2949.77 561 661 0)
(88559 -33172.7 12934.8 588 688 1)
(88569 -71405.2 37099.2 375 475 1)
(88573 43327.6 -104807 257 357 3)
(88574 3169.47 -72647.6 602 702 0)
(88579 106841 -80739.2 589 689 1)
(88583 75570.7 2808.77 589 689 1)
(88588 30764.4 -97579.8 278 378 1)
(88596 19186.5 -130874 201 301 1)
(88600 112434 -93004.6 403 503 1)
(88616 -97544.1 124663 345 445 1)
(88625 60473.3 26017.8 530 630 -1)
(88635 -17053.9 148850 498 598 1)
(88641 42288.4 -16356.9 574 674 1)
(88645 -67419.8 -138026 515 615 1)
(88646 78583.2 -118831 382 482 0)
(88649 -70375.1 85367.1 177 277 3)
(88661 10130.7 141816 472 572 1)
(88665 57354.6 -120810 196 296 1)
(88666 -13000.9 -79582.1 1 93 3)
(88669 94731.3 -115966 612 712 1)
(88678 -88586.5 115732 474 574 1)
(88687 -76433.4 -43279.2 266 366 1)
(88693 -114940 -2153.82 269 369 1)
(88694 44340.3 -72699.9 610 710 1)
(88700 -52304.6 -80720.3 597 697 1)
(88707 120701 47141.9 24 124 3)
(88710 96627 -132054 408 508 1)
(88712 -75391.5 30019.3 294 394 1)
(88735 -18706.5 -57737.2 487 587 1)
(88741 15039.6 -19260.8 489 589 3)
(88745 69400.4 66270.4 156 256 1)
(88748 -80645.3 -10297 454 554 0)
(88749 94656.6 27076.7 248 348 1)
(88757 -73356.8 -129987 391 491 0)
(88772 5106.32 19997.2 554 654 3)
(88781 -86597.2 -96818.2 622 722 1)
(88784 96739.2 -114861 558 658 1)
(88788 -42285.2 -13201.8 578 678 3)
(88792 -10182.5 -55574.7 498 598 3)
(88802 29275 -47457.5 351 451 1)
(88803 -61274.2 29051.9 20 120 3)
(88811 -31109.4 -72681 607 707 1)
(88818 -65227.6 31354.2 309 409 3)
(88819 56664.3 -99995.1 585 685 0)
(88820 -23932.2 129846 434 534 3)
(88830 104843 -103690 257 357 1)
(88831 -63320.6 102517 157 257 1)
(88838 1037.89 93406.3 41 141 3)
(88841 55324.8 9902.32 110 210 1)
(88844 6109.63 9922.14 299 399 1)
(88851 30210.3 -20274.1 282 382 0)
(88852 47373.4 53248.7 53 153 3)
(88855 -42163.9 -55510 331 431 0)
(88858 -53203.6 77268.1 25 125 0)
(88863 -19915.6 106404 56 156 1)
(88864 -107643 76358.9 603 703 1)
(88865 -106539 86623.2 430 530 1)
(88879 95597.9 -72477.1 37 137 1)
(88902 48382.8 -32350.5 459 559 1)
(88906 -24031.5 -139974 386 486 3)
(88907 95757.9 -6294.53 500 600 1)
(88909 -2954.3 -21242.4 271 371 1)
(88911 120680 -26294.1 204 304 1)
(88914 -45185 28021.4 100 200 1)
(88924 -95608.1 62445.7 149 249 0)
(88930 -42065.6 123865 379 479 1)
(88949 -81481.9 -34378.2 562 662 1)
(88963 69504.6 -123855 526 626 1)
(88964 7101.99 29037.4 267 367 1)
(88970 83674.7 74426 564 664 1)
(88981 91638.4 -132966 312 412 3)
(88984 12220 129639 107 207 0)
(88986 -58414 111809 178 278 3)
(88989 19173.4 -36370.2 168 268 1)
(88991 13145.5 114568 319 419 1)
(88996 -79362.6 117518 62 162 1)
