(109005 5172.74 -34337.8 616 716 1)
(109008 59392.2 -51284.7 209 309 3)
(109009 -68282.4 68320.1 15 115 1)
(109022 39391.3 96433.3 72 172 1)
(109025 30219.8 68438 624 724 0)
(109026 88788.2 -10039.8 456 556 1)
(109030 -34201.9 -131053 519 619 1)
(109031 23229.3 26056.5 298 398 3)
(109051 -2234.37 22924.4 372 472 0)
(109065 -32721 -33452.8 59 159 3)
(109066 -92504.9 129726 422 522 1)
(109068 114638 6922.24 171 271 0)
(109080 31276.3 83609.9 501 601 0)
(109081 -88500.9 85473.9 372 472 1)
(109084 34314.2 -83675.2 330 430 3)
(109093 -25105.5 -71641.5 577 677 1)
(109096 -28105 -13174.8 52 152 1)
(109115 78540.3 32182 309 409 3)
(109119 31224.4 4839.24 104 204 1)
(109123 -27116.9 -43396.6 106 206 0)
(109125 -3936.99 20008.5 272 372 1)
(109128 122701 120560 6 106 3)
(109143 -32149.5 -25222.4 208 308 1)
(109147 -60343.8 -137044 434 534 1)
(109154 -2954.35 42129.6 95 195 1)
(109159 -13020.4 4886.75 512 612 1)
(109161 47344.1 131642 214 314 3)
(109162 21282.5 -76582.8 450 550 1)
(109163 51380.2 -142952 170 270 1)
(109165 86729 80586.3 544 644 0)
(109166 38240.8 42093.1 35 135 1)
(109168 95602.7 -86591.8 49 149 1)
(109169 -47231.1 94502.8 589 689 3)
(109172 102834 148832 84 184 3)
(109177 -4913.25 -83803.1 500 600 3)
(109190 116895 -69579.3 360 460 1)
(109194 -6978.18 -68548.9 340 440 0)
(109207 -95562.2 34103.2 292 392 1)
(109222 -59442.1 -95820.2 588 688 1)
(109225 123751 -124768 112 212 0)
(109227 -14992.6 -26345.1 591 691 1)
(109240 -115569 -85635.4 146 246 0)
(109241 -110725 -94828.5 474 574 0)
(109244 -88347.4 54262.2 54 154 1)
(109254 -119576 24013.8 51 151 1)
(109256 -38245.7 -125005 572 672 1)
(109259 47296.5 111471 1 93 3)
(109262 101592 -111708 40 140 1)
(109266 -55289.3 122655 326 426 1)
(109278 109851 -24323.7 571 671 1)
(109280 59517.1 10886.2 364 464 1)
(109297 65414.5 -46274.6 41 141 3)
(109299 -47252.4 -144120 518 618 3)
(109301 -40145.7 9756.35 181 281 3)
(109302 -68306.4 -24256.1 21 121 1)
(109308 -109665 -134974 505 605 1)
(109309 84558.7 -58331.8 415 515 1)
(109313 53337.1 -131846 101 201 3)
(109318 -113688 -62517.8 376 476 1)
(109321 5121.08 -140124 460 560 3)
(109324 -22120.1 -67463.4 160 260 0)
(109327 -6938.11 -104682 110 210 3)
(109341 61493.7 31169.2 472 572 1)
(109342 79541.7 -42382.8 158 258 1)
(109346 11107.6 2876.57 375 475 1)
(109348 42281.2 -96671.2 93 193 1)
(109350 -119767 -115911 561 661 1)
(109358 -22148.6 105525 294 394 0)
(109366 101850 131833 617 717 3)
(109367 75578.8 -114935 429 529 1)
(109368 35249.2 -9039.54 581 681 3)
(109377 64408.8 -23427.5 149 249 1)
(109379 13144.2 -94814.5 614 714 0)
(109399 -89512.1 63300 464 564 1)
(109400 -73424.1 113644 481 581 1)
(109411 23299.4 40187.9 599 699 1)
(109416 -45320.7 -51413.3 501 601 1)
(109418 -12016 -56470.1 209 309 1)
(109421 18186.3 24048 438 538 1)
(109429 -48237.7 -65550.6 317 417 1)
(109435 27161.7 82342 1 97 3)
(109448 -26114.5 -45465.8 603 703 1)
(109453 -35290.2 -24397.9 412 512 1)
(109469 16116.4 97608.3 282 382 1)
(109489 -77449.5 -48527.5 530 630 1)
(109490 -104641 -39428.6 542 642 1)
(109502 70466.7 -125899 254 354 1)
(109503 100802 -84817.3 591 691 1)
(109511 59485.1 -91911.6 475 575 1)
(109515 109838 97390.2 355 455 1)
(109521 100554 92382.9 5 105 3)
(109525 114615 -57451.4 138 238 1)
(109529 -102574 106553 295 395 1)
(109530 20158.8 -42339 22 122 1)
(109534 50356.4 -133922 239 339 1)
(109544 -124846 -82747.7 528 628 0)
(109551 -70322.4 13958 11 111 1)
(109552 90637.6 35018.7 327 427 1)
(109555 8142.58 -116966 484 584 1)
(109568 13164 86439.3 348 448 1)
(109569 79494.9 62255.4 188 288 3)
(109578 23136.3 -114849 135 235 3)
(109579 -5961.84 -22268.7 276 376 1)
(109590 -35082.7 141794 325 425 1)
(109608 20340.7 78341.6 567 667 0)
(109615 5213.25 121722 536 636 0)
(109617 -76488.6 101511 569 669 1)
(109620 -103527 93257 216 316 3)
(109626 92659.7 -57490.7 43 143 1)
(109630 50345.1 53189.6 156 256 1)
(109638 -28148.5 -87773.3 573 673 1)
(109648 69404 26065.1 286 386 1)
(109649 117920 -129062 553 653 1)
(109650 -10932.3 -20315.9 463 563 3)
(109651 70445.9 51175.4 53 153 1)
(109659 12131 -26287.5 459 559 1)
(109664 -115777 -62535.1 524 624 0)
(109668 -26232.9 -83742.6 496 596 0)
(109672 30239.4 28080.1 75 175 1)
(109688 55460 -135142 593 693 1)
(109689 -55358 -145216 436 536 1)
(109693 -103471 -62393 80 180 3)
(109694 80636 -15233.4 527 627 0)
(109708 -28110.3 -7128.18 8 108 1)
(109713 -71409.5 -37381.1 502 602 3)
(109718 -94410.3 -37345.5 410 510 0)
(109725 -86626.5 -55363.2 415 515 1)
(109727 43312.4 -71562.5 197 297 1)
(109736 18205.9 84365.7 189 289 0)
(109742 -31167.7 -5222.46 471 571 3)
(109743 -12000.6 94538.6 486 586 1)
(109745 -46305.9 100629 576 676 3)
(109764 -70474.4 34077.5 411 511 1)
(109769 58229.4 77389 36 136 3)
(109780 -55320.1 -34378.4 540 640 3)
(109787 11121.6 -54426.3 314 414 1)
(109793 -58367.1 -42380 336 436 1)
(109795 48393.4 1850.69 442 542 1)
(109801 -123147 -80657.6 385 485 0)
(109805 -10032.7 31069.9 607 707 1)
(109832 -24106.3 102525 310 410 1)
(109833 -45212 -46394.5 222 322 1)
(109837 2106.28 -121936 488 588 1)
(109838 -41149.5 -75666.7 351 451 1)
(109839 -74226.6 -45371.5 166 266 3)
(109841 -94626.5 -100014 559 659 1)
(109850 16217.4 52238 443 543 3)
(109855 -39199.3 -139130 595 695 3)
(109860 11100.3 -4106.2 216 316 1)
(109861 68321.6 -112767 128 228 3)
(109862 -121768 -55435.2 252 352 0)
(109863 46429.4 -111556 142 242 1)
(109866 -41285.1 44189.7 571 671 3)
(109872 86521.1 -109699 138 238 0)
(109874 -51188.2 -33288.6 222 322 1)
(109883 33158 -15199.3 214 314 1)
(109890 -89389.3 -25340.7 249 349 3)
(109893 1109.97 -62807.8 91 191 1)
(109911 -15022.5 -42336.8 30 130 1)
(109921 -100581 -141269 325 425 0)
(109929 -9894.01 -31315.5 402 502 1)
(109934 118744 -35363.8 235 335 1)
(109939 -60596.3 88833.7 347 447 1)
(109940 -72408.7 -58502.4 277 377 1)
(109941 -75392.8 60261.4 368 468 1)
(109944 -19002.2 -27249.5 520 620 1)
(109954 -13206 -135271 499 599 0)
(109969 38286.3 -98576.2 48 148 1)
(109972 65.1944 73295.6 124 224 1)
(109977 28187.6 -23315.3 277 377 1)
(109979 -114567 -101725 237 337 1)
(109980 35163.5 142758 408 508 3)
(109984 -106647 -138078 454 554 3)
(109997 94596.5 -109749 47 147 1)
