(20000 -54371.3 70399.7 489 589 1)
(20005 -80478.3 -13921.9 421 521 1)
(20006 -29218.5 -25737.3 167 267 1)
(20009 38337.7 -77703.6 624 724 1)
(20010 18147.3 -58338.3 1 101 0)
(20016 -98516.5 -142893 6 106 1)
(20029 61384.8 -125784 58 158 1)
(20031 -118745 -138093 519 619 3)
(20035 -39233.8 -114954 584 684 3)
(20054 -26125.1 68278.2 487 587 1)
(20058 -106676 -73601.2 330 430 1)
(20059 -9987.56 -66558.5 296 396 1)
(20075 -39312.3 -63486 348 448 1)
(20080 56420.4 -21245.4 151 251 1)
(20082 110507 135708 20 120 3)
(20084 29247.7 -76674.2 310 410 1)
(20087 -47238.7 109500 216 316 1)
(20107 -36183.2 26063.1 291 391 1)
(20116 68466.3 24035 158 258 1)
(20118 -48143.4 -101028 483 583 1)
(20128 48316.3 -135938 138 238 1)
(20138 -43101.6 82289.2 229 329 1)
(20143 48381.5 60272 367 467 1)
(20151 -9992.54 -94808.2 589 689 3)
(20155 -19284.9 -100850 10 110 3)
(20158 -111728 -117936 499 599 1)
(20169 -4906.97 -24286.8 313 413 0)
(20172 -108690 -12212.5 229 329 3)
(20174 70600 -22302.5 447 547 1)
(20176 -15042.8 21097 531 631 1)
(20186 43406.7 43166.8 561 661 1)
(20188 96820.2 -94796.6 432 532 0)
(20194 -58175.2 46007.6 128 228 1)
(20197 53404.5 -53400.3 385 485 3)
(20199 -108684 -49495.8 488 588 1)
(20213 -107656 -88723.1 481 581 1)
(20216 -10031.4 8863 377 477 1)
(20225 -61396.2 65324.1 376 476 1)
(20227 45345.7 -4170.28 423 523 3)
(20229 -5976.87 855.279 413 513 1)
(20239 -100537 65275.9 53 153 1)
(20242 66731.1 -30319.7 628 728 0)
(20244 119766 -35363.8 275 375 1)
(20249 36935.9 -65429.5 434 534 1)
(20250 -55279.8 -4160.96 223 323 1)
(20276 107647 59271.4 363 463 3)
(20282 -55284 63310.2 338 438 1)
(20284 53343 40107.1 66 166 1)
(20285 -51214.4 -72468.8 1 94 1)
(20289 -87417.3 96484.9 265 365 0)
(20290 -50018.6 19049.5 290 390 0)
(20299 -71301.7 -93678.7 116 216 3)
(20312 -19056.9 139623 94 194 3)
(20313 -4957.49 24055.1 223 323 3)
(20314 -15031.3 -90720.6 369 469 3)
(20322 54560.6 -45469.5 466 566 3)
(20326 61468 82837.9 261 361 1)
(20334 3094.3 -83744.5 553 653 3)
(20344 -106585 109533 304 404 3)
(20351 -86417.5 23089.2 367 467 1)
(20357 121880 -62559 460 560 3)
(20361 103711 49204.8 350 450 1)
(20363 -46252.9 -68656.5 624 724 1)
(20364 -28100 -145995 207 307 1)
(20365 -47339.6 101691 507 607 1)
(20367 -51221.5 -62451.4 262 362 0)
(20371 -25021.9 -13227.3 540 640 1)
(20372 -97506.2 -78567.6 48 148 0)
(20373 -21088.6 77472.5 431 531 0)
(20374 53487.9 -123010 388 488 3)
(20377 89676.3 -13139.4 404 504 1)
(20378 210.166 -55365.5 498 598 1)
(20395 52377.2 -118882 317 417 1)
(20398 67383.3 64280.4 109 209 3)
(20406 -54627 -56575.5 467 567 0)
(20407 80548.3 68257.4 49 149 1)
(20409 14189.7 -114936 389 489 3)
(20411 -93472.1 23034.1 105 205 3)
(20426 8085.19 -127123 534 634 1)
(20431 -33143.2 -25345.2 527 627 1)
(20438 45304.4 -27272.3 14 114 1)
(20440 -63280 -5087.72 239 339 0)
(20446 -12008.9 18979.6 504 604 0)
(20448 -52263.8 -58512.5 321 421 1)
(20462 -76521.7 -30438.4 568 668 3)
(20469 -51324.5 86508.6 539 639 1)
(20486 -12001.6 -55437.2 162 262 1)
(20488 32314.7 -155.618 537 637 3)
(20495 99716.3 -32322.9 390 490 1)
(20504 -4000.2 -29225.8 490 590 1)
(20522 -114597 110525 122 222 1)
(20534 20181.4 -118829 221 321 3)
(20541 -11003.1 -13297.5 309 409 1)
(20542 93718.6 31042.1 325 425 1)
(20544 29285.3 15973.7 575 675 0)
(20545 61487.4 -30304.2 403 503 1)
(20548 -27175.3 -117007 490 590 0)
(20550 15172 48193.2 568 668 1)
(20552 -33111.3 -144040 324 424 1)
(20561 -40205.9 -118902 441 541 1)
(20567 -51286.7 3890.08 422 522 0)
(20575 -29245.6 -91684.7 383 483 1)
(20576 96640.9 122616 223 323 1)
(20579 1078.67 -2137.85 390 490 1)
(20585 -111723 -116977 563 663 3)
(20611 80614.7 26056.8 627 727 1)
(20623 -123643 -22260.1 141 241 1)
(20625 21204.4 -100820 579 679 1)
(20630 -94553.4 -44489.6 411 511 1)
(20635 -48240.8 -102761 262 362 3)
(20636 51337.7 68280.5 332 432 1)
(20640 82679.9 -125927 423 523 3)
(20643 121920 61260.4 593 693 0)
(20651 -33245.9 125654 475 575 1)
(20663 -69337.2 -140320 421 521 0)
(20667 -64357.4 47177.1 442 542 1)
(20669 64764 -84575.5 375 475 3)
(20671 -31290.6 64234.2 340 440 1)
(20672 -14197.1 -120056 489 589 3)
(20675 -116635 -34299.4 52 152 3)
(20676 -74417 -30313.6 323 423 3)
(20677 -33155.1 -136943 199 299 1)
(20685 88591.7 -14184.4 162 262 1)
(20693 55407 75327.2 188 288 0)
(20700 28358.1 4861.86 523 623 1)
(20706 78495.4 -39367.7 117 217 1)
(20710 15349.8 -103755 172 272 3)
(20714 -43212.3 35173.3 411 511 0)
(20716 -45469.6 44207.3 541 641 1)
(20718 -36114.4 -118828 421 521 0)
(20727 -39165.1 -57408.9 23 123 1)
(20733 17297.9 69537.5 148 248 0)
(20734 -24961.3 67325.3 587 687 1)
(20736 47316 131618 127 227 1)
(20746 -27186.9 -88531.4 91 191 0)
(20748 72577.4 -91676.5 359 459 3)
(20756 -36167.1 124766 236 336 1)
(20759 59462.6 -121972 436 536 1)
(20767 4433.63 -52368.3 540 640 1)
(20769 -101521 -4201.28 129 229 1)
(20787 59443.5 70378.9 582 682 0)
(20799 -70325.7 -38394.7 236 336 1)
(20803 -29137.5 -15299 598 698 1)
(20817 -30048.8 36915.2 7 107 3)
(20820 -12000.6 60252.4 354 454 0)
(20822 123016 -134138 625 725 1)
(20824 18409.7 5774.16 503 603 0)
(20825 122826 111562 249 349 3)
(20826 -121707 -53420.6 165 265 1)
(20829 -37171.2 -112941 520 620 3)
(20842 -18039.9 -31333.5 544 644 1)
(20852 -92639.6 149794 175 275 3)
(20856 -19039.5 45271.9 335 435 1)
(20859 -72442.8 -51445.6 135 235 3)
(20860 -14977.6 119737 298 398 1)
(20864 -27156.3 -90713.3 499 599 3)
(20865 79394.1 99537 179 279 1)
(20867 47382.8 131693 293 393 1)
(20870 -67408.6 -140052 626 726 1)
(20871 86693.8 -54562.2 209 309 3)
(20878 114945 -75668.7 625 725 1)
(20879 -100570 131776 460 560 3)
(20899 -73419.6 29067.5 248 348 3)
(20900 -72544.9 -66589.2 403 503 1)
(20901 100678 -100829 343 443 1)
(20910 -2935.77 58202.2 198 298 1)
(20917 22266.8 12929.6 595 695 1)
(20922 80403.9 55252.8 59 159 1)
(20925 -45213.7 -31317.7 251 351 3)
(20933 -35126.2 125621 188 288 1)
(20941 -28177.1 -141116 160 260 3)
(20946 41421.8 -140205 624 724 1)
(20949 -70408.8 83417.9 337 437 3)
(20952 58499.8 -137804 27 127 1)
(20953 39249 77377.5 289 389 3)
(20960 -10160.6 -65554.2 584 684 3)
(20961 12231.5 6910.3 553 653 0)
(20966 86737.2 34833.5 364 464 1)
(20971 12965.4 32214.2 314 414 1)
(20972 79541 -110099 580 680 1)
(20983 -121577 -25272.5 50 150 1)
(20994 62500.1 70310.6 502 602 3)
(20998 -58315.7 64248.2 86 186 3)
