(133007 86662.1 -20445.5 168 268 1)
(133012 102705 92468.5 414 514 1)
(133021 43377.7 30053.6 148 248 1)
(133028 -35383.3 -126114 589 689 1)
(133045 -88517.1 -91781.9 587 687 3)
(133047 -61418.5 -96913.3 519 619 3)
(133058 1087.13 29126.6 347 447 1)
(133060 -107682 8883.51 534 634 1)
(133061 59482.2 24042 509 609 1)
(133065 -9916.33 116693 615 715 1)
(133068 119838 107549 355 455 1)
(133069 -17021.2 -122003 475 575 3)
(133072 13176.7 -131913 238 338 1)
(133075 -28165.7 37178.7 283 383 1)
(133081 -34080.8 72277.9 250 350 1)
(133085 -71444.9 -121904 267 367 0)
(133086 -41231 54195.6 224 324 1)
(133087 69347.5 67447.4 51 151 1)
(133088 -97596.8 -85651.4 374 474 0)
(133089 59376.1 -104677 70 170 3)
(133093 15689.3 86419 445 545 1)
(133098 117732 58160 89 189 3)
(133100 -43187.6 101495 280 380 3)
(133103 -57342.4 18288.3 406 506 1)
(133104 -947.268 -92606.3 26 126 1)
(133105 -38202.6 -141103 530 630 1)
(133106 45318.1 -44392 97 197 3)
(133112 -119783 25113 396 496 3)
(133119 119896 104566 559 659 1)
(133120 -13130 65257 329 429 3)
(133121 73622.5 -87665.9 388 488 0)
(133125 55388.1 66334.2 236 336 3)
(133155 64469.1 -116854 546 646 1)
(133165 49384.6 -1123.52 267 367 1)
(133167 76745.3 1034.92 276 376 1)
(133170 28291.8 -79669.6 387 487 1)
(133171 -16136.9 60275.8 215 315 0)
(133173 -84624 7896.53 488 588 3)
(133179 74518.5 28043 273 373 3)
(133181 -30156.5 64303.4 507 607 1)
(133188 52327.1 53273.4 98 198 1)
(133190 -58297 116556 222 322 1)
(133192 -119704 -113816 232 332 3)
(133205 64364.1 68305.8 61 161 1)
(133213 -10013.6 86469.1 236 336 1)
(133216 -20019.5 -20215.5 386 486 0)
(133217 79491.4 -84597.2 162 262 1)
(133218 -70424.8 134534 41 141 1)
(133223 -10159.5 16951.8 50 150 0)
(133225 56549.1 24077.9 414 514 3)
(133230 -21079.2 17021.9 425 525 3)
(133237 3215.98 14970.6 481 581 1)
(133241 62442.7 -132049 10 110 3)
(133243 98644.7 888.426 230 330 1)
(133245 -7921.42 -89637.3 226 326 1)
(133252 -90662.4 -58583.7 471 571 1)
(133253 -50275.3 50216.6 613 713 1)
(133259 -85766.4 -130798 281 381 1)
(133267 31115.5 -145876 8 108 1)
(133276 115895 -70626.3 550 650 3)
(133282 95572.2 -75532.7 165 265 1)
(133305 17152.2 -78755.6 511 611 0)
(133308 -43169.8 -122764 5 105 3)
(133309 -3969.73 95483.3 373 473 1)
(133319 -12503.7 -37988.1 499 599 1)
(133320 79486.1 -135122 469 569 1)
(133321 14056.7 -140926 18 118 1)
(133323 84537.2 -94657.7 67 167 1)
(133325 -54296.6 7901.88 237 337 1)
(133329 -110694 -91553.5 223 323 1)
(133336 -15019.9 -50409.3 351 451 1)
(133361 86409.7 -102895 472 572 1)
(133367 -54214 2932.29 56 156 1)
(133369 -33170.2 -97719.2 239 339 1)
(133371 12016 86465.1 501 601 1)
(133373 -122729 16983.9 416 516 1)
(133379 99725.5 46151.3 408 508 1)
(133380 49493.2 -124870 335 435 0)
(133387 -70303.3 66173.3 625 725 1)
(133396 60553.9 54246.7 540 640 0)
(133402 6072.97 -15231.4 318 418 1)
(133410 -107656 -145120 488 588 1)
(133418 97762.8 124692 628 728 3)
(133419 6088.95 -76610.9 304 404 1)
(133420 -80448.2 -73623.2 275 375 1)
(133423 -78434 -89744.3 147 247 1)
(133424 118686 -84610.8 187 287 1)
(133426 25243.2 -103727 244 344 0)
(133441 -30974.6 -3203.06 237 337 1)
(133454 63429.5 25025.3 37 137 1)
(133460 58.8386 -67600.4 531 631 1)
(133471 -17032.5 -61524.6 304 404 1)
(133475 -47247.3 105683 538 638 3)
(133476 31278 69279.8 383 483 0)
(133480 -38099.3 -97594.7 102 202 1)
(133485 22257.6 48163.9 411 511 1)
(133492 39312.7 63388.5 378 478 3)
(133494 -87244.2 60669.9 318 418 1)
(133496 -5047.41 15828 583 683 0)
(133499 -111533 -77681.4 204 304 1)
(133500 -86429.2 -42432.7 126 226 1)
(133501 -37079.9 -121215 511 611 1)
(133506 -37175.2 133730 456 556 3)
(133513 -12044.8 -101794 392 492 1)
(133515 116971 -98835.8 469 569 0)
(133523 -97683.7 132860 452 552 1)
(133543 -52197 47138.4 113 213 0)
(133548 -21014.8 -92775.5 528 628 3)
(133550 -45151 149680 61 161 0)
(133555 75630.1 -84709.2 608 708 0)
(133560 -91464.6 -8135.52 429 529 1)
(133566 107805 10014.8 367 467 1)
(133569 97605.1 -100854 251 351 0)
(133574 -58371 -114880 493 593 1)
(133578 -91542.3 -120770 168 268 1)
(133583 -21079.4 -144160 574 674 3)
(133586 124108 -54573.1 517 617 1)
(133590 -46299.3 75538.4 473 573 3)
(133594 -47255.5 63303.4 606 706 1)
(133597 -68351.2 -99689.3 138 238 3)
(133604 87617.3 116681 532 632 1)
(133617 19232 25964.2 570 670 0)
(133618 -90672 -73744 538 638 1)
(133627 -59342.2 -28333.9 541 641 0)
(133634 51573 -18642.7 587 687 1)
(133637 -83498.7 -46438.3 247 347 0)
(133647 75523.7 24097.1 57 157 3)
(133655 -79411.8 55195.7 210 310 3)
(133658 26480.5 -42410.5 589 689 0)
(133680 70478.4 78357.9 143 243 1)
(133681 10060 66365.4 164 264 1)
(133688 -60052.7 46241.2 331 431 1)
(133695 -23090.5 17997 452 552 3)
(133697 -12050.4 61.968 145 245 1)
(133699 -11971.5 -5068.17 128 228 1)
(133708 -22045.7 -33218.8 1 97 3)
(133712 69505.9 -140996 492 592 0)
(133724 39276.8 120601 184 284 0)
(133726 19127.4 -8088.7 139 239 1)
(133727 -61303 -142948 1 97 3)
(133728 -62399.8 -81615.7 283 383 1)
(133730 -75300.2 -104700 28 128 3)
(133739 91162 114559 547 647 1)
(133749 -155.959 104483 78 178 1)
(133750 -7956.02 99638.8 575 675 1)
(133760 -27071 43136.7 130 230 3)
(133781 76587.5 -109932 414 514 1)
(133784 -40226.4 95549.7 560 660 1)
(133785 8081.97 -114772 142 242 1)
(133787 20229.8 64171.3 470 570 1)
(133798 18165.1 -69533.2 224 324 1)
(133803 13249.1 -116818 344 444 1)
(133806 -58247.7 -83769.5 487 587 1)
(133807 124775 107504 174 274 1)
(133815 96724.3 -33346.8 550 650 0)
(133817 82632.8 16014.2 390 490 1)
(133819 -110664 14930.6 450 550 1)
(133821 -51239.9 -47387.8 185 285 1)
(133827 -69376.3 -110761 132 232 0)
(133831 -124561 -18280.1 108 208 1)
(133832 26167.7 -96648 56 156 1)
(133837 -74348.4 -77523 45 145 0)
(133843 18208.9 32048.9 322 422 1)
(133844 -118754 -77728.3 593 693 1)
(133851 -73412.3 -148999 212 312 3)
(133855 -121690 94451.8 272 372 3)
(133856 -27781.2 -53408.4 117 217 0)
(133864 57451.7 -73568 399 499 3)
(133873 -32145.1 16123.6 280 380 0)
(133884 33215 32007.6 282 382 1)
(133894 17198.4 -64454 281 381 1)
(133896 -37180.2 -43422.4 215 315 1)
(133900 43305.5 128783 211 311 0)
(133903 72486.4 -107784 242 342 1)
(133921 44961.5 128952 558 658 1)
(133924 -20072.5 -26264.3 131 231 1)
(133931 18123.3 925.033 47 147 1)
(133934 -19061.6 36110.3 194 294 1)
(133936 -73468.5 -71784.8 576 676 1)
(133937 -66366.7 136829 580 680 3)
(133938 -108694 110570 497 597 1)
(133945 25351.9 36004.5 381 481 3)
(133958 66549.6 -123898 431 531 1)
(133963 46147.5 141930 535 635 1)
(133966 26179.2 49293.4 423 523 3)
(133968 -45093.9 29460.2 30 130 1)
(133973 19149.5 127586 1 97 1)
(133977 -38189.3 -31.8753 120 220 3)
(133979 68595.9 -59603.6 598 698 1)
(133986 -38244.2 26178.3 608 708 1)
