(2001 66436.6 -69511 155 255 3)
(2005 63309.5 -106967 624 724 1)
(2012 31208.3 -61545.5 413 513 1)
(2018 5201.76 -73707 629 729 0)
(2032 -98482 70243.5 86 186 1)
(2037 11163.9 18009.3 569 669 1)
(2043 58396.3 85358.8 32 132 1)
(2045 26241 93513.9 459 559 1)
(2046 57379.4 -8198.72 84 184 1)
(2047 -13086.8 -4122.32 89 189 3)
(2048 -114559 -138870 61 161 1)
(2049 -55440.2 -111227 623 723 1)
(2061 16203.1 96493.1 171 271 3)
(2077 117141 -137157 423 523 0)
(2080 114670 114515 197 297 1)
(2099 -34186.2 -19276.3 439 539 3)
(2100 7099.24 -53525.6 462 562 3)
(2102 -54361.5 103536 447 547 1)
(2104 77476.7 144786 210 310 1)
(2107 34180.7 -93602.6 69 169 1)
(2110 90556.8 -95710.1 161 261 1)
(2115 28293.3 74376.7 294 394 1)
(2116 -105545 31184.7 167 267 1)
(2128 42242.7 6915.58 605 705 1)
(2133 16210.2 77462.3 226 326 1)
(2137 -102590 -70550.5 291 391 1)
(2143 -30335.9 40063.5 121 221 1)
(2146 -102531 -53422.5 125 225 1)
(2166 -31280.4 -74227.2 480 580 0)
(2171 -85546.1 -71670.9 591 691 3)
(2172 18158.8 -97786.1 475 575 3)
(2177 -68371.7 -79612.4 296 396 1)
(2185 81423.8 -51526.2 120 220 1)
(2200 -75323.3 -1142.21 555 655 1)
(2201 28230.9 -140891 84 184 1)
(2203 107760 -38387.6 314 414 1)
(2207 60873.9 -95049 313 413 0)
(2217 -40235.6 -17254.9 621 721 1)
(2223 -18054.5 -57430.9 87 187 1)
(2228 66424.6 116715 222 322 3)
(2229 -38183.3 -83684.3 394 494 1)
(2236 96674.9 -114961 21 121 1)
(2241 -117663 -35343.1 309 409 1)
(2244 -5997.07 64308.1 367 467 3)
(2263 69508.5 -23273.8 450 550 1)
(2285 -22997.7 116577 305 405 1)
(2286 74623 87356 128 228 0)
(2289 37273.1 -41402.6 380 480 1)
(2291 27277 58183.1 322 422 0)
(2302 -26279.5 61254.2 190 290 3)
(2306 -28138.4 50192.8 479 579 1)
(2308 -29156.5 95343.9 21 121 3)
(2309 -37215.8 -58469.3 231 331 1)
(2311 109868 21049.2 577 677 1)
(2318 -26941.2 35166.1 183 283 1)
(2328 22207.8 -20279.9 510 610 1)
(2337 -10008.7 122629 274 374 3)
(2345 -109589 56227 175 275 0)
(2350 123769 61299.3 214 314 1)
(2351 85630.9 -82646.1 384 484 1)
(2352 101707 -32444.7 553 653 3)
(2353 33477.3 107670 448 548 1)
(2370 -105666 88506.2 523 623 1)
(2376 -120664 -98667 257 357 3)
(2379 46138.1 5653.68 583 683 1)
(2383 -100507 67064 177 277 1)
(2402 -929.974 22027.4 19 119 1)
(2410 79727.9 -40354.9 456 556 3)
(2433 -33178 -82549.2 90 190 3)
(2466 123150 -84770.3 483 583 0)
(2470 49480.7 91566.5 609 709 1)
(2471 -89524.3 -55407.8 255 355 0)
(2473 -124854 -128041 626 726 1)
(2475 34230.5 -43971.2 502 602 1)
(2477 14148.1 -124768 25 125 3)
(2479 -81522.6 -122019 582 682 0)
(2484 107611 -107660 309 409 1)
(2485 21293.5 74285.9 149 249 1)
(2486 69569.5 -111694 56 156 1)
(2497 -60286.9 10860.8 437 537 1)
(2503 48387.9 -36432.3 612 712 0)
(2504 55432.6 142829 581 681 1)
(2509 -25283.1 -38339.4 360 460 3)
(2518 -62296.6 -7158.81 124 224 1)
(2520 -121792 78455.3 568 668 0)
(2526 -35161.3 -132951 248 348 1)
(2538 -5878.1 -109212 379 479 0)
(2539 -123653 -68625.5 244 344 3)
(2546 23241.8 9960.77 302 402 1)
(2551 87519.1 -129886 42 142 1)
(2554 -57419 -142919 174 274 1)
(2555 -7997.5 101603 388 488 -1)
(2564 -97553.9 9925.09 405 505 1)
(2565 -85483 -120687 121 221 0)
(2567 -76497.3 48175.9 538 638 3)
(2568 -40195.3 119598 231 331 3)
(2572 -73533.6 -86734.3 589 689 1)
(2574 -936.552 105438 4 104 1)
(2578 -124787 91426 426 526 3)
(2594 -56284.7 116594 268 368 3)
(2596 120753 106092 367 467 0)
(2600 -81373.2 -83559.8 40 140 3)
(2612 -116666 -62658.1 516 616 3)
(2615 -76466 -93826.1 592 692 3)
(2617 -22994.8 126608 10 110 0)
(2619 -21105.9 -144073 409 509 1)
(2639 -39184.5 -140.547 129 229 1)
(2640 12129.9 66399.1 376 476 1)
(2654 83564.8 -55473.6 307 407 0)
(2656 55393.5 -4176.21 419 519 3)
(2664 106782 -69546 278 378 1)
(2667 49410.9 -23154.2 177 277 0)
(2684 24170.9 -16199.9 18 118 0)
(2698 -67375.9 -131011 414 514 1)
(2701 -50277.4 20043.3 285 385 3)
(2702 244.594 26659.2 452 552 1)
(2717 -99520.8 60305.1 287 387 1)
(2718 84495.3 5822.51 163 263 3)
(2719 38323.2 -98699.7 486 586 1)
(2732 23175.5 -146965 124 224 0)
(2733 34213.9 -19373.1 554 654 1)
(2738 -80318.6 -26191.9 265 365 1)
(2739 -3952.29 43156.5 344 444 3)
(2741 25252 109614 580 680 1)
(2745 -40125.3 -145945 5 105 1)
(2746 20153.2 74279.5 582 682 0)
(2750 -124577 71965.4 39 139 1)
(2754 83662 -118993 575 675 1)
(2760 -95387.2 -28541 419 519 1)
(2763 -12449.6 75484.5 448 548 0)
(2769 64483.3 -120966 273 373 3)
(2772 -3958 -76669 550 650 3)
(2792 -117675 -25286.3 323 423 1)
(2798 -70420.6 -17867.7 80 180 1)
(2810 -26133.6 72373.5 450 550 1)
(2820 -109002 88532.3 480 580 1)
(2827 -29103.4 35122.3 214 314 1)
(2828 7992.31 46167.6 606 706 0)
(2830 -10001.4 75344 139 239 3)
(2832 99607.5 -119780 190 290 1)
(2835 -73358.6 86451.3 625 725 1)
(2837 46339.5 146888 433 533 3)
(2838 109678 -125807 83 183 1)
(2842 -109721 96687.4 503 603 1)
(2844 -83718.4 58431 176 276 3)
(2852 123147 58339.3 600 700 0)
(2854 -85418.3 -37308 66 166 3)
(2860 -40132.9 87407.1 336 436 1)
(2866 6120.11 -51510.1 563 663 0)
(2869 -26132.2 -56422.9 31 131 1)
(2887 -117769 -46642.6 445 545 3)
(2889 -16267.5 20965.3 115 215 1)
(2891 -55330.3 -8187.28 596 696 1)
(2894 -43183.9 9890.08 214 314 1)
(2909 42400.2 -23291.3 352 452 1)
(2920 18207.4 26025.7 612 712 1)
(2922 -109830 -102009 488 588 1)
(2928 -8875.55 4844.6 390 490 1)
(2931 -74471.4 131700 327 427 1)
(2936 -91527.9 -141040 412 512 1)
(2938 22236.9 -78714.9 620 720 1)
(2939 -96577.5 -37422.4 241 341 1)
(2940 60473.3 119826 505 605 0)
(2943 93658.3 38101.6 339 439 1)
(2944 -41267.2 1852.18 328 428 0)
(2958 95630.1 -40544.1 181 281 3)
(2960 -123699 -87880.4 395 495 1)
(2961 122942 55504.6 438 538 3)
(2963 18156.8 -119948 206 306 0)
(2968 -88446.4 -94656 36 136 1)
(2973 15360.1 122985 186 286 0)
(2974 -51294 -12208.9 291 391 1)
(2979 44505 -65593.5 617 717 0)
(2994 -48323.2 63337.9 205 305 3)
(2995 108054 8779.23 448 548 1)
(2997 -1985.42 -15315.6 541 641 1)
(2999 48147 -91603.7 49 149 3)
