(66010 61416.5 -137075 246 346 1)
(66014 49354.6 -23254.6 157 257 1)
(66021 -12081.2 -56746.4 76 176 1)
(66023 -48204.3 -67543.5 491 591 0)
(66040 60444.9 -92770.4 458 558 3)
(66043 -67411.3 2971.66 325 425 0)
(66046 50283.3 27086.4 220 320 1)
(66050 -35095 -112706 219 319 3)
(66053 -111456 -10499.3 135 235 1)
(66055 95601.8 -142931 136 236 1)
(66064 -46342.9 105633 476 576 1)
(66069 68442.6 5916.34 128 228 3)
(66071 97698.8 -112895 333 433 1)
(66079 54420.3 72324.6 373 473 3)
(66083 -27750.9 102465 593 693 1)
(66089 -47291.9 -52394.5 176 276 3)
(66126 -92829.8 103556 374 474 0)
(66128 -78393.2 -116766 89 189 3)
(66136 22141.6 -114965 529 629 1)
(66140 67519.2 28919.6 144 244 1)
(66141 -50341.9 -99816.7 410 510 1)
(66148 35360.2 97546.4 528 628 1)
(66152 -69337.5 -8141 534 634 1)
(66154 28875.1 69867.4 451 551 3)
(66169 -21031.9 -35368 117 217 1)
(66175 40302.2 62174.1 449 549 3)
(66181 72639 74374.3 518 618 1)
(66183 110743 66359.3 403 503 1)
(66184 64472.8 -7181.5 355 455 1)
(66185 -81376.4 -5082.96 458 558 1)
(66187 -28184.4 -51273.8 143 243 1)
(66192 49677.2 -2827.72 167 267 1)
(66197 105568 -131913 158 258 1)
(66201 23218.2 111560 321 421 3)
(66205 -40243.1 62267.7 353 453 1)
(66206 27246.5 -36371.8 438 538 -1)
(66207 -73320.5 9840.26 82 182 1)
(66208 75613 -9352.03 591 691 3)
(66209 -6994.07 -69502.8 144 244 1)
(66212 31289.7 48309.8 444 544 1)
(66220 75982.7 -36772.7 449 549 0)
(66221 43347.2 -21264.8 336 436 1)
(66225 79558.9 -19166.6 141 241 0)
(66231 -32140.1 26036.7 271 371 3)
(66237 -66339.1 -79605.4 243 343 1)
(66238 6144.22 32050.4 202 302 1)
(66240 18144.2 -64426 25 125 0)
(66260 4106.52 105447 313 413 1)
(66267 1029.66 -38290.8 177 277 1)
(66268 53397.3 -103827 441 541 1)
(66271 34360.6 51231.9 571 671 3)
(66284 16131.4 60208.3 53 153 1)
(66290 -56383.1 -66531.8 105 205 1)
(66295 10223 -57526.3 426 526 1)
(66296 68341.4 -133946 40 140 0)
(66298 -90523.7 -71590.9 406 506 0)
(66299 4000.88 46348.3 298 398 3)
(66317 1112.2 81421.6 454 554 1)
(66318 -35115 59241.4 172 272 1)
(66322 39328.3 25362.3 275 375 1)
(66326 -12166.3 -77609.6 609 709 1)
(66328 3989.83 -22337.4 515 615 1)
(66329 -31033 127818 517 617 1)
(66331 -48201.8 -59354.3 45 145 1)
(66335 -19070.9 -99858.4 538 638 1)
(66336 -34115.3 36102.6 71 171 1)
(66337 13158.9 82435.1 253 353 1)
(66338 -30114.9 52341.3 623 723 1)
(66340 -118594 -41373.2 104 204 0)
(66347 -103870 -91871.8 595 695 3)
(66349 -4045.76 19060.8 36 136 1)
(66367 81568.3 -73599.4 340 440 1)
(66370 -96551.7 140739 343 443 3)
(66372 -111616 -16208.9 226 326 0)
(66407 1094.31 -119855 276 376 3)
(66412 -23139 -100660 142 242 0)
(66413 53379 125650 21 121 1)
(66414 -34285.6 -103515 1 95 1)
(66416 40355.1 -81742.6 552 652 1)
(66417 12337 129952 570 670 3)
(66419 59448.2 75310.3 107 207 1)
(66428 56465.1 118690 563 663 3)
(66433 46304.5 15014.5 100 200 3)
(66437 -65352.5 -108739 204 304 3)
(66451 -73241.3 -77572.4 438 538 1)
(66462 38315.2 -111798 263 363 1)
(66472 119906 -127896 449 549 0)
(66481 -91442.1 144711 122 222 3)
(66483 -12965.6 -127919 179 279 1)
(66495 87630.4 83391.4 462 562 0)
(66502 78574 24087.8 554 654 1)
(66508 -7985.91 24023.9 182 282 1)
(66509 -72320.1 34089 75 175 1)
(66513 -83664.4 146819 626 726 3)
(66514 -41227.2 -25313.3 468 568 0)
(66523 37403.4 -115935 580 680 1)
(66531 -32170 -105885 626 726 1)
(66535 44360.2 -59370.3 622 722 3)
(66541 13205.9 -125940 321 421 1)
(66542 99695.8 -103791 369 469 1)
(66544 98677.2 -118983 263 363 0)
(66545 108860 138845 431 531 1)
(66549 25058 140691 1 98 3)
(66552 -50197.4 53154.8 328 428 1)
(66573 -58287.8 130584 296 396 1)
(66583 -118517 -144092 241 341 1)
(66588 29187.1 -44456.9 386 486 1)
(66599 -71364.3 -77579.2 210 310 1)
(66600 -835.101 -123947 122 222 3)
(66604 -28127.4 -68389.2 168 268 1)
(66606 100814 -120879 224 324 3)
(66615 -110667 -107844 448 548 1)
(66622 -43237.6 39062.7 471 571 0)
(66624 -95518.5 -124923 204 304 3)
(66630 22233.7 108517 284 384 0)
(66641 102682 -146002 254 354 0)
(66642 53397.7 43126.3 56 156 0)
(66645 -90636.9 8938.9 573 673 1)
(66662 9181.85 137707 76 176 3)
(66675 109623 -52399.4 1 100 0)
(66684 -82545.3 -47417.6 427 527 1)
(66689 76600.7 93449.7 597 697 1)
(66694 8128.12 72348.6 292 392 1)
(66695 -1937.58 -133958 348 448 0)
(66699 84569.7 -128821 78 178 1)
(66703 -30147.3 -142063 459 559 1)
(66709 -25178.2 62303.7 588 688 3)
(66713 -22046.4 47134.6 308 408 1)
(66715 -87513.9 54251.6 429 529 0)
(66719 33338.7 -3563.41 270 370 1)
(66722 73361.7 -95677.5 115 215 3)
(66723 22213.4 -72615.5 212 312 1)
(66740 -56311.4 -12209.8 402 502 1)
(66748 -56360.3 -57914.9 603 703 1)
(66749 5176.07 -81870.4 39 139 0)
(66751 119642 -111784 164 264 1)
(66754 -121632 -64527.8 167 267 0)
(66758 -42180.1 17956.5 78 178 1)
(66765 124914 -92018.6 523 623 3)
(66768 2142.87 -111756 350 450 1)
(66772 88786.9 -21338.7 514 614 1)
(66776 22241.6 -119183 555 655 1)
(66780 -48187.7 -35301.6 10 110 1)
(66782 7126.28 -121815 175 275 1)
(66801 77522.3 -11205.2 467 567 1)
(66802 -35202.8 -13249.2 336 436 1)
(66804 44284.4 -10142.9 68 168 1)
(66810 -57123.8 -61560.9 36 136 0)
(66829 71935.1 42532.5 443 543 0)
(66830 58394.3 -48431.9 198 298 3)
(66845 -41199 -18090.5 355 455 1)
(66846 98626.5 56170.6 80 180 3)
(66848 -89383.4 -79489 199 299 3)
(66862 43385.9 -33378.8 349 449 1)
(66864 76462.3 -26267.5 32 132 3)
(66874 -69423.2 -15230.7 274 374 1)
(66875 35307.5 133833 477 577 1)
(66881 -42205.8 -127907 184 284 3)
(66891 86872.3 10984.7 506 606 1)
(66894 106538 -144060 49 149 1)
(66901 104752 -105789 339 439 3)
(66902 5055.5 59238.3 310 410 0)
(66916 -59642 13234.8 100 200 1)
(66922 -100457 -2273.84 288 388 1)
(66934 39326 59328.4 456 556 1)
(66947 85579.1 -78738.2 260 360 1)
(66969 -9058.66 -119021 594 694 3)
(66972 107739 116579 610 710 1)
(66975 -81384.2 -107646 135 235 1)
(66980 87751.6 -94803.3 584 684 1)
(66993 -11978.7 -101779 434 534 1)
