(68000 -65310.1 -54422.3 94 194 1)
(68004 -123699 115677 337 437 1)
(68022 -91459.8 -102703 117 217 1)
(68023 53387.7 -52478.6 267 367 3)
(68035 -29137.2 -44431.5 229 329 1)
(68041 107811 -41441.7 541 641 3)
(68044 74424.3 148803 337 437 0)
(68056 112835 -31324.8 448 548 1)
(68059 104792 -38412.8 543 643 -1)
(68065 43362.1 142864 343 443 1)
(68075 -81425.2 134721 398 498 1)
(68080 -103597 -136999 386 486 3)
(68084 -50727 -35192.6 143 243 0)
(68087 17153.1 12835.3 516 616 3)
(68089 68548.2 -35341.9 302 402 1)
(68096 -109702 6888.88 489 589 1)
(68130 24232.6 -105845 458 558 1)
(68136 -71438.6 -62610.1 586 686 3)
(68141 -118702 -129001 465 565 1)
(68145 -71584.6 18172.2 150 250 3)
(68146 -38027.3 -141763 316 416 1)
(68148 -118748 -58478.4 548 648 1)
(68150 -50285.6 -38384.9 56 156 1)
(68166 108648 -88.9641 139 239 1)
(68167 -81424.5 64323.7 157 257 3)
(68171 9086.55 -130755 1 101 0)
(68174 -26989.4 21006.4 258 358 1)
(68176 -36123.2 82402.3 345 445 3)
(68188 -54301.1 67336.8 439 539 1)
(68189 33366.9 14541.9 59 159 1)
(68197 -88561 46157 103 203 1)
(68213 55369.4 129624 71 171 1)
(68219 54347.7 -17255.8 285 385 1)
(68225 -31336.3 96393.5 247 347 1)
(68235 -67383.6 -72588.5 380 480 1)
(68240 -39220.6 -26351.1 526 626 1)
(68241 -31130.7 -131921 157 257 1)
(68243 25177.2 79299.4 5 105 1)
(68253 -20063.3 80476.8 265 365 1)
(68255 -111739 -118023 285 385 0)
(68266 -51233.2 -6144.17 46 146 1)
(68272 52324.5 -146058 62 162 0)
(68279 53298.6 -57315.6 80 180 1)
(68282 -3912 -46486 475 575 1)
(68285 -100512 10921.4 406 506 3)
(68291 11122.3 -54470.5 308 408 1)
(68292 71507.5 138702 246 346 1)
(68305 42314.6 12978.2 59 159 0)
(68308 -31149.6 -49416.3 422 522 3)
(68322 -116580 20018.1 48 148 1)
(68327 -5936.89 -104663 131 231 0)
(68335 -120741 -53456.6 230 330 1)
(68341 -50243 -84635.7 127 227 1)
(68349 51406.7 -142948 234 334 3)
(68353 112012 4849.18 33 133 3)
(68358 -19117.6 46247.6 477 577 3)
(68359 -37081.3 -77840.2 584 684 1)
(68360 -75463 -95942.5 615 715 3)
(68371 66506.1 70348.3 407 507 1)
(68377 -25137.4 4866.12 493 593 3)
(68380 93604 53164.6 219 319 1)
(68382 111654 57247 1 100 1)
(68389 -3995.55 -73872.4 529 629 1)
(68394 96898.9 -117134 589 689 3)
(68401 24162.7 5939.56 205 305 1)
(68406 115751 83544.2 580 680 1)
(68407 -118628 102487 181 281 1)
(68409 -93723.1 -9139.03 300 400 1)
(68412 109847 -8206.04 600 700 0)
(68415 78506.8 -26286.8 111 211 3)
(68425 14157.2 -18279.6 372 472 1)
(68440 -24100.9 -106696 440 540 1)
(68446 -52271.5 115588 228 328 1)
(68451 72505 67411.3 241 341 1)
(68453 -68343.5 7983.62 495 595 3)
(68455 -25100.5 -58520 391 491 1)
(68460 39349.5 42209 314 414 1)
(68472 17141.8 -15232.1 154 254 0)
(68480 110736 -142973 63 163 1)
(68483 -37048.8 53155 153 253 3)
(68487 -24144.1 -84752.1 575 675 1)
(68495 -121782 117803 1 99 0)
(68501 12999 -125020 344 444 0)
(68522 80489.2 123609 148 248 1)
(68529 -115474 92259.2 4 104 3)
(68535 36215.2 -22243.7 525 625 1)
(68537 60386.6 -131964 255 355 1)
(68545 25032 26954.2 2 102 3)
(68547 -112588 71348.6 355 455 1)
(68551 -113635 12921.2 389 489 3)
(68554 97758 -74594.5 260 360 3)
(68556 -32055.4 -129962 342 442 1)
(68560 50230.1 -70642.2 533 633 3)
(68574 70509.3 126546 28 128 3)
(68582 -15161.9 149632 145 245 1)
(68583 -9069.46 42161.4 515 615 3)
(68589 -23084 -141015 281 381 1)
(68595 -101519 -43380.2 143 243 1)
(68597 21180.8 42163.5 379 479 3)
(68605 -975.942 -128927 495 595 0)
(68613 20808 52384.5 613 713 1)
(68618 1050.93 -36265.5 34 134 1)
(68621 77397.2 -143961 35 135 3)
(68624 -68169.6 -81699.6 511 611 1)
(68626 60558.5 -46370.6 577 677 0)
(68640 43407.8 -144895 5 105 1)
(68651 -109681 41955.8 345 445 0)
(68653 -3881.62 -140839 50 150 3)
(68656 -79502.4 -25291.1 457 557 1)
(68663 -122871 -48575.9 567 667 1)
(68666 38109.9 49444.1 587 687 1)
(68667 79591.2 38085.2 346 446 1)
(68674 -89555.1 -112880 517 617 3)
(68683 -124832 -128050 524 624 1)
(68684 61453.3 -92735.4 426 526 3)
(68695 6140.41 77433.1 447 547 0)
(68708 84741.7 -61619.1 342 442 0)
(68710 44315.3 -95646.5 84 184 0)
(68714 67499.7 -76602 290 390 1)
(68715 -44275.1 -128797 1 93 0)
(68726 -45553.6 -35334.7 543 643 1)
(68729 36286.6 -118797 10 110 1)
(68732 30257.6 -97746 349 449 1)
(68742 -28187.9 -60594.5 462 562 0)
(68746 10169.4 30076.8 494 594 1)
(68749 8082.53 10919.8 626 726 1)
(68752 58335.4 36192.3 99 199 1)
(68755 15067.8 -30286.1 98 198 3)
(68756 106804 124719 379 479 1)
(68758 -32173.8 -11115.8 532 632 1)
(68764 3254.57 -3115.15 546 646 0)
(68768 87647.4 -117943 485 585 -1)
(68771 -10012.1 -98742.6 297 397 1)
(68778 60356.8 50158.8 262 362 1)
(68791 25236.5 -66618.1 589 689 1)
(68792 -56380 116693 485 585 1)
(68802 -833.871 94495.9 213 313 0)
(68803 45399 -88779 621 721 1)
(68807 74549.8 -76640.5 343 443 1)
(68808 -46192.8 27039.1 31 131 1)
(68822 -24013.9 -23278.7 406 506 0)
(68840 -110621 -53364.4 71 171 1)
(68859 37324.3 71542.2 553 653 1)
(68868 -102570 -147161 419 519 1)
(68875 -35162.5 -60505.6 166 266 1)
(68879 -54904.1 15269.8 513 613 1)
(68880 33.9399 40090.4 150 250 1)
(68884 6116.53 121703 441 541 3)
(68890 -37245.3 40130.7 588 688 3)
(68899 -33028.8 60267.2 303 403 3)
(68900 -35127.6 116677 452 552 3)
(68905 -68479.9 137013 498 598 3)
(68907 54475.1 -94736.2 500 600 1)
(68920 -64321.6 -127929 287 387 1)
(68933 121777 -39369.3 226 326 1)
(68934 -23162 -100772 469 569 0)
(68935 46342.2 42128.3 162 262 1)
(68936 4089.15 -64433.7 86 186 0)
(68938 48416.4 -45497.3 461 561 1)
(68939 23263.2 -18210.1 497 597 1)
(68945 81597.5 -143902 51 151 1)
(68972 -109501 -68727.5 421 521 1)
(68973 -3988.28 -66602.2 471 571 1)
(68975 65476 -70766.4 607 707 3)
(68979 -14028.1 32137 65 165 3)
(68984 -4621.72 -90714.6 427 527 1)
(68996 29252.3 -44423.1 352 452 1)
