(91000 -20228.5 -74777.5 566 666 3)
(91002 -27122.3 14961.6 159 259 1)
(91003 21229.2 23014.6 533 633 1)
(91007 55395.9 69323.2 338 438 1)
(91010 -24117.7 40206.6 280 380 0)
(91020 -111829 -70806.5 149 249 1)
(91027 -32089.2 -72548.1 171 271 1)
(91030 123991 128741 350 450 1)
(91031 -16067.6 -27305.6 307 407 1)
(91034 -9852.32 -147001 113 213 1)
(91040 60398.5 -80615.5 218 318 3)
(91042 -90509.4 -25276.9 182 282 1)
(91043 112631 -137816 13 113 3)
(91044 -72385.6 -127930 407 507 3)
(91047 -103573 -52440.8 255 355 1)
(91050 -19044.9 -29282.3 95 195 1)
(91054 89627.4 89406.1 264 364 1)
(91058 -47203.4 -50389 56 156 1)
(91059 -3957.75 30058.1 271 371 1)
(91061 -89564.8 1868.64 562 662 1)
(91068 6097.33 109416 63 163 3)
(91069 70655.9 149859 371 471 3)
(91070 -23069 -93764.9 440 540 1)
(91072 91758.9 -62606.3 590 690 0)
(91073 -62442.4 -47481.2 334 434 1)
(91074 -75300.9 -42387.8 75 175 1)
(91077 90437.5 2038.78 494 594 1)
(91091 56400.4 -95676.1 189 289 1)
(91098 23207.9 -30321.1 339 439 1)
(91110 -57315.2 121544 307 407 1)
(91112 -110614 -137900 39 139 1)
(91117 70566.2 -35051.2 186 286 1)
(91135 -92452.4 -38423.2 158 258 3)
(91147 66483.5 -75553.5 116 216 3)
(91148 -63242.2 -132878 226 326 3)
(91149 -56331.3 75376.2 553 653 1)
(91151 -56224.4 -106572 134 234 1)
(91160 22149.5 97432.7 9 109 3)
(91163 -103516 50227.6 155 255 1)
(91165 31383.1 -41344 122 222 1)
(91166 -11004.7 -46431.5 439 539 0)
(91173 118925 910.174 475 575 1)
(91176 -53349.6 125843 614 714 3)
(91186 109773 24054.1 556 656 1)
(91188 71513.5 136868 540 640 3)
(91190 78511.4 -104762 223 323 3)
(91194 114811 -123021 405 505 1)
(91196 77601.4 58234.3 501 601 3)
(91199 4124.19 -74662.2 582 682 -1)
(91205 -118701 106578 343 443 1)
(91206 44333.8 -147955 323 423 1)
(91213 -4996 -86599.8 8 108 3)
(91220 102696 -95001.6 323 423 1)
(91223 75562.2 16232.9 149 249 1)
(91227 -11009.9 38117 577 677 0)
(91228 -56257.6 6857.24 320 420 1)
(91242 70461.5 -59405.8 266 366 3)
(91245 48341.4 42217.6 432 532 1)
(91246 121849 49293.6 423 523 3)
(91249 11120.7 -104694 69 169 1)
(91251 -18046.6 1904.88 282 382 1)
(91256 -44183.1 -97742 268 368 3)
(91271 47353.9 -120913 356 456 1)
(91272 2093.29 -72689.3 620 720 1)
(91276 12104.6 -58439.9 321 421 1)
(91287 -78451.6 37116.4 582 682 1)
(91291 -20978 103633 510 610 3)
(91296 -81426.9 -147886 86 186 3)
(91301 -92494.3 -52462.1 273 373 1)
(91306 -123796 -123926 333 433 1)
(91314 23297.9 128616 349 449 0)
(91317 -101618 -133055 588 688 1)
(91326 21134.4 69444.8 339 439 3)
(91333 -8766.53 -119022 485 585 1)
(91339 -73362.6 -112788 206 306 1)
(91341 -52226.2 135803 384 484 1)
(91342 20222.8 -45439.7 536 636 1)
(91345 -31022.6 -30417.1 311 411 1)
(91351 99639.4 14929.4 330 430 0)
(91354 -6953.19 -128841 68 168 1)
(91362 99635.9 -144931 128 228 1)
(91363 -79485.7 -135029 96 196 0)
(91364 -124823 -156.537 566 666 1)
(91366 -6971.57 -83600.5 129 229 1)
(91368 41263.2 -70495.6 17 117 1)
(91371 -24113.2 -24222.5 121 221 1)
(91374 58282.7 -67546.6 108 208 1)
(91382 -63319.1 -126886 202 302 1)
(91386 -79434.9 3926.55 469 569 1)
(91399 -75284.3 21831.7 4 104 3)
(91407 110734 -66703.6 519 619 1)
(91420 -31130.1 -73562.5 209 309 3)
(91423 102909 148981 448 548 1)
(91435 -80393.9 -79961 451 551 1)
(91438 66385.8 -110707 222 322 1)
(91442 94679 12929.5 499 599 1)
(91443 105633 -65593.2 297 397 1)
(91456 17226.7 -32396.5 319 419 1)
(91457 58466.9 -122963 342 442 1)
(91458 64372.3 -115718 1 101 1)
(91460 115911 37149.6 564 664 1)
(91465 7107.66 -55502.7 356 456 1)
(91470 124828 -9134.02 196 296 3)
(91485 17136.6 62088.9 117 217 0)
(91486 57424.6 -42465 450 550 1)
(91506 58408.1 -48683.8 47 147 1)
(91510 -74397.6 -134975 328 428 1)
(91511 -24028.2 -38362.5 526 626 3)
(91512 75538.4 -20259.9 92 192 1)
(91514 -77615.6 -43307.2 422 522 0)
(91515 -26041.2 144827 324 424 1)
(91518 -100468 -7190.53 65 165 1)
(91522 -40247.3 -10096.8 615 715 3)
(91535 -43217.1 -67566.5 449 549 1)
(91539 -74496.7 -103847 507 607 1)
(91542 -21152.8 -31271 1 99 3)
(91548 -116590 23034.6 110 210 1)
(91550 -41224.5 -27313.9 388 488 1)
(91555 -96517.1 -45316.9 111 211 1)
(91558 83624.5 60269.4 387 487 1)
(91560 -39262.2 -159.241 569 669 1)
(91564 -21151.9 -8162.25 173 273 1)
(91577 24182.1 -125985 385 485 3)
(91586 -99492.4 23157.2 296 396 0)
(91588 41335.1 -63532.6 373 473 3)
(91589 44402.4 66364.5 622 722 1)
(91592 -52285.1 -97843.7 583 683 1)
(91596 74297.3 -32380.4 611 711 1)
(91641 109690 84356.6 142 242 1)
(91644 92615.1 130667 154 254 0)
(91662 81559.2 58236.2 337 437 1)
(91668 7217.2 -6.65717 267 367 1)
(91686 -35395 -6011.81 466 566 0)
(91696 96648.2 6926.04 408 508 0)
(91702 37321.2 96515 466 566 1)
(91715 -99649.8 -11222.3 526 626 0)
(91723 -40198.5 -32337.1 390 490 1)
(91727 -90589.2 102594 619 719 1)
(91731 -41107.9 -123842 216 316 1)
(91732 87682.8 27019.4 437 537 3)
(91736 -20038.1 105454 88 188 -1)
(91741 61581.7 -145267 529 629 0)
(91745 -5957.75 38130 374 474 1)
(91752 -98660.7 -34186.7 328 428 0)
(91758 76547.9 47403.3 383 483 1)
(91777 -15912.6 -77266.4 253 353 0)
(91778 -59273.6 48103.1 157 257 1)
(91781 -70417.2 66263.2 464 564 1)
(91789 -57303 128708 334 434 0)
(91790 22182.6 2928.83 88 188 1)
(91799 52385 -54484.2 493 593 1)
(91803 -86414.5 -8105.36 1 99 3)
(91816 -16038.3 -63451.7 1 101 1)
(91819 -80368.2 -32295.8 32 132 3)
(91831 -121683 -46411.2 335 435 1)
(91832 62471.7 -132211 410 510 0)
(91833 -80396.3 37072.1 286 386 3)
(91836 -46213.2 20004.6 108 208 3)
(91842 34468.3 -68748.3 497 597 1)
(91845 52396.7 110573 340 440 1)
(91848 108663 -16160.5 188 288 0)
(91853 87723.1 -95859.5 587 687 0)
(91860 -27120.5 136849 628 728 1)
(91863 -93483.2 85493.2 527 627 3)
(91866 -18058.1 2901.63 413 513 0)
(91870 2080.19 -22264.6 275 375 3)
(91880 -92571.8 -9192.54 434 534 1)
(91887 90576.2 37237.6 530 630 1)
(91892 33300.7 32077.1 480 580 1)
(91901 -114603 -92702.6 202 302 1)
(91904 -14034.6 18931.2 505 605 0)
(91916 85699.9 -33317.8 524 624 1)
(91920 -3995.15 -80536.1 285 385 0)
(91921 60314.6 -18372.8 124 224 0)
(91933 123784 85441.1 142 242 1)
(91935 -124733 -117826 212 312 1)
(91937 6031.83 -61576.3 607 707 0)
(91948 -26102.5 -107821 387 487 1)
(91952 8114.98 -48420.7 568 668 1)
(91960 22075 57222.9 140 240 1)
(91962 97582.2 24078 201 301 3)
(91973 12169.5 -18310 539 639 1)
(91976 -25136 -1214.71 449 549 1)
(91980 -48283.4 29027.7 495 595 1)
(91982 -4983.01 980.601 580 680 3)
