(82000 72482.6 -7153.22 232 332 1)
(82011 99695.3 -90697.6 429 529 0)
(82012 -89456.5 -82546.9 71 171 1)
(82013 91018.9 19962.6 191 291 1)
(82014 104645 107481 51 151 3)
(82029 44387.8 57378.2 541 641 1)
(82035 100933 97519.4 491 591 1)
(82045 -44322.1 89587.8 505 605 3)
(82060 115726 -4109.71 181 281 1)
(82064 -5909.8 65300 241 341 1)
(82066 -70434.9 -26360.6 565 665 0)
(82067 -17076.6 -31359.8 385 485 0)
(82068 -4894.54 53214.2 502 602 3)
(82075 57360.4 -41335.1 19 119 3)
(82076 -106553 -92644.4 154 254 1)
(82081 11416 140026 101 201 0)
(82082 -95442 -76511 1 99 1)
(82086 -58305.7 65220.7 18 118 1)
(82090 97577.9 -73491.9 296 396 1)
(82091 -51119.6 -127933 136 236 1)
(82095 14254.6 7134.96 539 639 1)
(82108 33452.6 -79735.1 412 512 0)
(82110 62494.1 40109.2 273 373 1)
(82111 -106609 38161.4 258 358 1)
(82115 86451.2 -145008 73 173 3)
(82117 11450.6 21050.1 81 181 3)
(82127 -11026 -91683.2 318 418 3)
(82128 -18129.7 3831.94 619 719 3)
(82131 118716 -39293 178 278 1)
(82133 -37181 -38353.8 267 367 3)
(82135 50463.4 107598 607 707 1)
(82143 -67266.4 -10220.2 70 170 1)
(82144 -106763 -138202 544 644 3)
(82158 -21032.2 14952.4 411 511 0)
(82169 86584.7 15934.9 254 354 3)
(82179 42437.7 -56120.2 168 268 0)
(82192 70492.2 101503 190 290 3)
(82194 16146.7 -112632 27 127 1)
(82195 -114708 45243.6 254 354 3)
(82201 6097.86 -56428.4 181 281 1)
(82207 -2952.28 -7181.03 179 279 3)
(82208 -95472.8 -92625.5 50 150 1)
(82209 -46222.7 -121030 560 660 3)
(82211 -30019.9 -58515.1 210 310 0)
(82218 -81507 -55538.7 568 668 3)
(82223 -98520.4 79402.7 108 208 1)
(82227 -44212.9 -130885 157 257 1)
(82233 122801 -3158.77 255 355 1)
(82234 -32134.4 45156.9 293 393 0)
(82235 105743 58180.1 561 661 1)
(82242 -92517.7 -42434.1 569 669 3)
(82251 7033.06 -79643.3 444 544 0)
(82254 -37171.1 -9159.37 36 136 1)
(82263 -110542 -79661.8 229 329 -1)
(82271 -88381 -20216.6 32 132 1)
(82272 54522.6 -107869 612 712 3)
(82278 119741 -22263.1 339 439 1)
(82285 -86596.9 10851.8 599 699 1)
(82286 110835 9927.05 589 689 1)
(82289 49364.3 129622 217 317 1)
(82290 58448.8 -66589.6 435 535 0)
(82302 -67429.3 -60602.9 482 582 1)
(82304 -19083.9 -25316.5 431 531 1)
(82313 -57278.5 -15229.6 273 373 1)
(82314 -30059.2 -62547.4 538 638 1)
(82330 -12928.8 -105709 387 487 0)
(82338 -4899.54 34170.6 347 447 3)
(82341 81801.3 96300.7 438 538 1)
(82342 -72450.5 103551 245 345 1)
(82360 55.6192 -15200.8 85 185 3)
(82377 -8907.29 31092.5 404 504 1)
(82380 29261.4 -62535.8 404 504 1)
(82388 2417.05 33961.4 53 153 3)
(82389 123905 -60550.9 188 288 1)
(82392 -78396.3 75388 165 265 0)
(82394 -105555 72396.1 619 719 0)
(82396 -95564 -92702.2 284 384 3)
(82398 41486.2 -81578.6 208 308 1)
(82401 100772 -3205.34 275 375 1)
(82413 63581.7 -27310.9 432 532 1)
(82425 -4976.71 16996.3 43 143 1)
(82426 82494.6 -36313.4 57 157 1)
(82430 75520.9 -24275.7 203 303 1)
(82432 -39167 -49400.6 151 251 1)
(82433 -50434.3 -97552.3 308 408 1)
(82434 -13985 -81872.5 555 655 1)
(82436 78469.1 -118734 1 98 0)
(82443 -83709.1 -4319.83 511 611 0)
(82445 91761.8 -92743.2 536 636 1)
(82454 -72352.6 127658 173 273 0)
(82457 44400.2 60296.4 527 627 1)
(82458 -108583 -48526 204 304 0)
(82460 -37166.4 -24330.2 522 622 1)
(82465 -38123 70232.5 168 268 1)
(82466 57.8797 -82698.7 419 519 1)
(82476 52221.5 -80664.7 147 247 0)
(82477 54212.2 -38130.5 117 217 1)
(82489 -93619.9 -116958 575 675 0)
(82504 2858.72 19060.9 420 520 3)
(82509 84641.3 15999.8 485 585 3)
(82529 -58349.6 -59528.5 299 399 0)
(82530 -122634 -59478.1 156 256 1)
(82533 -75421.5 18042.5 520 620 1)
(82538 113724 32080.2 184 284 1)
(82539 58442.8 -112985 538 638 0)
(82547 -67374.7 -98645.8 149 249 0)
(82549 -92572.9 -126965 500 600 3)
(82558 84643.8 19030.6 144 244 3)
(82560 -86615.9 -83514.2 593 693 1)
(82569 5095.54 -101747 277 377 1)
(82585 -94454.8 -80794.8 567 667 0)
(82595 16172.7 -132717 75 175 1)
(82605 78618.2 27038.2 262 362 1)
(82611 -20081.9 -47441.3 385 485 1)
(82612 90757.9 140890 620 720 1)
(82615 27.3621 -55486.5 457 557 3)
(82619 61454.1 -123956 524 624 1)
(82625 -29174.4 -27353.3 76 176 1)
(82629 121945 -53521 624 724 1)
(82638 29242.3 -111837 286 386 1)
(82640 10131.3 -122989 590 690 0)
(82644 -73436.9 -47507.2 623 723 1)
(82648 -108738 -141101 467 567 0)
(82652 -90596.9 86417.8 532 632 1)
(82659 -101596 -19416.9 612 712 1)
(82670 25049.5 50490.6 228 328 1)
(82671 107884 -85805.6 625 725 3)
(82680 52396.5 139820 80 180 1)
(82683 -4970.28 32079.8 566 666 3)
(82684 -29100.8 -106868 5 105 1)
(82686 42298.2 -49445.5 370 470 1)
(82688 73439.5 23011.6 45 145 1)
(82689 27362.7 -48336.9 421 521 1)
(82690 -106656 12952.6 475 575 1)
(82691 86646.5 30068 467 567 1)
(82694 56390.5 -3028.49 397 497 3)
(82695 -24094.6 18959.4 541 641 3)
(82702 76562.7 15985.3 1 100 1)
(82719 -107625 -71522.5 105 205 3)
(82720 84550.8 114564 210 310 1)
(82725 47347.4 36072.5 189 289 3)
(82786 -93603.9 -145981 308 408 1)
(82790 -83443.6 -89602 106 206 3)
(82799 -49245.7 75326.8 287 387 3)
(82801 84690.8 -25322.8 524 624 1)
(82812 -86688.8 107987 434 534 1)
(82818 38178.5 117466 353 453 0)
(82819 31228.4 46141.3 79 179 3)
(82820 -15045.4 -100846 551 651 1)
(82821 -67371.7 120638 608 708 1)
(82827 62349.8 16064.6 138 238 0)
(82835 25043.5 79225.5 46 146 1)
(82843 59413.7 -4141.54 151 251 1)
(82847 106500 103552 59 159 1)
(82852 -94553.7 -47488.3 393 493 1)
(82872 105848 93457.4 469 569 1)
(82874 3075.9 -8165.63 134 234 1)
(82877 67614 -22260.6 628 728 1)
(82886 -5929.76 62280.2 366 466 1)
(82888 76568.4 98472.2 237 337 1)
(82894 -118634 -38371.9 175 275 3)
(82908 -50312.7 131866 514 614 3)
(82910 21205.5 77378.3 343 443 3)
(82912 -51275.7 -45274.9 422 522 0)
(82918 50405.9 -31339.3 438 538 1)
(82919 79539.2 21005.6 246 346 3)
(82928 -20057.8 -117967 571 671 1)
(82954 95496.7 -134296 486 586 1)
(82955 -46241.9 -40378.4 324 424 1)
(82977 36266.2 -52406 108 208 0)
(82979 -15986.1 -42433.3 470 570 1)
(82984 -98404.7 -34366.6 171 271 3)
(82985 -58305.6 -51460.9 471 571 1)
(82992 9132.35 33120.8 271 371 1)
