(21004 89450.9 -28082.4 456 556 0)
(21007 74449.7 104513 34 134 1)
(21024 49375.6 -98718.7 207 307 1)
(21043 -51230 -147049 262 362 1)
(21047 106668 -10150.4 109 209 1)
(21048 85557 -42382.2 155 255 3)
(21060 35355.1 116651 62 162 1)
(21063 -76405.1 103475 136 236 1)
(21064 34261.9 76287.1 97 197 1)
(21072 113781 7838.65 452 552 1)
(21076 -1889.04 -39258 88 188 3)
(21077 -118744 106537 439 539 1)
(21083 -120765 -122883 164 264 1)
(21084 -57344.4 -88741.8 497 597 1)
(21085 -100619 -78664.3 572 672 3)
(21088 107594 -130823 90 190 1)
(21089 13115.9 -39349.4 264 364 0)
(21090 55245.7 35222.9 99 199 1)
(21099 6117.79 -16251.2 104 204 3)
(21101 -106529 -93647.3 94 194 3)
(21102 -39202 -146155 341 441 3)
(21105 41371.3 -94766.1 377 477 1)
(21107 -11007.7 -6187.86 463 563 1)
(21109 120760 101481 79 179 3)
(21115 44374.8 1866.74 539 639 1)
(21117 95566.7 -113694 1 101 1)
(21120 110763 5918.94 304 404 1)
(21126 8135.42 81542.3 343 443 1)
(21135 -98413 17975.9 99 199 0)
(21156 21244.8 -143019 348 448 1)
(21166 -42169 -124758 40 140 1)
(21168 -58267.5 -107721 66 166 1)
(21170 -110590 93426.4 190 290 3)
(21180 -38163.8 -101785 429 529 3)
(21182 -118836 120776 593 693 1)
(21193 118918 -35370.4 552 652 0)
(21201 73559.2 -87626.4 245 345 1)
(21205 42293.6 -63521.2 467 567 0)
(21217 29330.9 86474.4 418 518 3)
(21218 -37978.5 12332.8 294 394 0)
(21225 78838.3 59598.1 485 585 1)
(21229 56504.4 -70253.3 73 173 1)
(21231 -101576 -103816 392 492 1)
(21234 119650 -81583.2 106 206 1)
(21235 -118644 -90651.4 240 340 3)
(21236 -75435.2 -80653.5 368 468 0)
(21237 18211.8 17958.7 579 679 1)
(21239 100654 19098.3 222 322 3)
(21248 -115807 -136133 608 708 1)
(21264 -24097.9 -43397.9 311 411 1)
(21266 -122847 -65436.7 302 402 1)
(21271 -109711 106454 471 571 3)
(21275 -98459.9 41105.5 24 124 1)
(21277 -89598.8 -83599 432 532 1)
(21280 67589.6 -42526.2 164 264 3)
(21297 7060.1 -63560.5 294 394 1)
(21301 12225.5 104638 587 687 1)
(21324 -75453.4 70325.2 401 501 1)
(21325 -45290.6 -137070 239 339 1)
(21330 -61295 101483 32 132 1)
(21332 -28122.3 -7140.36 78 178 3)
(21340 -47259.1 -6112.28 429 529 1)
(21345 61353.4 -19103.6 362 462 3)
(21352 98759.4 15962.6 515 615 1)
(21354 -71396.7 9992.05 44 144 1)
(21368 -22030.8 -107796 387 487 1)
(21377 -21036.7 -21220.2 84 184 0)
(21380 18190.7 14987.3 268 368 1)
(21382 1075.58 -141016 354 454 1)
(21383 -53176 -75427.2 162 262 3)
(21389 -111634 130680 379 479 1)
(21390 96755.9 16967.8 582 682 3)
(21391 -90545.4 43154.4 3 103 3)
(21399 43308.5 77285.9 227 327 3)
(21401 -93565 25024.6 334 434 3)
(21405 -28255.2 86544.8 619 719 3)
(21418 110869 15980.1 441 541 0)
(21420 32219.7 -24242.6 37 137 0)
(21431 -87436.9 -30282.6 121 221 1)
(21435 -13060.6 -1117.61 17 117 0)
(21437 -35105.9 78540.1 296 396 1)
(21439 40326.9 -136162 490 590 3)
(21440 78500.5 82347 167 267 1)
(21441 68486.7 -80603.7 210 310 1)
(21468 -46189.6 -125800 101 201 1)
(21476 42382.1 86450.3 433 533 1)
(21487 55377.6 -57557.4 535 635 1)
(21498 -83430.8 11767 297 397 1)
(21504 65559.8 43094.2 185 285 3)
(21512 49467 -32670.1 517 617 0)
(21520 -111698 -140047 451 551 3)
(21547 57311.1 -52462.5 251 351 1)
(21552 112879 99550.4 614 714 0)
(21558 12164.2 108624 618 718 1)
(21576 -55180.5 -145365 502 602 1)
(21579 -90417.7 26076.7 512 612 1)
(21582 59455.4 -28306.2 49 149 1)
(21583 17168.4 28127.6 303 403 3)
(21586 -19113.1 -37477.9 497 597 1)
(21593 -85519.3 -76812.6 402 502 3)
(21607 -22973.6 -119701 160 260 1)
(21610 -30128.7 -77582.1 224 324 3)
(21619 31291.5 120692 490 590 3)
(21633 0.63354 -76519.6 64 164 0)
(21645 -22094.4 35089.7 259 359 1)
(21652 39248.8 -93606.5 53 153 0)
(21657 984.434 146976 601 701 1)
(21662 23229 -140120 548 648 1)
(21673 16110.7 -73509.6 2 102 3)
(21675 -74438.2 47390.3 605 705 1)
(21677 -90770.3 117623 434 534 1)
(21680 76622.5 -10150.6 485 585 0)
(21681 -26126.4 123777 626 726 1)
(21692 83565.8 139752 259 359 1)
(21698 -74405.8 4927.03 242 342 1)
(21699 23176.8 -66439.6 48 148 0)
(21700 -78598.6 -24461 265 365 1)
(21704 35292.2 -75548.1 425 525 1)
(21708 32283.2 -56502.2 321 421 0)
(21709 -54278.6 38115.9 332 432 3)
(21716 -43031.8 -144260 120 220 3)
(21718 82642.1 26105.2 338 438 3)
(21720 -31199.5 29961.4 205 305 3)
(21721 -25065.9 -147886 33 133 1)
(21734 90529.6 -131789 35 135 1)
(21735 -99421.5 82318.4 78 178 0)
(21753 -52547.5 40868.8 131 231 1)
(21763 13145.7 -15204.1 68 168 1)
(21767 -59265.2 -54462.7 144 244 1)
(21781 115902 69274.8 594 694 1)
(21783 112870 34116.5 560 660 1)
(21789 51422.9 -138039 332 432 1)
(21791 -24785.2 80241.9 253 353 0)
(21792 -4601.17 111499 61 161 1)
(21793 -65319.7 -21253 150 250 1)
(21796 -92582.4 -17268.5 622 722 1)
(21810 -114733 -66636.3 605 705 1)
(21819 25248.5 -56535.5 531 631 1)
(21820 20187.3 78346.4 119 219 1)
(21824 -6002.82 132807 457 557 1)
(21829 -56260 125743 16 116 1)
(21831 -41213.7 -139137 536 636 1)
(21839 -114635 32076.7 270 370 1)
(21842 -16037.7 106532 183 283 3)
(21844 -83628.7 9998.73 117 217 1)
(21845 27291.2 -75441 47 147 0)
(21846 -108539 115520 64 164 3)
(21847 -100623 -136061 463 563 1)
(21849 -41245.1 -10125 185 285 1)
(21854 42335.1 -16262.6 375 475 1)
(21855 4074.78 -47391.6 187 287 0)
(21861 15443.6 79463.2 335 435 0)
(21871 19085.6 -57594.2 83 183 0)
(21874 -97418.6 -40403.6 3 103 3)
(21881 -14039 -16275.7 71 171 1)
(21889 -2009.07 51201.1 270 370 3)
(21898 22239.6 -66351.8 487 587 3)
(21923 -124679 135833 210 310 1)
(21931 -60404.9 43163.1 310 410 1)
(21936 67434.8 -103652 63 163 1)
(21938 -72432 -148819 24 124 1)
(21942 94582.7 -20338.8 46 146 1)
(21946 -21068.2 -143912 71 171 1)
(21948 -15097.3 -53533.2 105 205 0)
(21950 44412.8 -3158.95 560 660 1)
(21957 54467.3 -24303.5 394 494 1)
(21965 -34134.4 -140080 463 563 1)
(21967 29253 -1085.09 117 217 0)
(21969 -10040.7 8921.44 344 444 1)
(21974 -15270.5 126839 397 497 1)
(21984 57393.6 -98714.1 274 374 3)
(21987 -20131.7 50092.1 239 339 1)
(21992 -109743 -33357.6 578 678 1)
