(71004 60704.6 126667 205 305 0)
(71008 -70612 44064.4 210 310 3)
(71012 36364.7 -98845.3 478 578 0)
(71016 32345.2 35966.7 346 446 1)
(71017 21172.6 -88511.6 319 419 1)
(71035 65458.3 104547 426 526 1)
(71054 -99555.9 27081.9 374 474 1)
(71058 -41205.1 23995.9 251 351 1)
(71061 -63481.2 139851 451 551 1)
(71062 76846.8 -26704.5 546 646 1)
(71067 -78392.2 -93622.9 126 226 1)
(71068 47198.2 -51623.8 339 439 0)
(71070 -71357.8 106617 295 395 0)
(71076 32128.6 -103950 387 487 0)
(71079 -56271.3 -83604.3 161 261 1)
(71093 -8866.49 -37442 417 517 1)
(71096 61515.6 -76671 370 470 1)
(71103 110902 8969.89 366 466 1)
(71110 -41303.3 -43342.3 617 717 1)
(71129 32239.8 -63482 118 218 1)
(71130 78533.7 123309 157 257 3)
(71134 25321.4 136886 186 286 3)
(71135 71603.7 33067.6 612 712 3)
(71137 -72407.3 117600 405 505 1)
(71139 -38114.1 -127793 33 133 1)
(71146 46423.2 -12301 572 672 1)
(71155 -39228.2 -27395.7 217 317 3)
(71157 109087 -12068.3 262 362 0)
(71168 -50201.2 -67516.3 115 215 3)
(71169 31316.8 -15173.7 587 687 1)
(71174 108652 15856.8 1 98 1)
(71190 -55174.7 122760 564 664 1)
(71191 -76340.5 -50375.8 25 125 1)
(71200 76614.4 -61605.9 622 722 1)
(71206 119747 80383.5 277 377 1)
(71207 80599.3 -64582.1 544 644 1)
(71208 -95603.6 113660 619 719 1)
(71210 97597.5 2898.05 85 185 1)
(71217 -80464.6 -14240.2 457 557 1)
(71233 7127.15 -115872 383 483 1)
(71241 70478.5 105482 263 363 3)
(71257 -81461.5 -20255.3 319 419 1)
(71261 38324.1 -77570.9 266 366 1)
(71271 -97523.1 -131923 321 421 1)
(71288 -79471.8 -106793 342 442 1)
(71297 70492.6 -69531.8 280 380 3)
(71298 67456.2 43134.6 177 277 3)
(71301 76491.3 -69661.2 252 352 3)
(71302 39046.7 -24708.8 418 518 3)
(71308 2041.59 17987.4 7 107 1)
(71309 -13999.7 -124992 379 479 0)
(71315 -31128.3 133738 345 445 1)
(71319 75468.9 -132958 146 246 1)
(71333 -76380.6 16849 629 729 1)
(71334 108732 53424.7 112 212 3)
(71338 -119763 45153.8 454 554 1)
(71346 54353.9 50181.3 35 135 1)
(71347 -93464.5 43133 491 591 0)
(71351 -23205.8 64192.3 136 236 1)
(71358 -122999 27204.3 468 568 0)
(71359 -64402.6 -14289.9 416 516 1)
(71361 27481.4 10111.2 232 332 1)
(71375 93516.7 -100808 252 352 1)
(71386 71498.9 -122863 435 535 3)
(71395 75621.7 7858.89 393 493 1)
(71397 23222.5 -119886 328 428 0)
(71402 -35152.1 61233.7 85 185 1)
(71407 3043.09 -6213.48 26 126 1)
(71410 52452.6 65321.2 549 649 1)
(71412 -106396 58267.7 114 214 1)
(71421 -113674 17984.5 435 535 3)
(71426 8114.4 103550 495 595 3)
(71431 -118671 54202.4 281 381 3)
(71440 -65334.2 -10192.1 216 316 1)
(71445 60414.6 -19269.2 511 611 3)
(71452 -107602 -48376.3 57 157 3)
(71456 40304.7 86399.4 238 338 0)
(71459 39115.9 -99753.5 218 318 1)
(71462 -95599.9 -41495.3 605 705 1)
(71482 -122720 95450.6 300 400 1)
(71487 88652.6 25062.1 380 480 3)
(71488 75608.2 88525.2 491 591 1)
(71491 -35124.8 102762 609 709 1)
(71494 71440.9 112511 30 130 1)
(71498 35283.7 19885.6 332 432 1)
(71500 -86486.8 84465 479 579 3)
(71501 -51213.9 59352.8 604 704 1)
(71503 -42183.4 112636 542 642 3)
(71504 6058.11 3696.56 569 669 1)
(71505 -74407.1 -36353.9 344 444 1)
(71506 -62368.3 35102.4 584 684 1)
(71509 87646 -45411.3 398 498 3)
(71514 -107644 13938.1 350 450 3)
(71516 -9002.78 90541.9 467 567 3)
(71525 27280.4 -116981 523 623 0)
(71528 109757 -76616.4 346 446 1)
(71530 -35383.4 14962.9 479 579 1)
(71534 -77441.1 -10071.6 74 174 3)
(71542 -9972.15 -86645.4 483 583 1)
(71543 -72323.2 -95658.5 335 435 3)
(71548 -45275.7 -125887 407 507 1)
(71549 -18070.7 -61458.7 179 279 1)
(71561 82562.7 -97824.9 243 343 3)
(71565 116748 -138961 162 262 3)
(71571 -65280.3 -18239.9 8 108 1)
(71573 -22121.7 -39402.7 425 525 3)
(71575 105741 -94763.8 387 487 3)
(71578 -78390.2 -49441.1 95 195 1)
(71579 61502.4 -68193.6 170 270 1)
(71581 -51417 141987 286 386 1)
(71582 -108515 -20230.3 10 110 1)
(71591 -28124.5 11958.5 268 368 1)
(71607 -65634.8 -86128.6 1 98 3)
(71616 -119753 -148824 1 99 0)
(71617 11132.1 -11192 208 308 1)
(71619 -71258.4 -26379.9 63 163 3)
(71629 83986.1 32958.8 602 702 0)
(71642 56289 -104692 337 437 1)
(71650 -32159 18979.5 99 199 1)
(71655 -13033.9 84344.9 4 104 3)
(71662 -71539.2 -63549.6 131 231 0)
(71671 -10007 -52405.6 96 196 1)
(71672 39274.7 45150.2 155 255 3)
(71681 37148 -130016 607 707 1)
(71691 86618.7 -50528.6 408 508 1)
(71692 -42203.5 5907.54 115 215 1)
(71695 63488.2 141860 396 496 1)
(71707 -19953.2 86348.9 348 448 1)
(71713 45241.1 -92672.9 174 274 1)
(71722 115881 7971.22 499 599 1)
(71733 24162.9 112540 30 130 3)
(71738 -6888.74 23951.8 582 682 1)
(71741 -28112.7 -93764.4 428 528 1)
(71748 -55320 132641 308 408 1)
(71754 87704.9 -62524.5 354 454 1)
(71759 62374 -149146 539 639 1)
(71763 -14780.2 40022 477 577 1)
(71769 53389.6 -31344.5 282 382 1)
(71774 59380.6 -57454.5 93 193 1)
(71776 -111785 -85852.1 520 620 1)
(71788 56836.1 -28626.4 468 568 0)
(71798 118773 -117801 224 324 0)
(71805 19205.1 -59480.1 93 193 1)
(71806 46254 -74493.2 129 229 0)
(71809 -102594 -69583.1 406 506 1)
(71814 -107591 47192.6 98 198 0)
(71826 89597.9 147858 332 432 1)
(71837 52349.4 -129830 24 124 1)
(71838 -17061.4 -80694.9 599 699 3)
(71841 11113.9 -2143.7 315 415 3)
(71843 -6023.96 35175.4 376 476 0)
(71844 -111548 -116715 7 107 1)
(71847 -52563 -12261.3 208 308 3)
(71848 105745 -111812 85 185 0)
(71849 -35419.8 100437 111 211 3)
(71864 90665.4 96505.4 398 498 1)
(71881 44358.5 -22282.3 398 498 1)
(71886 -51220.3 -118753 14 114 0)
(71888 -90515.9 -27308.3 227 327 1)
(71893 -32139.9 -57509.2 180 280 1)
(71905 122807 63253.7 1 94 3)
(71908 -68353.6 -76603.3 497 597 0)
(71925 55371.3 21009.2 40 140 3)
(71931 121868 53145.8 374 474 1)
(71933 21063.5 10771.2 458 558 1)
(71935 5030.2 -13224.2 304 404 1)
(71937 109646 22918.2 217 317 3)
(71938 -13982.3 131699 513 613 1)
(71940 -36117.1 -92691.9 356 456 1)
(71942 -113615 -91682.5 282 382 0)
(71953 -1051.49 -102644 15 115 1)
(71962 90519.9 -17194.6 67 167 1)
(71963 101614 -31300.4 13 113 0)
(71964 -29143.7 -86679.9 231 331 1)
(71968 -106678 88297 64 164 0)
(71973 83573.6 136785 473 573 1)
(71981 -47209.1 -6148.12 2 102 3)
(71983 -20006.5 -72560.6 437 537 3)
(71985 -86409.3 148697 153 253 1)
(71987 -121661 -37321 93 193 3)
(71992 -7071.44 -16078.4 546 646 1)
(71996 106745 65210.1 258 358 1)
(71998 -47091.8 28049.2 244 344 1)
