(64002 -47409.3 -32903.3 422 522 1)
(64004 -76397.4 -86679.7 328 428 0)
(64015 107669 51205.3 170 270 1)
(64020 -19044.2 58299 84 184 1)
(64022 2006.56 -109791 99 199 1)
(64026 34354.6 -101856 411 511 1)
(64028 -68356.7 -106778 283 383 1)
(64029 28335.2 58309.8 627 727 1)
(64036 -26234.3 22022.1 116 216 1)
(64037 -74465.3 129753 564 664 3)
(64038 -87363.1 89459 50 150 3)
(64045 -36185.6 -101796 357 457 0)
(64067 -19031.6 139709 198 298 0)
(64072 107629 -87580.6 24 124 1)
(64088 -30858.8 -62802.9 224 324 0)
(64098 67411.9 114524 11 111 1)
(64114 60433.2 93411.7 461 561 1)
(64127 -900.357 -20246.5 244 344 1)
(64130 42395 54208.8 55 155 0)
(64133 111701 102473 149 249 3)
(64134 -22102.6 -88708.5 591 691 0)
(64139 10164.8 -22303.1 516 616 3)
(64147 71535.9 -145043 291 391 1)
(64155 -108602 149879 188 288 1)
(64159 13152.7 -11224.4 588 688 1)
(64168 30233.8 7929.59 43 143 1)
(64172 114815 132748 535 635 1)
(64173 -121492 58231.6 67 167 0)
(64176 46290.6 -87707.3 186 286 0)
(64189 50392.6 -134089 561 661 1)
(64200 -4962.31 -73588.8 162 262 1)
(64203 46399.1 -25358.7 515 615 3)
(64214 -79477 -119977 568 668 3)
(64221 -45255.7 -61413.7 225 325 0)
(64226 54392.9 27072.8 271 371 1)
(64227 -100723 146825 515 615 1)
(64236 7117.57 -59545.7 489 589 3)
(64240 -122748 64335.6 489 589 1)
(64241 -73123.8 -116756 1 96 1)
(64242 -61257.1 -27196 551 651 3)
(64248 -73423.6 11960.9 451 551 1)
(64249 15100.1 -47370.7 458 558 1)
(64251 -29121.7 -28290.6 156 256 1)
(64261 17202.2 119783 539 639 0)
(64263 39376.8 -139144 558 658 1)
(64264 -124856 36957.3 569 669 1)
(64265 -46332.8 -83778.5 572 672 0)
(64282 60457.3 104667 282 382 3)
(64290 -34129.2 85488.6 399 499 1)
(64293 -22117 136752 72 172 1)
(64298 -122677 -141915 413 513 1)
(64299 116813 -23407.4 513 613 0)
(64301 101623 -109697 33 133 1)
(64302 43336.3 15953.2 384 484 1)
(64308 77626.8 -94819.5 501 601 1)
(64310 96717 -138231 551 651 1)
(64321 30268.2 -78627.9 361 461 1)
(64330 -80462.2 -25240.4 325 425 1)
(64342 75560 18131.9 12 112 0)
(64343 24217.1 132560 31 131 3)
(64348 27185 -46396.6 49 149 1)
(64350 32287.5 132871 604 704 3)
(64360 21187.5 -118797 141 241 1)
(64364 -121652 122540 171 271 1)
(64377 4084.27 -56434.5 25 125 1)
(64380 -16012.2 -77602.3 470 570 0)
(64381 -123589 23987 176 276 1)
(64386 24196.3 93391.9 75 175 3)
(64395 64448.3 -45387.4 389 489 1)
(64398 -60274.1 -59482.4 233 333 1)
(64407 -31181.7 31083.2 532 632 1)
(64418 32246.2 2896.26 324 424 1)
(64421 10186.8 -111829 444 544 1)
(64425 -32333.6 20012.4 255 355 3)
(64427 108488 67667.2 125 225 0)
(64428 60666.5 19471.3 369 469 1)
(64430 21426.2 101465 416 516 1)
(64432 94605.2 -79567.1 69 169 1)
(64445 120576 -74423.4 101 201 3)
(64446 -46276.3 -36382.4 588 688 3)
(64458 -114681 -130059 569 669 1)
(64468 -55164.7 -72538.2 76 176 1)
(64470 106879 63320.7 583 683 0)
(64484 73591.7 5912.73 414 514 1)
(64488 -118662 69389.6 231 331 1)
(64489 63510.7 -31344.7 454 554 3)
(64490 23180.9 -26227 26 126 1)
(64492 -82556.3 114619 270 370 1)
(64493 -113644 -143013 311 411 3)
(64494 94543.9 -115752 33 133 1)
(64495 87519.9 -3119.44 1 100 3)
(64498 81646.7 -83742.5 598 698 3)
(64511 -5972.81 2865.14 538 638 1)
(64514 50556.9 -39419.9 181 281 1)
(64517 916.163 -145994 406 506 1)
(64526 1097.37 -62519.2 307 407 1)
(64545 -53292.1 13902.1 238 338 1)
(64568 -117623 40138.5 138 238 3)
(64569 -87423.9 -85713.4 123 223 1)
(64575 -88447.1 -41361.2 119 219 1)
(64578 -33150.2 60269.7 271 371 1)
(64581 100762 41136 466 566 1)
(64588 40336.7 -81655.5 297 397 1)
(64589 -54288.9 -145048 436 536 1)
(64596 80651.3 -20237.3 489 589 3)
(64602 -93487.7 44021.1 31 131 1)
(64617 27560.3 123569 178 278 0)
(64621 -17854.3 78400 398 498 1)
(64623 -11994.2 142852 520 620 1)
(64624 32234 -91695.7 389 489 1)
(64627 16215.8 -141829 75 175 1)
(64628 -82399.8 130755 119 219 1)
(64631 120878 42091.9 304 404 3)
(64632 -63418.5 -133089 527 627 3)
(64636 -33926.8 -65534.9 161 261 1)
(64638 -109819 54405.8 216 316 1)
(64641 -81446.8 -29328.8 342 442 3)
(64650 -26103.6 -148969 71 171 0)
(64652 -36291.3 130638 462 562 1)
(64654 -68447.5 -48480 504 604 1)
(64657 -4959.95 -44502.2 432 532 3)
(64675 -120706 -30321.1 364 464 0)
(64684 -52159.1 -61428.3 20 120 1)
(64686 -19076.5 28032.5 153 253 1)
(64690 -82462.2 24181.8 121 221 1)
(64691 -102549 39144 66 166 3)
(64711 -90499.4 -121050 562 662 0)
(64721 -82528.2 -18302.2 594 694 3)
(64724 -122766 -136106 550 650 3)
(64725 -13043.4 -80750.2 584 684 3)
(64728 20089.2 69230.3 100 200 0)
(64730 -66361.3 15014.7 337 437 1)
(64732 74533.2 -96852.9 535 635 1)
(64737 -68304.3 63229.8 17 117 1)
(64764 4089.7 147706 217 317 1)
(64769 -1973.58 -141031 48 148 0)
(64776 12126.3 -136835 66 166 3)
(64781 -106671 -107952 433 533 0)
(64796 -41180.3 49157.7 146 246 1)
(64800 -38228.2 129601 443 543 1)
(64802 -17024.3 -31286 6 106 1)
(64809 -27064 -111744 28 128 1)
(64810 45407.3 5868.23 491 591 1)
(64812 -24040.4 149717 89 189 1)
(64814 -85528.6 -75662.3 563 663 1)
(64830 -72419.9 -127109 135 235 1)
(64848 -28037.4 -64620.6 221 321 1)
(64858 -91406.8 -26294.6 342 442 1)
(64866 6819.02 12179.8 132 232 1)
(64875 -40226.2 -107653 28 128 1)
(64880 -98537.4 -122731 28 128 3)
(64882 46489.5 53186.9 553 653 0)
(64884 -3912.53 133901 597 697 1)
(64885 -104735 43012.1 198 298 1)
(64892 -53303.5 -91767.3 503 603 0)
(64894 -98619.8 -5200.15 474 574 3)
(64895 27262.3 -42464.1 547 647 0)
(64897 -67372 79482.9 534 634 1)
(64909 19199.8 -78678.1 446 546 3)
(64924 60454.7 148788 113 213 1)
(64928 80717.7 -40388.9 558 658 1)
(64931 -33108.1 -41343.7 1 99 1)
(64942 26203.4 -73639.5 116 216 3)
(64943 -118800 64292.2 517 617 1)
(64946 1071.48 -11175.7 106 206 3)
(64948 93615.1 13885.9 272 372 0)
(64949 10217.6 -56523.4 55 155 3)
(64951 19225.9 -107892 523 623 0)
(64960 96740.1 -15246.7 346 446 1)
(64964 -120777 -33358.2 475 575 3)
(64968 64256.1 -37502.5 484 584 3)
(64973 -46213 114559 373 473 3)
(64978 114699 51177.7 209 309 1)
(64993 38307.7 -53475.1 359 459 1)
(64995 123752 41042.7 54 154 1)
(64998 17136.9 66248.3 120 220 3)
