(125017 24200.7 -51459 478 578 0)
(125018 -15070.2 45182.1 282 382 0)
(125021 -9981.13 -120971 487 587 1)
(125033 116788 37106.6 297 397 1)
(125041 -102521 -95690 176 276 1)
(125053 -2882.57 97497.8 387 487 1)
(125055 -88693.5 -136111 596 696 1)
(125058 -95575.5 -58458.9 137 237 3)
(125059 6027.12 -61481.7 225 325 0)
(125060 3118.1 41141.8 587 687 3)
(125064 -45220.6 90421.5 305 405 1)
(125065 -122030 117681 170 270 0)
(125072 17214.4 63320 64 164 1)
(125076 94607.9 -52455.7 155 255 3)
(125083 111745 16044.4 162 262 1)
(125086 39285.8 114526 152 252 1)
(125087 -924.879 -94689.5 255 355 1)
(125090 -48244.9 128699 117 217 1)
(125094 74617.9 59485.2 628 728 1)
(125097 -71432.6 109672 592 692 0)
(125101 89656.4 -50478.2 484 584 1)
(125103 82678 -14218.8 603 703 3)
(125105 4073.08 -9160.24 315 415 3)
(125107 1052.3 -43481.3 512 612 3)
(125115 -108723 -15238.4 26 126 0)
(125117 -60355.3 95513 275 375 1)
(125123 70530.2 -59528.5 432 532 3)
(125131 -51240.5 -66503.8 208 308 1)
(125135 98086.5 116208 412 512 0)
(125138 74535.5 -127815 142 242 3)
(125144 -26092.8 45189.8 543 643 0)
(125147 85538.4 143725 141 241 1)
(125150 12803.4 93876.9 426 526 0)
(125152 108822 -51478.8 19 119 1)
(125155 104710 42105.4 302 402 1)
(125162 20164.3 -75668.1 20 120 3)
(125173 83586.3 7929.49 221 321 3)
(125176 115987 -19300.8 612 712 1)
(125182 40297.1 -11175 101 201 1)
(125196 -80476.4 -118955 464 564 1)
(125201 94786.9 -144088 458 558 1)
(125205 -15065.3 -9205.62 505 605 1)
(125206 49317.8 135641 62 162 0)
(125213 79482.5 -51322.5 127 227 0)
(125215 -102554 43128.7 197 297 0)
(125219 -63334.9 123838 445 545 3)
(125220 26289.3 56357 585 685 1)
(125221 -38156.9 -12192.8 78 178 3)
(125222 -55354.7 -130020 547 647 3)
(125223 -78477.8 73363.5 533 633 1)
(125224 -9927.87 -85678.2 381 481 0)
(125230 121912 -21296.1 387 487 1)
(125236 81583.3 -66465.4 392 492 3)
(125240 61592.5 -78662.5 360 460 1)
(125243 28233.5 21077.9 383 483 0)
(125251 -83386.6 16791.7 107 207 1)
(125256 25209.7 38087 235 335 1)
(125258 -13892.4 -146965 353 453 1)
(125261 -118720 -109857 519 619 1)
(125266 36267.8 -131939 204 304 1)
(125267 -21088 -59563.9 621 721 1)
(125268 -50252 90522.6 626 726 3)
(125270 -50223.5 39090.7 253 353 1)
(125277 -36208.8 96539 595 695 3)
(125286 74590 -70608.2 356 456 3)
(125295 -63299.9 -77552.4 160 260 1)
(125300 41302.3 120681 539 639 0)
(125303 14102.2 49219.6 273 373 1)
(125307 48644.7 111468 371 471 0)
(125309 -106569 -33345.3 71 171 1)
(125316 -35179.6 -31233 177 277 3)
(125339 37178.6 53279.7 384 484 3)
(125344 46388.7 -63487.5 409 509 1)
(125365 -80488.3 37096.7 612 712 1)
(125368 -61380.9 -95867.8 593 693 3)
(125370 -966.761 -76458.5 1 97 1)
(125371 117681 -89589 57 157 1)
(125374 19200.9 44364.4 317 417 1)
(125377 44352.8 107457 1 100 1)
(125382 -72322.2 66090.4 5 105 1)
(125393 88630.8 -2169.41 286 386 1)
(125395 64488.1 34095.1 260 360 3)
(125396 66417.6 -13217.7 136 236 3)
(125399 -36185.2 -85689.1 350 450 1)
(125400 -52372.2 -15279.8 196 296 1)
(125414 119828 57138.4 311 411 3)
(125422 -24078.2 132714 345 445 1)
(125429 42354 91543.5 575 675 3)
(125430 -111534 -21087.2 584 684 3)
(125431 108655 -53424.1 67 167 3)
(125434 -15028.6 13959.2 254 354 1)
(125446 -29062.3 9784.76 16 116 3)
(125449 56505.7 -79746.7 562 662 0)
(125456 10177.7 -76622.7 538 638 3)
(125462 83638.1 55154 226 326 1)
(125467 -74419.7 74347.2 189 289 1)
(125475 -121726 886.516 454 554 1)
(125476 -73440.5 9913.13 542 642 3)
(125479 -42188.5 -112878 465 565 0)
(125480 -92546.3 -123876 232 332 0)
(125481 72607.9 -20298.8 589 689 1)
(125483 -78484.9 113652 508 608 3)
(125484 -106649 55299.9 607 707 3)
(125486 -55288.4 -15242.1 374 474 1)
(125488 -75357.3 -8158.36 64 164 0)
(125500 85721 133863 504 604 3)
(125501 48443.9 -94698 324 424 1)
(125505 25352.3 73377.4 559 659 1)
(125507 -75010.3 -17608.4 109 209 3)
(125510 -26013.6 -85.1642 43 143 3)
(125523 80581.6 -25313.6 335 435 1)
(125529 74693.2 -106837 323 423 1)
(125532 -14055.9 -104645 76 176 1)
(125534 99787.7 120718 552 652 1)
(125539 -39174.9 -95777.8 308 408 1)
(125545 23185.9 22032.8 277 377 1)
(125548 75520.5 109516 215 315 1)
(125571 105810 -111868 517 617 1)
(125577 12161.6 -27278.9 425 525 3)
(125578 -27089.7 -126086 536 636 1)
(125584 -17022.2 6970.57 137 237 3)
(125585 44219.1 15981.1 13 113 1)
(125587 12131 -44428.6 529 629 1)
(125589 28319.9 -105804 231 331 1)
(125592 -64360.8 -121900 241 341 0)
(125597 38333.9 -46462.2 489 589 3)
(125607 -29121.8 -86685.5 365 465 1)
(125610 85592.3 63251.9 214 314 0)
(125617 -99656.2 49250.8 564 664 1)
(125618 -66754.4 -67635 522 622 0)
(125619 10056.5 67204.4 361 461 1)
(125626 71689 3938.13 344 444 0)
(125630 31319.8 -71638.2 547 647 1)
(125632 -99554.6 99668.3 422 522 1)
(125639 24210.8 -103742 349 449 1)
(125641 -33131.7 44121.7 397 497 3)
(125654 12154.9 -86741.7 462 562 1)
(125657 61477.4 111847 347 447 1)
(125665 -69277.9 -76575.5 84 184 3)
(125666 -60278.7 113541 67 167 1)
(125670 15140.2 -79557.3 71 171 0)
(125671 -110665 69328.8 454 554 3)
(125672 2158.78 73219.8 7 107 0)
(125681 17169 -36371.1 357 457 0)
(125691 -4937.8 -130115 622 722 1)
(125693 -23088.5 12947.2 310 410 0)
(125696 17130.3 30065.6 17 117 1)
(125699 -88276.9 39067.2 175 275 1)
(125712 -27063.6 61536.8 203 303 3)
(125718 -38258.8 -17239.3 563 663 1)
(125727 -21895.9 -76782.8 547 647 3)
(125736 14239.9 80403.2 196 296 1)
(125739 51387.5 -63531.7 338 438 1)
(125740 101699 139882 519 619 1)
(125741 -88547.8 71475.8 248 348 1)
(125747 78552.2 -129932 353 453 1)
(125755 -98502.1 48168.4 110 210 1)
(125763 -39061.3 135008 520 620 1)
(125768 -9989.09 146817 491 591 1)
(125776 -9007.86 140663 90 190 3)
(125787 48518.4 -51539.6 607 707 3)
(125795 65547.2 -80716.3 627 727 1)
(125799 77562.8 72350.5 365 465 1)
(125807 81595.6 -8096.78 426 526 1)
(125814 -81385.8 -113810 206 306 1)
(125817 45361.7 -49202.6 201 301 1)
(125823 -26136.1 -55478.4 277 377 3)
(125824 -28054.6 -7125.31 4 104 1)
(125827 -108562 -26272.7 136 236 1)
(125829 19186.3 -136941 245 345 1)
(125831 9256.39 120600 264 364 1)
(125838 102726 -127686 48 148 3)
(125840 -65359.2 -8166.84 286 386 3)
(125853 75690.3 18116.6 367 467 0)
(125863 49448 50370.2 557 657 3)
(125872 38354.5 12955.9 103 203 1)
(125879 -72648 73479.5 433 533 0)
(125897 60452.6 43166.2 241 341 1)
(125898 55187.4 -24760.8 610 710 0)
(125902 -8234.85 140683 388 488 3)
(125908 -82675.9 18315.4 411 511 1)
(125909 76725.4 -148305 146 246 1)
(125921 -97478.2 86374.3 8 108 1)
(125930 -75423.8 -94715.9 554 654 3)
(125934 44417.7 -68433.2 379 479 3)
(125936 19249 -147312 609 709 1)
(125952 63496.5 1856.11 577 677 0)
(125953 -96539.8 -90694 329 429 1)
(125971 -22639.9 -107128 587 687 1)
(125974 109629 -39320.5 14 114 3)
(125988 87514.4 -46415.9 396 496 3)
(125994 27162.9 -43433.3 528 628 3)
(125997 35321.2 -52489.7 434 534 1)
