(23003 1139.74 12947.6 599 699 0)
(23010 -51277.3 104528 456 556 1)
(23011 -46258.1 -111973 611 711 1)
(23012 -64336.5 -36392.6 221 321 1)
(23015 76579.6 15642.2 360 460 1)
(23021 -5059.43 -122941 302 402 0)
(23022 -941.423 -119806 18 118 1)
(23023 43327.2 -71609.2 169 269 3)
(23025 -4992.32 -63457.3 148 248 3)
(23029 59389.2 -30286.9 93 193 1)
(23031 -29050.6 -45338.5 118 218 0)
(23035 74479.6 23784 115 215 1)
(23037 10164.8 120608 504 604 3)
(23039 30300.8 25985.7 191 291 3)
(23040 -69365.4 -12220.3 138 238 3)
(23044 -58363.6 121782 576 676 0)
(23051 92718.5 -57246.1 203 303 1)
(23054 -35245.6 -21363.6 608 708 1)
(23062 -28087.4 42197.1 135 235 1)
(23066 -45234.3 -35302.7 228 328 1)
(23080 -35151.6 -63463.9 96 196 1)
(23104 105640 -29286.6 135 235 3)
(23109 18199.6 83373.6 464 564 3)
(23115 -12686.1 -38435.8 315 415 3)
(23118 -115056 20986.3 336 436 3)
(23121 -118608 96452.3 126 226 3)
(23124 65423 138671 77 177 1)
(23130 112573 -53632.6 411 511 1)
(23132 -64277.7 66265.1 40 140 1)
(23145 -64278.1 107443 17 117 0)
(23149 -115639 -76583.5 233 333 1)
(23155 -59307.2 987.557 106 206 1)
(23158 97693 -73619.7 456 556 1)
(23183 92020.2 24908.5 603 703 0)
(23185 62420.1 -73559.9 166 266 1)
(23209 80.3346 -115947 623 723 1)
(23211 96738.6 863.041 573 673 0)
(23215 -94467.3 -34297 280 380 3)
(23216 3109.21 -8079.55 8 108 0)
(23237 -123760 -13231.4 461 561 1)
(23239 -77483.6 -64632.9 408 508 0)
(23242 -37074 -77553.2 1 101 3)
(23243 -62324.9 58103.9 335 435 1)
(23244 -113672 -91832.8 620 720 0)
(23251 -30118 -37294.2 82 182 1)
(23257 60452.3 107629 580 680 1)
(23264 -41629.7 122649 209 309 1)
(23266 104775 81400.5 467 567 1)
(23269 5097.59 -10032.4 173 273 3)
(23272 -18259.5 83474.1 301 401 3)
(23273 -11059.5 7950.64 499 599 3)
(23287 -101771 23028.5 559 659 3)
(23291 118656 -123901 1 97 1)
(23297 50278.7 -68452.7 20 120 1)
(23301 -95507.2 -105833 451 551 1)
(23305 14185.8 56240.9 515 615 1)
(23316 -19927.2 74496.4 465 565 1)
(23327 96645.2 -53479 236 336 0)
(23329 -86725.2 55193 196 296 1)
(23348 88577.2 -93634.3 138 238 1)
(23349 7068.81 81334.2 89 189 1)
(23357 -11018.2 -55512.4 455 555 1)
(23361 87634.1 -85701.9 411 511 3)
(23362 -11041.1 4902.1 450 550 1)
(23365 46320.8 -145889 75 175 1)
(23371 61.6665 59307.1 423 523 3)
(23376 47325.7 -116736 41 141 1)
(23388 22176.3 -81665.1 414 514 3)
(23397 63538.4 86389 462 562 3)
(23408 -27115.1 -10215.6 483 583 3)
(23411 -54404.7 -89508.3 129 229 1)
(23412 42311.8 32137.6 611 711 1)
(23413 -39186.2 -72643.3 573 673 0)
(23414 -63315.5 63256.4 204 304 3)
(23423 49351.3 -71613.8 504 604 3)
(23426 -65279.3 -79973.7 299 399 1)
(23442 47330.9 116526 76 176 1)
(23447 -64960.8 58253.8 386 486 1)
(23449 16190.7 -117095 583 683 1)
(23457 -50324 -102705 7 107 1)
(23463 101531 23050.8 69 169 3)
(23466 49399.6 -124795 1 100 1)
(23469 113749 -73607.4 482 582 0)
(23473 112679 -33318.1 113 213 3)
(23475 -54257.7 -114839 190 290 1)
(23490 -59298 -77570.1 219 319 1)
(23496 -118602 91359.3 194 294 3)
(23500 -91463.7 -72557.3 177 277 1)
(23503 -13308.7 71225.4 376 476 3)
(23511 -96439.2 -36291.1 1 94 1)
(23516 -64349.8 -114884 332 432 1)
(23518 118891 -26365.2 342 442 0)
(23528 -17996.5 -124988 436 536 1)
(23534 69593.4 -11218.7 131 231 0)
(23538 -87601.9 -60478.7 262 362 1)
(23558 9097.01 -111731 138 238 3)
(23562 34237.6 -14194.8 36 136 3)
(23572 -63350.5 11908.6 435 535 3)
(23577 -94500.7 -131893 204 304 1)
(23581 84616.1 -145090 410 510 3)
(23589 -35122.3 47116.8 17 117 1)
(23591 6118.78 43176.6 412 512 1)
(23596 -22007.5 -124140 551 651 1)
(23617 38347.7 -93795.5 546 646 1)
(23621 -4945.42 20992.2 161 261 0)
(23630 -73621.2 -97710.2 197 297 0)
(23646 -4967.43 28023.7 400 500 1)
(23649 -11006.7 26982.5 202 302 3)
(23651 83710.7 114641 497 597 1)
(23652 77548.3 -76538.2 110 210 0)
(23653 1100.18 33116.7 297 397 0)
(23657 -45178.2 -51417.7 517 617 1)
(23658 53309.2 -23227.6 90 190 1)
(23660 -114680 112625 361 461 1)
(23663 104709 103494 196 296 1)
(23665 21970.7 -24372.7 409 509 3)
(23668 -30304 -32282.9 60 160 0)
(23682 23148.2 129737 516 616 1)
(23689 -117766 -140946 537 637 1)
(23699 -19118 12993.3 239 339 0)
(23702 -62381.3 4921.33 511 611 1)
(23709 54570.6 -133079 603 703 1)
(23718 -77444 75378.3 201 301 1)
(23731 13170.4 8965.65 155 255 0)
(23738 -67377 -109891 502 602 3)
(23744 -51173.6 5925.92 86 186 1)
(23750 -27083.6 -23242.8 408 508 1)
(23751 -55397.4 -149234 620 720 1)
(23757 -51261.8 -109848 566 666 1)
(23758 7260.74 -85509.1 500 600 1)
(23760 115701 70256 29 129 1)
(23782 -104633 27019.3 513 613 3)
(23787 92750.4 -58549.4 605 705 1)
(23795 62464.6 18982.1 529 629 1)
(23820 45371.5 -41428.7 533 633 1)
(23829 -9991.46 14937.5 591 691 1)
(23841 114692 11967.7 49 149 3)
(23843 36316.8 -136974 319 419 1)
(23844 -20059 30050.3 246 346 3)
(23847 -97472.2 -64465.6 1 93 0)
(23848 -36181.1 -8217.9 439 539 1)
(23867 -24077.1 -117818 204 304 3)
(23873 -59314.5 99492.1 424 524 1)
(23893 -103346 -148095 294 394 0)
(23897 40340.1 -94736.5 488 588 1)
(23902 -11085.3 -98822.5 398 498 1)
(23909 21208.1 -82670.8 420 520 1)
(23911 -40168.7 -66558.7 399 499 1)
(23915 -23086.3 -99596.2 436 536 1)
(23923 -26059.9 -123930 345 445 3)
(23935 -49999 131024 431 531 0)
(23938 86657.7 144951 412 512 1)
(23951 -6957.35 145704 174 274 1)
(23953 96612.5 -47407 257 357 1)
(23960 -37134 -58476.3 139 239 3)
(23968 -2959.7 -100668 186 286 3)
(23969 -82787.7 -22382.7 557 657 1)
(23985 -81409.4 29053.1 1 100 1)
(23988 -66351.4 -97756.5 482 582 0)
(23995 -17018.4 135725 397 497 1)
(23998 -34207.8 125874 623 723 0)
