(76009 90644.2 116537 245 345 3)
(76010 50626.8 -132967 232 332 1)
(76025 -103577 70326.7 479 579 1)
(76029 21214.3 74380 275 375 1)
(76068 67529.2 36056.1 161 261 0)
(76075 -33161.9 -128998 346 446 1)
(76076 -58286 -34352.6 333 433 3)
(76082 116739 -126844 219 319 1)
(76084 -102466 -31354.5 136 236 1)
(76094 -4070.55 79672.1 225 325 1)
(76116 -100856 -115973 487 587 3)
(76118 94702.1 58274.7 284 384 1)
(76119 -27018.5 58248.9 525 625 0)
(76130 -30156.5 -128960 401 501 3)
(76136 -67176.3 1931.98 57 157 0)
(76144 -8983.07 -90551.9 1 97 1)
(76149 57456.5 -29311.7 378 478 0)
(76154 72406.4 -104675 23 123 0)
(76160 37252.9 96472.8 141 241 1)
(76177 40.9406 -79758.6 13 113 3)
(76178 -104593 -52419 471 571 1)
(76184 -56305.4 35144.2 187 287 1)
(76189 -27989.4 135741 253 353 1)
(76193 -39222.7 -25246 557 657 1)
(76196 93686.2 72271.9 159 259 1)
(76198 -31102.6 -72633.7 458 558 1)
(76212 114887 -64612.8 565 665 1)
(76221 10256 -18095.2 278 378 1)
(76226 -66411.4 -45469.9 573 673 1)
(76235 17215 -136111 629 729 1)
(76244 -51251.5 -42383.5 257 357 1)
(76250 71566 -62584 623 723 0)
(76261 -112483 -78584.3 9 109 1)
(76267 96607.5 -89470 65 165 1)
(76269 -48208.8 -132864 1 96 3)
(76273 -4898.77 -135006 383 483 1)
(76279 -74412.2 123706 343 443 1)
(76298 24591.6 38034.2 401 501 0)
(76301 -119587 -95718.4 102 202 1)
(76302 72.5721 -10001.3 226 326 1)
(76305 -115681 14905.4 4 104 1)
(76308 -24050.1 -21224.9 490 590 1)
(76322 -50280.7 32093.2 307 407 1)
(76332 96797.2 -75602.5 560 660 1)
(76336 11135.7 -47330.2 402 502 1)
(76344 11161.5 -121656 27 127 1)
(76345 63403.7 -26285.6 157 257 1)
(76346 -22036 -144207 558 658 1)
(76357 -90477.2 53270.9 469 569 1)
(76361 36338.3 79527.4 597 697 1)
(76370 -37179.5 -46461.8 239 339 0)
(76376 -34455.6 97223.4 452 552 1)
(76379 -90431.2 -30253.1 374 474 3)
(76391 -8985.14 14948.6 562 662 3)
(76392 37332 -117838 163 263 3)
(76396 53283 28007.6 176 276 1)
(76401 -3473.15 -49470 482 582 3)
(76405 1050.26 -37320.5 79 179 0)
(76408 -34155.7 -97627.7 385 485 3)
(76409 -99569.4 65278.3 324 424 1)
(76418 -13225 43051.6 532 632 1)
(76429 -38489.7 -83622.5 616 716 0)
(76438 -15115.8 -92630.6 99 199 3)
(76446 63414.5 89385.2 66 166 1)
(76452 -87454.3 25040.9 210 310 1)
(76457 -37158.4 -54475 308 408 1)
(76462 111908 -58605 573 673 1)
(76475 -123866 95533.3 417 517 0)
(76486 -108498 -127812 2 102 1)
(76487 -59292.9 -47467 368 468 3)
(76495 75601 -116898 401 501 1)
(76500 -27103.7 -59474.9 451 551 3)
(76507 -77456.4 -87718.8 414 514 1)
(76508 -5999.26 53146.9 53 153 3)
(76510 74529.3 -54482.5 333 433 3)
(76511 84565 -59644.5 620 720 1)
(76513 4143.7 -17319.9 412 512 1)
(76520 99789 117746 580 680 1)
(76521 73600.8 -37366.9 520 620 0)
(76526 28287 -82938.9 584 684 1)
(76529 -53255.2 -104723 158 258 1)
(76539 3149.65 -116831 270 370 1)
(76544 77507.6 35068.4 128 228 1)
(76550 120893 -110903 517 617 1)
(76552 -26177.9 -127905 305 405 1)
(76557 -57275.7 -143105 543 643 1)
(76560 -58438.4 26035.3 559 659 3)
(76571 56379.6 10882.6 173 273 1)
(76580 -80141.9 101438 182 282 3)
(76586 24247.3 24078.2 217 317 3)
(76587 61747.9 -93565.4 88 188 3)
(76588 -58339.8 -30371.7 572 672 3)
(76595 82532.8 114574 236 336 1)
(76601 68490.5 54221.4 272 372 1)
(76607 14043.7 110508 384 484 1)
(76628 40287.9 117577 176 276 3)
(76630 30124.8 -89559.2 46 146 1)
(76631 -86539.3 63222.6 571 671 3)
(76632 -40136 -87789.1 599 699 3)
(76643 56403.7 -115807 147 247 1)
(76645 97741.7 -53458.1 450 550 1)
(76650 -10043.4 -47515.8 421 521 1)
(76651 -118784 -95837.5 604 704 1)
(76670 19135.4 -45351.2 62 162 3)
(76673 -48266.6 -67604.5 6 106 0)
(76674 91713.9 18945.4 528 628 0)
(76675 -118613 56195.7 63 163 1)
(76689 -69439.1 23045.2 408 508 1)
(76692 42376.4 3876.93 459 559 1)
(76693 5095.5 -42398.4 603 703 3)
(76705 97705.9 50163.5 120 220 0)
(76719 81504.5 54194.5 12 112 1)
(76728 26008.1 -37437.2 142 242 1)
(76734 -5976.73 22125.6 210 310 1)
(76739 -6091.21 -122734 7 107 3)
(76743 -57503.3 -29360.5 410 510 1)
(76744 38304.2 117608 424 524 3)
(76746 -42223.8 99659.8 438 538 1)
(76754 16177.4 101538 412 512 1)
(76756 70439.7 58233.5 97 197 1)
(76763 -51256.2 -19266.9 425 525 1)
(76770 -33149.6 -136990 445 545 1)
(76775 -60322.5 7911.72 353 453 1)
(76793 68478.2 84433.3 339 439 1)
(76794 -88371.9 57209.3 106 206 1)
(76796 -92569.9 67205 451 551 1)
(76797 65505.7 149958 557 657 1)
(76800 -16986 -56547.9 436 536 3)
(76801 63516.7 -102902 615 715 0)
(76805 72577.8 -15229 424 524 1)
(76806 69435.5 -1080.17 43 143 3)
(76828 -14040.3 127770 425 525 3)
(76829 -46210.8 8906.64 136 236 1)
(76843 -25112.1 5997.79 343 443 3)
(76849 4001.77 12868.9 249 349 1)
(76850 -33154.8 -93803.6 527 627 0)
(76855 -76519.9 -15298.7 600 700 1)
(76861 -961.064 41152.4 261 361 1)
(76866 27765.2 29012.2 499 599 0)
(76874 85646.2 29010.4 535 635 0)
(76876 100642 42072.6 79 179 1)
(76886 -105330 -114890 339 439 0)
(76892 50475.5 -31413.8 578 678 1)
(76894 98806 28052.4 615 715 1)
(76898 -60324.3 13942.6 185 285 1)
(76899 95485.7 -14159.8 89 189 1)
(76908 -16023.2 -129933 231 331 1)
(76909 95584.2 -33685.8 430 530 1)
(76913 -115712 34101.5 523 623 3)
(76919 -32119.9 31002.1 49 149 1)
(76925 -78444.1 -53470.1 558 658 3)
(76926 25306.2 -99746 15 115 3)
(76941 83531.6 -140985 78 178 0)
(76946 96767.9 -49544.8 101 201 0)
(76951 15144.9 50201.6 302 402 1)
(76961 15147.2 -66503.7 172 272 3)
(76969 80696.9 -15248.6 354 454 0)
(76975 46317.8 -104720 123 223 1)
(76987 -68358.3 -103779 163 263 1)
(76992 49412.6 -76561.8 83 183 3)
(76996 -91685.8 -92775.6 406 506 0)
(76998 88554.5 -141043 36 136 1)
