(6002 5275.78 -145748 222 322 1)
(6003 -97471 16981.9 37 137 1)
(6007 -9002.01 -22253.8 395 495 3)
(6011 -77480 90363.8 316 416 3)
(6024 -19294.3 -141364 609 709 0)
(6025 -32085.5 -34328.3 344 444 1)
(6028 65349.2 53192 342 442 1)
(6032 82578.9 -45539.1 522 622 1)
(6043 -23268.5 85145.1 43 143 1)
(6051 46430.1 37126.1 545 645 3)
(6052 -110648 69324.6 133 233 0)
(6053 8112.78 -112879 610 710 3)
(6054 -10121.3 -8251.59 482 582 1)
(6068 -28109.5 -13298.6 457 557 1)
(6069 96657.4 -31324.5 224 324 1)
(6071 22159.2 -54407.5 33 133 1)
(6085 -57355.7 -26163.2 390 490 1)
(6088 -29055.3 83344.1 54 154 0)
(6104 89621.5 -146050 344 444 1)
(6111 -32157.9 -57496.7 380 480 3)
(6112 -112684 43182 584 684 1)
(6130 -62234.1 89516.7 363 463 1)
(6147 61502.2 -37241.1 19 119 0)
(6156 -49282.1 113616 523 623 3)
(6157 41358.7 14949.3 575 675 1)
(6173 -47328.4 -13138.5 71 171 1)
(6177 -57282 73289.7 202 302 1)
(6185 -22079.6 85390.6 33 133 1)
(6186 -31150.6 -47402.5 216 316 1)
(6189 12217.7 42115.6 489 589 3)
(6202 -34130.5 923.273 623 723 1)
(6207 -37246.3 94483.6 233 333 0)
(6208 5014.97 -126949 25 125 3)
(6213 2069.4 -128946 209 309 1)
(6215 -60696.2 -21336 578 678 1)
(6217 103769 146993 526 626 1)
(6235 118878 17010 374 474 1)
(6238 -109661 -39452.8 376 476 1)
(6240 -124884 57326 420 520 3)
(6243 -121752 -30401 451 551 3)
(6247 -18035.3 -2163.54 359 459 1)
(6262 26228.9 49167.5 34 134 1)
(6269 111801 3880.64 406 506 1)
(6272 87456.4 749.489 275 375 1)
(6288 -8976.71 67340.6 190 290 0)
(6292 -124443 107651 573 673 1)
(6293 -12925.9 -82872.7 195 295 1)
(6302 59516 74379 468 568 1)
(6305 15166.6 -129917 174 274 1)
(6309 -62286.1 46147.5 167 267 1)
(6311 -79468.2 75383.5 402 502 0)
(6316 23150.8 41079.4 73 173 1)
(6325 20165.1 -80670.9 519 619 1)
(6326 -87647.9 -79656.7 488 588 1)
(6328 -120741 14832.4 509 609 3)
(6338 69497.3 -8208.96 545 645 1)
(6341 -121606 -44354.4 42 142 1)
(6343 37315.1 23024.7 409 509 3)
(6355 50284.5 82331.4 295 395 1)
(6363 108654 -28181.6 20 120 1)
(6371 16167.4 -121899 168 268 1)
(6374 54420 -126898 33 133 1)
(6376 -87471.9 4964.68 223 323 1)
(6378 -57607.6 1724.3 414 514 1)
(6380 56343 -87671.8 251 351 1)
(6382 -69391 -52517.2 517 617 1)
(6383 17153.8 -105682 55 155 1)
(6385 43299.9 68391.1 539 639 0)
(6390 -98489.9 35045.6 221 321 0)
(6400 -95287.8 23906.1 2 102 1)
(6408 3090.17 52177.4 283 383 3)
(6409 -21088.7 10912.9 552 652 0)
(6422 -1941.05 -101769 282 382 3)
(6428 68455.2 -84461.4 241 341 3)
(6431 65609 -113886 490 590 3)
(6438 85408.3 -136993 196 296 0)
(6440 -101038 -21440.8 586 686 0)
(6445 43334.1 -21264.6 309 409 1)
(6449 -84592 -51440.2 529 629 0)
(6451 -77365.8 -130805 19 119 3)
(6455 104674 145662 249 349 0)
(6456 87664.8 -82658.4 438 538 1)
(6473 66907.7 36159.1 494 594 1)
(6475 95286.9 97455.6 518 618 0)
(6476 18908.9 -118896 140 240 0)
(6482 48342.7 -125669 7 107 3)
(6486 50760 125768 573 673 1)
(6487 85733.5 2851.03 530 630 1)
(6493 -47242.7 50244.9 590 690 1)
(6497 -19103.1 107539 446 546 0)
(6505 86553 -105710 41 141 0)
(6516 55375.4 4921.49 81 181 1)
(6527 49390.6 39128.9 354 454 1)
(6531 -124797 119694 541 641 1)
(6533 62477.1 52345 322 422 1)
(6545 12119.8 -140205 549 649 1)
(6548 -27141 -47527.6 610 710 1)
(6552 -31016.8 31246.6 356 456 1)
(6553 20188 68323.8 13 113 1)
(6570 -91623.9 18020.3 336 436 1)
(6579 31263.5 31804.3 351 451 1)
(6581 -36044.3 -33356.3 331 431 1)
(6589 24255.1 -7111.85 57 157 0)
(6592 28239 30063.7 262 362 1)
(6616 35241 16912.1 509 609 1)
(6622 -119753 -19208.2 462 562 1)
(6628 34290.7 76338.8 353 453 1)
(6630 33288.4 72346.4 472 572 1)
(6633 106617 -67715.3 179 279 1)
(6641 -96569.8 -75616 361 461 0)
(6645 5030.85 139852 113 213 1)
(6648 9026.11 -2083.34 6 106 1)
(6654 51411.8 -141927 192 292 1)
(6656 2113.45 -22304.8 541 641 0)
(6664 -52320.6 -65613.6 519 619 0)
(6669 -18047.6 -112685 10 110 3)
(6675 -14968.6 11979.3 422 522 1)
(6676 -108679 -124978 494 594 3)
(6687 50318.3 -89633.1 114 214 3)
(6688 -93474.6 85400.6 133 233 1)
(6696 35208.9 -127861 107 207 1)
(6701 -122663 -20255.4 46 146 3)
(6702 52555.7 -142758 234 334 1)
(6710 43340.6 25036 87 187 1)
(6711 -9994.41 76444.5 519 619 1)
(6712 -55136.8 -143091 428 528 0)
(6723 -40246.1 139046 411 511 3)
(6725 -21072.2 61230.6 118 218 1)
(6734 -30174.1 42118 7 107 1)
(6742 -54283.4 12962.7 462 562 1)
(6754 -13788.1 -56687.7 606 706 3)
(6755 -73351.6 -48345.6 27 127 1)
(6756 -120497 -112804 113 213 1)
(6757 112570 -148015 37 137 1)
(6759 42328.8 42998.5 76 176 0)
(6765 -53147 -142418 548 648 3)
(6770 93662.7 59241.3 371 471 1)
(6781 -65371.9 -28359.1 399 499 3)
(6785 -62385.3 10936.9 317 417 0)
(6787 -117617 24013 393 493 1)
(6790 -27098.6 -84674.2 142 242 1)
(6796 104692 81402 350 450 1)
(6798 34325.3 30087.9 241 341 0)
(6800 -11171.9 -31356.3 128 228 1)
(6806 -7061.84 125818 616 716 1)
(6809 -12017.8 -83617.8 193 293 0)
(6810 -26208.8 45145.5 589 689 0)
(6816 -46.5361 -23258 38 138 1)
(6818 84567.3 -110019 56 156 0)
(6819 -11789.1 -96737.7 389 489 3)
(6822 87568.6 -99671.9 65 165 3)
(6823 112661 -83721.3 186 286 3)
(6825 75447.5 -56394.1 53 153 1)
(6826 -46255.8 -70518.8 280 380 3)
(6830 -72428.5 -94798 558 658 0)
(6846 -73282.4 45219.3 121 221 1)
(6849 -18060.9 -146043 257 357 3)
(6855 16201.5 -43462.3 309 409 0)
(6856 55447.7 -10222.8 103 203 1)
(6881 116704 -75501.2 132 232 3)
(6883 90659.4 -119966 328 428 0)
(6892 -122642 -145987 59 159 1)
(6893 -113708 -92641.4 118 218 3)
(6901 -90548.4 -102739 591 691 1)
(6907 -95447.1 -131955 337 437 3)
(6913 33248.2 3895.21 580 680 3)
(6918 -42205.9 18016.6 423 523 1)
(6929 -100627 1844.81 523 623 0)
(6936 -23173.3 99531.2 625 725 1)
(6939 -69347.9 58256.6 153 253 1)
(6941 78645.8 84433.9 544 644 0)
(6954 -46211 -110645 280 380 1)
(6955 102781 -143105 464 564 1)
(6965 -63473 128882 581 681 1)
(6971 96698.3 134668 283 383 3)
(6980 118820 83540.2 458 558 3)
(6982 8093.48 -68636.3 555 655 1)
(6989 -74388 143633 96 196 3)
(6996 -26123.9 -64549.4 292 392 1)
(6997 117723 -132090 446 546 1)
