(54002 -10899.9 -60570.6 327 427 3)
(54005 -87473.4 144727 222 322 1)
(54006 82447.7 -10139.6 81 181 0)
(54007 -78411.3 -141922 100 200 3)
(54010 -93528.4 -43460.4 442 542 1)
(54015 -68445.9 -63438.4 403 503 1)
(54026 100724 48125.5 583 683 1)
(54028 51320.6 16966.4 123 223 1)
(54029 96651 -124181 568 668 3)
(54034 47323.8 -25212 218 318 3)
(54035 -32115.8 -34280.1 112 212 1)
(54038 -52280 -105746 355 455 1)
(54063 3431.74 -51508.3 98 198 1)
(54067 -24130.3 -68593.1 447 547 1)
(54068 -29033.2 -56387.8 83 183 1)
(54070 -88355.2 11891.9 117 217 0)
(54072 -27119.1 32081 266 366 1)
(54074 11144.4 16992.4 308 408 1)
(54088 -54192 -128043 328 428 3)
(54109 -9039.04 24840.7 536 636 3)
(54119 58433.9 99510.6 407 507 1)
(54123 76507 77327 189 289 1)
(54125 -112579 50196.6 503 603 0)
(54134 -56251 -119760 93 193 1)
(54140 -21080.1 -133045 446 546 1)
(54141 -21134.5 -61560.1 392 492 1)
(54144 -109529 -33340.4 299 399 3)
(54146 -62325.6 68277 104 204 1)
(54151 53487.2 62678.2 509 609 0)
(54158 15214.4 -15216 367 467 1)
(54171 76434.4 -142836 1 96 0)
(54172 -77407.1 -7032.04 197 297 0)
(54176 -121731 -23247.1 417 517 1)
(54179 -105381 49046.9 51 151 3)
(54182 -19007.5 16133 319 419 1)
(54185 1114.26 54367.3 367 467 1)
(54192 -99506.1 -23238.9 78 178 1)
(54193 33132.3 -69627.1 247 347 3)
(54195 85686.3 7947.43 614 714 1)
(54197 81725.1 -144161 613 713 1)
(54207 -62383.9 -66543.2 349 449 1)
(54243 113766 50170.8 287 387 3)
(54248 -36184.2 -52730.9 302 402 1)
(54260 50390 -109876 612 712 1)
(54272 79695.1 41360.9 361 461 3)
(54274 106651 -143944 133 233 3)
(54275 -120879 -44485.6 595 695 1)
(54296 -69454.9 40093.9 15 115 1)
(54306 82529.6 -37406.8 456 556 1)
(54311 35242.4 -70479.4 68 168 1)
(54316 43362.6 36132.9 294 394 0)
(54319 -87483.1 36124.1 354 454 3)
(54327 56398.3 -147029 42 142 1)
(54333 74591.4 -63581.3 566 666 1)
(54336 89605.8 14943.4 318 418 1)
(54338 -1976.57 -15033.9 47 147 1)
(54341 -59513.5 -42291.1 110 210 1)
(54347 106667 -4182.68 278 378 1)
(54352 2085.53 -72627.8 452 552 1)
(54356 -60344.8 30072 306 406 1)
(54362 -39201.5 96462 39 139 1)
(54376 26.3674 149839 287 387 1)
(54377 94762.4 66377 334 434 1)
(54380 -100569 -68540.8 355 455 0)
(54384 -111655 62245 318 418 1)
(54385 -6923.06 -78574.6 524 624 0)
(54389 -81480.8 78456.1 423 523 1)
(54390 68432.2 -79556.9 62 162 1)
(54392 -61464.3 -35023.2 16 116 1)
(54398 -29142.2 -35426.6 511 611 1)
(54400 -6096.39 -82776.3 503 603 0)
(54404 72565.6 -17183.8 312 412 1)
(54415 1063.37 -77813.8 468 568 1)
(54431 57.9687 -134864 76 176 1)
(54436 82558.8 -71585.6 259 359 1)
(54439 68526.3 -90845.7 625 725 1)
(54440 -39172.4 114774 202 302 3)
(54446 -44110.9 10940 24 124 1)
(54448 -98440.8 4860.86 35 135 1)
(54450 -44121.8 27997.6 432 532 1)
(54454 -63279.5 -74700.8 142 242 1)
(54455 106829 63307.1 469 569 0)
(54462 80591.2 -89827.2 542 642 1)
(54479 -76582.7 14092.1 381 481 1)
(54484 11131.6 -148035 287 387 3)
(54486 27214.5 -47368.8 136 236 3)
(54505 11946.5 -126730 1 99 1)
(54508 -88501 -105807 419 519 1)
(54511 24102.7 -139104 210 310 0)
(54513 17160.3 24014 108 208 1)
(54518 77543.3 29018.3 279 379 3)
(54524 -98496.8 122586 157 257 1)
(54525 42218.4 130556 29 129 1)
(54526 -41321.8 50156.3 628 728 3)
(54535 -119757 21051.4 490 590 1)
(54536 -64382.9 -46465.3 562 662 3)
(54557 -11064.3 -16203.2 478 578 1)
(54558 -24070.5 9936.81 97 197 1)
(54564 21150.8 36144 53 153 3)
(54566 -21175.6 -56505.6 162 262 3)
(54569 67542.8 -26355.4 571 671 1)
(54571 16411.1 -123719 11 111 3)
(54594 -114596 -29502.5 356 456 0)
(54601 -62290.9 -111731 1 95 1)
(54603 -38253.4 -51506.6 352 452 1)
(54608 -114758 -126878 137 237 0)
(54610 -4072.89 -131786 238 338 0)
(54620 217.644 -64571.3 292 392 1)
(54625 -83437.3 -61574.8 402 502 1)
(54628 -3966.98 -133885 136 236 1)
(54631 124190 146714 140 240 3)
(54644 101660 12950 357 457 3)
(54654 -55250.9 -27281.5 1 101 1)
(54659 90637.4 123623 108 208 1)
(54660 30257.1 -55432.9 57 157 3)
(54669 40528.2 -151.108 545 645 1)
(54672 -5041.63 -19373.2 278 378 1)
(54673 -66393.1 107530 112 212 1)
(54685 38290.3 -49559.5 595 695 1)
(54686 -71239.9 75040.5 60 160 1)
(54697 95636 28045.9 252 352 1)
(54704 -13040 -140972 218 318 3)
(54706 36338.3 -96718.3 411 511 1)
(54707 47399.5 -43439.5 539 639 3)
(54713 6108.56 -27334.7 569 669 1)
(54714 -42234.8 -144129 545 645 1)
(54717 18161.2 -145928 162 262 0)
(54720 61323.3 -132961 366 466 1)
(54723 40306.5 -99742.3 254 354 1)
(54725 93573.8 -40327.7 48 148 1)
(54728 -76410 -12207.9 229 329 1)
(54729 -31205.7 84616.6 438 538 0)
(54731 59565.6 -100983 578 678 0)
(54736 -6969.42 -74569.2 238 338 1)
(54743 -120712 108640 363 463 0)
(54751 -1564.66 50121.9 412 512 0)
(54763 25205 -53417.6 119 219 1)
(54765 -99503.1 115535 104 204 0)
(54771 -85519.6 -17234.9 182 282 0)
(54773 22215.4 66246.7 42 142 1)
(54776 67560.9 35119.3 416 516 -1)
(54786 89540.1 20992.4 125 225 1)
(54789 101786 -55650.7 628 728 0)
(54793 65497.5 21987.6 368 468 1)
(54795 118037 31047.4 126 226 3)
(54796 72535.3 -1002.61 106 206 0)
(54813 49354.8 -41415.6 149 249 3)
(54834 -83961.9 1749.62 563 663 0)
(54839 -16129.6 34064.5 154 254 3)
(54840 -14973.5 148655 282 382 1)
(54846 42369.8 71349.1 290 390 1)
(54858 -49227.3 -6153.1 114 214 1)
(54860 -51257.2 -87769 441 541 1)
(54861 -36184.6 -51492.5 519 619 3)
(54862 -5003.45 -41413.4 288 388 3)
(54865 -60360.3 -20164.4 41 141 0)
(54868 -47214.9 35103.8 344 444 1)
(54871 107844 51213.6 611 711 3)
(54878 -42174.1 -135976 372 472 0)
(54880 -118696 -58493.9 249 349 3)
(54882 37320.3 105621 590 690 0)
(54884 105659 97416.1 110 210 1)
(54886 121837 -170.773 487 587 1)
(54890 87680.9 -58551.4 390 490 3)
(54891 77431.2 -71416.8 32 132 3)
(54906 -43260.2 7971.46 91 191 0)
(54910 15163.7 117801 481 581 3)
(54919 -79466.5 -134011 401 501 3)
(54927 -18033.1 14925.8 406 506 0)
(54928 6942.5 46985.5 49 149 1)
(54929 -55353.4 -73327.1 121 221 0)
(54934 -48220.1 -125840 156 256 1)
(54936 -60252 138671 222 322 1)
(54937 83483.1 64316.7 88 188 3)
(54942 26366.8 5076.11 233 333 0)
(54945 67527.1 113643 462 562 3)
(54947 17054 55675.2 342 442 1)
(54967 -2954.72 42116 65 165 1)
(54968 90625.5 135615 71 171 3)
(54970 -56305.1 -55523.4 344 444 1)
(54971 -32164.5 62203.4 188 288 1)
(54994 85699.6 133708 485 585 3)
(54999 18165 23103.6 382 482 3)
