(11 -39092 20740 1 94 1)
(20 -50140.9 -130753 431 531 1)
(21 97580.8 -6147 19 119 1)
(22 36234.4 89401.2 143 243 1)
(23 -68319 136838 79 179 3)
(30 -123776 141794 295 395 1)
(39 -73320.8 122706 402 502 1)
(42 4096.33 -21255.2 203 303 1)
(52 -98465.9 7670.93 267 367 1)
(57 85523.5 -58475.7 155 255 1)
(60 101809 -70260.8 86 186 1)
(66 -14024.6 5906.84 333 433 1)
(69 -13983.3 47263.5 146 246 1)
(72 -46182.1 -87653.5 261 361 0)
(96 38394.6 18991.5 302 402 3)
(105 97600.6 -95643.7 104 204 1)
(107 42408.5 -30360.3 618 718 3)
(108 50393.1 -60397.7 29 129 0)
(117 46314.2 -49391.6 345 445 1)
(129 -26089.8 -60455 174 274 1)
(138 105834 30982.1 193 293 0)
(151 -38122.8 -23231.1 65 165 0)
(160 -78450.3 -146046 536 636 3)
(163 92784.6 -132014 431 531 1)
(169 -61289.9 115515 81 181 1)
(176 82494.8 13978.4 106 206 1)
(178 -56309.4 84436.3 445 545 3)
(189 54419.6 -5179.71 360 460 1)
(205 95553.1 -43389 60 160 0)
(210 -10990.1 -16237.1 316 416 1)
(215 116746 -140939 250 350 1)
(218 -88558.4 -128023 524 624 1)
(243 42275.4 91485.5 366 466 1)
(244 -64366.4 -123727 361 461 3)
(246 -29034.9 -116818 482 582 3)
(252 6962.95 -105019 267 367 3)
(259 27267 21014.6 145 245 1)
(263 -54249.5 -35320.6 70 170 1)
(267 -79436.8 129679 149 249 1)
(269 -73456 -88774.4 354 454 1)
(275 80371.7 -101747 112 212 1)
(276 -32158.4 105544 489 589 1)
(279 120756 -56420.2 20 120 3)
(287 85585.2 95436.2 176 276 1)
(291 -21075.7 66289.1 272 372 1)
(292 23231.1 25980 14 114 1)
(297 25233.4 -141041 552 652 1)
(299 9034.99 82502.9 80 180 3)
(304 71529.6 -112895 469 569 0)
(317 111859 -49502.1 601 701 3)
(321 -51253.3 -54472.4 285 385 1)
(322 -94612.1 119733 587 687 3)
(325 -35239.9 140945 184 284 0)
(328 13168.5 18776.5 601 701 3)
(330 -16042.1 141847 495 595 0)
(338 90755 -109907 438 538 1)
(341 -75339.7 21020.5 47 147 0)
(344 -80443.2 65263.5 173 273 1)
(347 -100662 -130023 534 634 1)
(349 -111715 1866.49 582 682 3)
(358 109799 123743 540 640 0)
(360 -96568.3 -139044 453 553 1)
(362 3046.96 -48513.1 319 419 1)
(365 62526.6 -27327.9 376 476 1)
(370 106743 48067.4 331 431 1)
(375 -7997.67 46140 87 187 1)
(386 53393.6 -57583.6 534 634 0)
(390 -83422.9 -83643.9 261 361 1)
(393 -106678 23991.8 214 314 1)
(394 80651 47179.8 288 388 1)
(397 -8876.06 -15376.9 137 237 1)
(398 47346.9 50206.9 321 421 1)
(407 51354.4 -64448.4 69 169 1)
(408 28247.7 -124927 384 484 3)
(413 -42245.8 -47468.3 446 546 1)
(420 56232.7 125684 437 537 1)
(422 -33148.5 42062.9 20 120 1)
(428 -45173.2 -71498.6 61 161 1)
(435 -36278.2 -68495.8 321 421 1)
(436 -31120.8 -132135 594 694 1)
(441 -39127.4 5924.81 35 135 1)
(443 -78428.9 -100755 179 279 3)
(447 84599.9 53237.4 314 414 1)
(448 -46361.6 -47492.4 192 292 3)
(458 -117641 -65489.8 114 214 1)
(465 63453.3 -62482 247 347 1)
(466 -12043.2 104536 460 560 3)
(468 -945.171 -102755 259 359 3)
(474 105684 97407.4 112 212 1)
(475 26407.4 -90504.1 490 590 1)
(479 -104644 -68611.1 564 664 3)
(497 69520.7 101391 119 219 3)
(503 -121587 118576 118 218 1)
(509 -74589.5 11917.6 206 306 0)
(515 -54278.8 44221.7 538 638 0)
(518 49404.9 68295.8 263 363 1)
(528 -96558 87427.7 397 497 3)
(529 -54188.4 -114918 350 450 1)
(534 -86476.7 -72584 319 419 1)
(536 59468.8 -123190 267 367 1)
(540 -41059 -44341.3 62 162 1)
(545 -33171.6 -101761 110 210 0)
(549 -121817 -53506.7 514 614 1)
(553 116040 -74601.6 419 519 1)
(568 -116579 -105343 100 200 1)
(569 -3003.95 35045.8 490 590 1)
(572 120753 73272.2 120 220 1)
(577 -85495.4 122633 392 492 1)
(578 -6961.05 27937.4 237 337 0)
(584 -108478 -125074 244 344 1)
(585 7061.89 -70620 247 347 1)
(596 103816 76419 584 684 0)
(600 -52275.1 -144208 507 607 0)
(604 40267.2 -36294.7 31 131 1)
(609 119972 -55507.4 573 673 3)
(610 122916 94246.4 414 514 1)
(612 99690.3 -81596.3 150 250 1)
(613 -21084.6 -38430.3 457 557 3)
(616 65455.4 94503.5 361 461 1)
(622 -66377.4 -98642.2 52 152 1)
(623 -1956 4913.57 119 219 1)
(624 70415.6 77400.7 521 621 3)
(636 -79362.7 48259.8 257 357 3)
(637 -68414.9 77311.9 223 323 1)
(638 51262.1 110487 206 306 0)
(639 5024 -50381.2 354 454 3)
(640 40228.9 62279.4 542 642 3)
(656 76621.8 -136079 581 681 1)
(661 54469.7 39112.7 532 632 0)
(669 3121.76 -97803.6 431 531 1)
(672 -57351.6 -70614.3 464 564 1)
(673 -9995.4 56331.9 279 379 0)
(696 -94500.3 -23242.7 79 179 3)
(697 56352.5 22968.3 33 133 1)
(699 -31444.6 -127000 138 238 1)
(703 -1944.86 -39352.8 203 303 1)
(704 -48239.9 18986.1 212 312 3)
(705 23165.7 -104777 296 396 0)
(706 -51340.4 -40270.7 135 235 3)
(723 49407 -128887 124 224 1)
(741 112868 98677.6 467 567 1)
(746 -26141.3 82485 603 703 3)
(748 -81434.4 24017.7 273 373 1)
(751 -57271 133644 193 293 1)
(752 85644.2 -41437.5 461 561 1)
(770 -38197.1 76407.7 451 551 1)
(783 81633.9 7905.05 297 397 1)
(785 86645.7 -85717 489 589 1)
(787 11166.3 -59496.7 299 399 1)
(788 89696.4 -70648.7 563 663 3)
(791 -108656 -137051 469 569 3)
(793 109796 7968.21 560 660 1)
(818 -18005.8 10044.9 297 397 0)
(820 -108525 -30250.9 3 103 1)
(830 34266 -32297.7 117 217 1)
(844 31171.7 20858 566 666 3)
(855 36327.1 -22264.3 500 600 0)
(858 -5972.45 43132.4 101 201 1)
(860 115868 -109866 437 537 1)
(872 35296.7 -102680 20 120 1)
(881 60401.3 -131987 291 391 3)
(894 81825.3 -73657.6 586 686 1)
(897 -43244.7 50192.3 553 653 0)
(903 51451.9 -81649.4 322 422 1)
(906 13028.4 -49270.4 271 371 0)
(913 103822 37230.8 592 692 3)
(918 70446.2 -20220.2 15 115 1)
(922 87687.1 -31373.8 519 619 0)
(933 -36358.3 13496 417 517 1)
(937 6111.25 28066.4 366 466 1)
(943 81495.3 83280.9 151 251 3)
(945 -22069.1 -32256.1 11 111 1)
(950 26299.7 -8077.12 109 209 3)
(951 -92491.1 -52413.7 143 243 1)
(961 10112 82331 42 142 3)
(962 -41438.6 -101532 48 148 1)
(972 102718 -85755 375 475 3)
(973 -103617 -95689 46 146 1)
(979 -66424.6 -14122.2 346 446 1)
