(33007 95682 138837 476 576 3)
(33008 92640.7 -91812 576 676 1)
(33009 -36154.8 33364.5 31 131 1)
(33017 -89548.9 16006.9 477 577 1)
(33024 -21755.6 63436.3 71 171 1)
(33036 21479.3 -145168 99 199 1)
(33045 29284.2 -58512.7 535 635 1)
(33061 36326.4 -91797.8 526 626 1)
(33069 105710 -35319.6 335 435 1)
(33075 -90513.4 -104804 399 499 1)
(33077 -81575.8 12945.6 620 720 3)
(33080 71542.7 136924 361 461 1)
(33085 97865.6 -73965.6 582 682 1)
(33095 -120573 -25199.7 115 215 1)
(33099 3052.31 -115070 511 611 3)
(33101 8135.79 138830 581 681 1)
(33110 -100567 -112827 318 418 3)
(33111 -48323.1 -134002 351 451 1)
(33115 60402.4 28274.6 483 583 3)
(33130 -17970.2 15177.5 408 508 0)
(33137 -5852.87 -39269.3 66 166 1)
(33141 31237.9 20037 294 394 1)
(33142 -1949.52 80443.4 528 628 3)
(33156 17994.7 -22319.4 18 118 3)
(33159 16207.8 -58444.1 466 566 1)
(33174 -51280.7 -95771.2 428 528 1)
(33191 -2948.75 141728 233 333 1)
(33206 -35117.9 77367.6 106 206 1)
(33209 -54354.5 145726 346 446 1)
(33210 -105584 54210.2 287 387 3)
(33212 -8960.67 104509 184 284 1)
(33215 49319.4 -113794 212 312 3)
(33219 12091.8 24966.6 199 299 3)
(33232 60308.1 12128.2 61 161 1)
(33246 -106688 -146605 522 622 1)
(33256 -96787.8 -76669.2 537 637 1)
(33265 -7950.41 69362 583 683 1)
(33272 34330 -58562 629 729 1)
(33274 14263.6 -114900 472 572 1)
(33275 -94604.5 125748 613 713 1)
(33281 -42229.5 101543 509 609 1)
(33283 -52249.9 31907.9 69 169 3)
(33289 50434.3 -45528.3 603 703 0)
(33292 -44226.9 129746 568 668 3)
(33304 73549.9 -35405.8 88 188 3)
(33317 2029.18 104594 558 658 1)
(33318 -74461.8 40115.4 470 570 3)
(33331 33162.7 -76674.2 250 350 1)
(33335 -99502.4 -135847 115 215 0)
(33338 42324.3 146823 389 489 1)
(33339 8129.52 -117974 589 689 0)
(33341 -72408.8 133717 336 436 3)
(33342 -70372.9 30059.2 84 184 1)
(33352 54477.5 -70603.9 480 580 1)
(33379 -52267.5 -63478 7 107 3)
(33390 60509.2 -43478 582 682 0)
(33391 -1817.61 126690 122 222 1)
(33395 -76393.5 -33201.2 110 210 3)
(33396 124978 -92568.3 111 211 1)
(33397 -31089.3 -149162 427 527 1)
(33417 -88433.2 -107741 171 271 0)
(33430 -49215.1 -148910 1 94 3)
(33447 81497.1 56121.7 28 128 1)
(33457 21792.2 48290.5 116 216 1)
(33461 57544.4 61182.6 408 508 1)
(33470 90596.7 -9177.78 150 250 1)
(33477 113980 80357.3 384 484 1)
(33478 77513.7 -58373.6 2 102 0)
(33480 86525.9 104471 114 214 1)
(33491 70493.2 46260.3 285 385 1)
(33497 89527.9 9934.24 27 127 1)
(33508 -1901.49 8969.73 408 508 3)
(33520 54354.6 -16154.3 471 571 3)
(33522 -58331.7 75393.3 401 501 3)
(33526 -118643 -35268.2 99 199 1)
(33533 31318.4 -75688.6 587 687 1)
(33545 -13026.4 73298.6 194 294 1)
(33560 77471.4 -12493.9 222 322 1)
(33563 -26115 128675 337 437 1)
(33565 -49363.6 28166 551 651 0)
(33567 -5292.64 -122523 620 720 1)
(33577 -37248.8 -23315.9 534 634 1)
(33589 88749.2 46092.2 516 616 1)
(33594 42584 40321.7 438 538 0)
(33595 -14905.4 -108926 471 571 1)
(33597 -72384.2 -116828 177 277 3)
(33601 -83426.4 9904.98 1 95 1)
(33603 -68423.2 -45565.8 442 542 1)
(33607 9080 -147996 234 334 1)
(33611 53515.4 -72690.1 487 587 0)
(33614 -93466.9 -105.335 75 175 1)
(33622 -119670 -31666 329 429 3)
(33623 70379.4 17778.8 368 468 0)
(33624 32368.7 11887.2 355 455 1)
(33627 123759 -30299.1 54 154 3)
(33638 57355.2 10889.9 620 720 3)
(33640 -85507.1 -140150 592 692 1)
(33652 5131.73 100476 284 384 0)
(33654 -83509.9 61234.9 25 125 1)
(33659 42379.9 45303.4 196 296 3)
(33668 -124611 -70495.5 63 163 1)
(33669 -111652 -130793 165 265 1)
(33671 -5911.76 -17277.8 586 686 1)
(33677 -16052.4 -28331.6 519 619 1)
(33680 -23096.5 -99848.9 590 690 3)
(33683 -33141.6 130693 284 384 1)
(33693 -20085.6 109699 528 628 1)
(33697 -9995.85 -142133 510 610 1)
(33700 -2976.43 -46543.1 546 646 1)
(33704 109741 54183.6 411 511 1)
(33710 33242.1 -41356.7 86 186 1)
(33727 115750 33939.2 283 383 1)
(33730 -90411.8 28052 148 248 1)
(33733 32301.3 98492 391 491 1)
(33744 -53379.3 -148278 575 675 0)
(33747 16107.1 -72556.3 93 193 1)
(33750 -48029.4 -39288.8 40 140 1)
(33751 -17050.9 -97761.3 382 482 1)
(33756 44374.1 129773 585 685 1)
(33767 14156.7 -145054 284 384 1)
(33768 -120588 112491 1 100 1)
(33770 -8000.15 41135.2 523 623 1)
(33773 17928.8 -71673.5 307 407 3)
(33778 50358.9 25005.7 138 238 1)
(33784 -24139.5 72267.7 23 123 1)
(33786 67526.2 -55511.1 505 605 1)
(33788 76364.1 21230 53 153 1)
(33791 54482 106603 379 479 0)
(33793 10203.3 830.848 553 653 1)
(33795 -36150.4 105570 416 516 0)
(33800 31284.2 44252 276 376 1)
(33802 -84563.2 96597.6 510 610 1)
(33803 39295.3 -1978.9 155 255 0)
(33806 -41192.7 -964.429 417 517 3)
(33810 96609.3 93500.2 313 413 1)
(33814 -58314.2 -61489.1 242 342 1)
(33817 -32201.4 13959.1 18 118 1)
(33821 75691.3 134674 485 585 0)
(33827 84555.7 -104710 166 266 1)
(33830 -31069.8 -61605.1 482 582 1)
(33834 -18985.9 31172.5 191 291 0)
(33848 -6963.65 -148959 110 210 3)
(33855 -115773 127702 488 588 1)
(33859 89505.3 21062.1 108 208 1)
(33861 -101941 -62676.8 447 547 1)
(33864 15127.8 135673 74 174 0)
(33867 -58256 -129801 31 131 0)
(33868 -44045.8 -20223.7 22 122 1)
(33886 -31163.2 -130028 567 667 1)
(33887 -53264.8 -118707 52 152 3)
(33888 -11027.6 31150.7 411 511 3)
(33899 -101546 5990.48 505 605 3)
(33905 34224 -39256.4 499 599 3)
(33914 68385.6 -60480.5 135 235 0)
(33917 -76317.2 124476 1 93 1)
(33923 56450.1 -143107 552 652 1)
(33928 61552.6 51232.9 619 719 1)
(33942 -31140.4 -110917 596 696 3)
(33962 91560.9 -75519.9 427 527 1)
(33965 -57229.6 69332.3 215 315 1)
(33967 118707 -126387 14 114 1)
(33988 4119.25 -81643.2 505 605 1)
(33989 28215.1 -137879 92 192 1)
(33991 -94537.7 -81637.3 353 453 1)
(33995 53260.4 47211.9 92 192 3)
(33999 -51279.7 -95815.4 377 477 1)
