(140010 -11028.4 -3140.13 180 280 3)
(140020 -113569 -140887 84 184 1)
(140030 -36081.1 -72480.1 302 402 0)
(140031 -12004.6 38120 372 472 1)
(140033 -44260.8 23024.6 439 539 3)
(140034 -110658 -110516 61 161 1)
(140037 -3895.64 13931.4 272 372 3)
(140052 69511.5 -93791.3 434 534 0)
(140054 30205 -45312.4 42 142 1)
(140057 50245.5 68410.6 268 368 1)
(140058 26209.4 -83758.5 570 670 1)
(140064 62363.9 73281.4 89 189 1)
(140073 -1911.1 89319.5 106 206 1)
(140079 -23959.7 -5154.23 433 533 1)
(140082 25276.7 -115777 348 448 3)
(140084 9097.94 -131926 168 268 1)
(140088 -89495.9 -22246.6 562 662 1)
(140089 -65375.6 -94615.6 39 139 1)
(140093 -114711 -97837.6 364 464 1)
(140097 24441.1 -39625 568 668 3)
(140100 -46162.3 29047.7 531 631 1)
(140105 13149.4 -10197.8 334 434 1)
(140107 42330.8 40117.8 439 539 1)
(140111 53559.2 81553.4 301 401 1)
(140113 -8021.65 -110563 153 253 3)
(140116 -94513 -83600.5 62 162 1)
(140122 -94525.6 -14207.3 184 284 1)
(140137 98682.7 36099.1 348 448 1)
(140148 -70431.4 52203.7 541 641 1)
(140157 -52505.8 16085.5 442 542 3)
(140161 -10028.4 146656 142 242 3)
(140165 -102602 -32447.6 330 430 1)
(140172 19139.8 147726 455 555 1)
(140179 -79512.9 29175.3 610 710 0)
(140201 -17042.5 -42350 118 218 1)
(140214 -90512.6 18979.4 328 428 3)
(140225 -41193.2 -138970 269 369 -1)
(140236 -64397.6 31042.3 352 452 3)
(140245 50373.5 -31453.9 563 663 1)
(140246 -64271.2 -116733 12 112 3)
(140258 18187.7 -72573.1 223 323 1)
(140265 -57388.4 13069.2 119 219 1)
(140270 116868 148723 469 569 1)
(140272 82618.5 -30363.6 454 554 0)
(140274 58441.3 840.416 552 652 1)
(140280 -88459.8 95469.1 180 280 1)
(140282 3080.95 -81560.4 96 196 3)
(140283 -50318.3 -118005 468 568 1)
(140289 72229.7 127600 54 154 1)
(140290 17992.6 -138238 599 699 3)
(140291 -12516.8 -116958 366 466 0)
(140294 49401.4 118641 224 324 3)
(140298 -117692 -108783 309 409 1)
(140303 -95571.4 -33305 536 636 1)
(140305 -34.1193 -48379.2 426 526 3)
(140316 -9971.97 29098.1 282 382 1)
(140329 83546 -117010 280 380 0)
(140342 88585.2 54193.6 243 343 1)
(140347 90627.2 -95729.7 285 385 1)
(140365 115698 80311.8 1 96 1)
(140369 48441.1 -18269.5 597 697 3)
(140380 2024.28 -114962 499 599 1)
(140381 102791 149811 283 383 3)
(140387 20212.6 58258.2 511 611 0)
(140388 29254.7 -97682.6 35 135 3)
(140392 -31133.5 138846 622 722 3)
(140397 43369.8 -69672.6 571 671 1)
(140412 61490.8 71341.2 429 529 1)
(140415 -4921.9 52176.9 83 183 3)
(140419 -20051.5 50208.7 608 708 0)
(140420 -6946.34 30047.1 616 716 1)
(140431 -116866 -2141.81 439 539 3)
(140435 116882 -110889 542 642 1)
(140449 2926.28 -117979 510 610 1)
(140467 -76322.8 -58616.8 497 597 1)
(140476 3099.43 -47425.7 313 413 1)
(140484 -8882.84 -102939 457 557 1)
(140485 2072.32 -52437.9 222 322 1)
(140494 -10930.9 -65625 454 554 0)
(140495 54409 -56523.4 487 587 1)
(140502 -34142.2 -70468.9 21 121 1)
(140506 30081.2 -113550 169 269 1)
(140519 -57322.2 -84609.4 378 478 3)
(140526 -31924 -21490.9 537 637 0)
(140527 114779 -52382.5 283 383 1)
(140533 64499.5 68328.5 544 644 0)
(140542 -17054.8 -123812 62 162 1)
(140544 -40197.9 78430.5 358 458 0)
(140559 -35115.2 -141225 570 670 3)
(140566 13148 -130817 25 125 1)
(140573 -72387.2 -97731.3 301 401 1)
(140576 82646.5 -97776.5 275 375 1)
(140581 12361.9 35140.1 67 167 3)
(140585 -116720 87442.6 508 608 0)
(140597 -91436.5 -23252.4 31 131 1)
(140602 -76422.5 7926.47 198 298 3)
(140608 -42046.4 120851 148 248 3)
(140610 100664 -12182 1 98 3)
(140614 -60786.1 -75995.6 258 358 1)
(140628 -34174.3 72358.1 584 684 1)
(140630 -71203 134694 207 307 0)
(140635 115894 -41392.3 528 628 1)
(140636 71469.9 82339.4 97 197 0)
(140664 20218.5 112664 425 525 0)
(140670 -120623 22981.8 140 240 0)
(140679 14122.8 33037.6 506 606 3)
(140680 -53119.4 -7945.55 15 115 1)
(140682 -9942.19 -47357.5 51 151 3)
(140683 -89559.1 -112939 377 477 1)
(140684 -102401 -103665 47 147 1)
(140688 -75291.9 -35321.2 561 661 0)
(140692 -40278.6 83460.7 538 638 3)
(140694 -16039.7 -76911.7 332 432 1)
(140697 -29126 143847 584 684 3)
(140700 67580.1 14939.2 601 701 1)
(140710 -73219.4 -137333 444 544 1)
(140722 114826 -38375.6 300 400 3)
(140726 55404.4 75220.7 98 198 3)
(140727 35251.9 -35531.8 430 530 1)
(140728 96528.8 -14316.1 262 362 1)
(140735 92727.1 130728 332 432 3)
(140752 -63198.7 -82537.6 201 301 1)
(140759 -51137.8 109623 230 330 1)
(140778 4244.88 9963.1 179 279 0)
(140785 -9028.53 -123907 361 461 1)
(140792 36282.2 -108764 176 276 1)
(140795 -95452.1 102595 117 217 1)
(140796 -61307.1 27152.1 105 205 1)
(140798 83560 -128861 172 272 3)
(140802 -120595 -124840 150 250 0)
(140813 79580.6 58239.7 390 490 3)
(140814 -18060.5 -17167.9 332 432 1)
(140815 115873 -10185.8 344 444 1)
(140817 -29144.8 -8125.81 205 305 0)
(140822 2068.51 58290.5 367 467 1)
(140826 12820.7 -77841.2 601 701 1)
(140827 41347.1 -122895 321 421 3)
(140836 -1105.83 -94598.7 474 574 1)
(140837 -1789.78 51789.4 23 123 0)
(140842 -1999.96 -68388.7 142 242 3)
(140851 23192.7 128747 395 495 3)
(140854 96769.7 29042.7 582 682 1)
(140856 14163.6 104616 508 608 1)
(140859 -113771 13886.6 312 412 3)
(140864 70464.9 -23262 107 207 1)
(140871 -30134.2 -124929 413 513 3)
(140877 67520.3 -1152.67 474 574 1)
(140889 30325.8 -77739.3 593 693 3)
(140897 -93469.5 -126934 340 440 3)
(140904 -114675 -53475.8 395 495 3)
(140908 -1925.77 -82612.6 149 249 1)
(140920 -52217.9 6582.39 115 215 1)
(140925 87768.3 -90857.9 616 716 0)
(140958 123899 40159 398 498 0)
(140959 -6971.62 57196.8 219 319 1)
(140965 2133 -45427.3 193 293 1)
(140971 -42139.3 12679.3 609 709 0)
(140972 -81470.3 63441.7 310 410 1)
(140982 -85428.8 -14173.4 134 234 3)
(140993 -75425 3902.35 351 451 3)
