(136021 12114.8 42134.8 220 320 0)
(136027 -90479 -131061 454 554 1)
(136034 17232.3 136744 394 494 1)
(136044 -45320.2 98630.2 479 579 3)
(136047 -82422.9 7890.88 265 365 1)
(136050 8110.2 -23200.8 239 339 1)
(136061 -120648 -55446.9 197 297 1)
(136062 28227.7 -26272.7 388 488 3)
(136073 -109540 -122793 48 148 1)
(136075 26008.8 -30255.8 1 97 3)
(136076 92850.1 -58611.8 583 683 1)
(136081 -40160.6 42085.8 178 278 1)
(136084 25198.9 75344 122 222 0)
(136085 -11907.7 -102620 443 543 3)
(136090 -18291.8 61166.5 80 180 0)
(136093 -97624.1 -62521.5 458 558 1)
(136097 128.524 -131904 392 492 1)
(136109 -34116.3 35939.9 403 503 1)
(136119 40388.2 132800 548 648 1)
(136133 -53239.2 32087.7 478 578 1)
(136138 -87596.5 122729 522 622 3)
(136142 -37116.7 -5118.76 55 155 1)
(136144 5043.2 79214.3 103 203 1)
(136145 94029.7 -13128.3 129 229 3)
(136153 -20012 50004.8 263 363 1)
(136163 37577.6 -83700.6 391 491 0)
(136166 74533.4 -44317.8 355 455 3)
(136169 63941.7 -56632.2 546 646 3)
(136170 -19042 -126969 286 386 0)
(136181 12099.2 -133937 297 397 0)
(136184 17184.8 13981 73 173 3)
(136188 -71442.1 -91900.5 613 713 1)
(136195 -115929 -109104 608 708 3)
(136203 -95479.8 -61477.5 176 276 1)
(136225 114760 14970.8 262 362 1)
(136233 20177.2 -134779 18 118 3)
(136236 -86441.2 57319.5 427 527 3)
(136237 -36161.2 -114958 349 449 3)
(136239 -1939.09 1877.78 71 171 1)
(136241 -24213 40164.5 301 401 1)
(136247 54553.4 -44131.9 82 182 1)
(136251 87544.6 137638 54 154 1)
(136252 58409.7 139706 611 711 1)
(136253 73639.3 -41429 552 652 0)
(136257 68740.9 -106439 186 286 0)
(136263 76619.2 -30266.2 583 683 1)
(136266 106746 106529 325 425 1)
(136284 -40242.3 -43419.2 317 417 1)
(136285 84498.7 100502 123 223 1)
(136297 -53241.3 1885.64 165 265 1)
(136316 25262 32067.9 559 659 1)
(136317 116799 -108764 267 367 1)
(136321 110645 -9008.35 200 300 1)
(136323 -85476.9 -41234.6 237 337 1)
(136324 -55332.6 -64606.4 346 446 0)
(136328 53386.5 -125882 261 361 1)
(136331 20220.8 51216.6 588 688 1)
(136347 -87559.1 117673 426 526 0)
(136358 -58518.8 -71559.1 574 674 1)
(136363 54497.4 -1085.21 532 632 1)
(136366 -110679 -7267.11 569 669 0)
(136370 25308 -41387 138 238 1)
(136371 6976.18 -119759 71 171 1)
(136372 -118689 78239.3 625 725 3)
(136375 -110585 69347.6 51 151 1)
(136381 35361.9 -36393.3 601 701 3)
(136386 118104 68257.7 532 632 1)
(136391 94559.9 72220.5 1 96 1)
(136397 107747 -88695 208 308 3)
(136403 89609.9 21051.5 401 501 1)
(136409 -36167.5 58216 177 277 1)
(136423 108635 -114840 92 192 0)
(136434 67403.2 -62426 20 120 3)
(136446 20156.8 74265.6 569 669 3)
(136447 -64339.9 -146216 607 707 1)
(136457 -52180.5 6867.66 171 271 3)
(136460 104726 -64516.9 222 322 1)
(136464 16199 -106797 116 216 0)
(136466 32216.1 102492 66 166 1)
(136482 23325.5 -140198 508 608 1)
(136484 -30100.8 -141064 316 416 1)
(136490 -29137.2 -64561.9 452 552 1)
(136492 -117854 -23454 449 549 3)
(136499 -40209.3 -67523 198 298 1)
(136500 11425.9 -94833.7 473 573 0)
(136507 117222 52227.7 260 360 3)
(136508 -56302.3 -130772 90 190 1)
(136516 -8996.38 -99766.4 617 717 3)
(136519 68474.1 95462.4 329 429 1)
(136520 3076.76 -81606.8 329 429 1)
(136532 -79493.9 -142143 511 611 3)
(136538 -61338.2 -49468.5 341 441 1)
(136543 90674.3 -94604.4 51 151 0)
(136545 85635 93396.9 177 277 1)
(136547 -84373.8 3854.23 398 498 1)
(136549 114843 -26373.7 215 315 3)
(136563 -17060.1 -82616.7 315 415 1)
(136565 60461.5 -118918 372 472 1)
(136567 75503.5 -33328.5 205 305 1)
(136577 -65338.9 -79623.5 377 477 1)
(136591 -102380 34120 307 407 3)
(136601 -119748 7854.4 546 646 1)
(136612 52348.3 -100634 1 97 3)
(136618 124756 20009.3 195 295 3)
(136620 -43217.3 60238.1 221 321 1)
(136623 46387.9 -135001 284 384 3)
(136628 34299.2 -53456.5 422 522 3)
(136637 -103664 67353 571 671 1)
(136640 -5975.55 13959.4 184 284 3)
(136653 -107699 -107782 626 726 0)
(136663 92604.7 52218.3 416 516 1)
(136668 -23083.5 -7169.09 238 338 1)
(136669 -60593.1 20889.8 493 593 3)
(136670 -88539.8 -62507.1 573 673 3)
(136671 23183.1 -15226.1 432 532 1)
(136688 -45146.8 142603 38 138 1)
(136690 59495.9 -96707.2 114 214 0)
(136692 -28094.7 -7182.38 585 685 3)
(136698 -2910.42 1910.94 242 342 1)
(136699 62428.7 -146940 51 151 3)
(136719 -20944.5 -31199.9 224 324 1)
(136723 -55296.8 -19250.1 446 546 0)
(136731 -106545 -103671 53 153 1)
(136736 22216.7 31072 364 464 1)
(136738 -24075.4 20898.8 336 436 1)
(136741 -104527 -117858 502 602 1)
(136746 61378.5 83280.4 46 146 3)
(136750 -112667 -115018 308 408 1)
(136753 -57231 11942.4 29 129 1)
(136764 -16927.9 89195 448 548 1)
(136765 -80445.6 -111886 589 689 1)
(136771 63534.9 143709 121 221 0)
(136777 -35402.5 6973.48 119 219 3)
(136784 95647.1 71304.4 270 370 1)
(136787 110805 -94771.4 489 589 1)
(136799 -86491.1 105565 305 405 1)
(136800 -121652 7911.21 200 300 0)
(136808 -59388.3 75407.6 590 690 0)
(136809 -88449.2 24032.6 164 264 1)
(136814 -49256.1 114779 146 246 1)
(136825 63543.7 -49482.7 608 708 1)
(136827 83585.2 84353 35 135 0)
(136837 -8025.6 -67342.9 211 311 3)
(136843 99668.2 -77563.4 173 273 3)
(136849 -32110 -72517.3 3 103 3)
(136856 96722.3 13961.9 276 376 1)
(136858 -44276.9 -122949 562 662 1)
(136861 -32009.4 -148130 252 352 3)
(136869 104654 34074.3 451 551 1)
(136883 -111558 -92628 67 167 1)
(136884 -112500 -107824 302 402 1)
(136888 90673.6 -46591.3 9 109 3)
(136897 9114.85 -63497.7 194 294 3)
(136899 5099.77 -24497.4 416 516 1)
(136900 32253 57234.1 190 290 1)
(136902 102813 54220.8 604 704 1)
(136907 81702.8 -13318 344 444 0)
(136908 -22093.6 106532 443 543 1)
(136911 111804 -139231 548 648 1)
(136922 92848.4 -131819 373 473 1)
(136935 24189.5 115565 26 126 0)
(136940 104859 -48349.4 532 632 1)
(136945 -116704 -76631.9 399 499 3)
(136951 60295.9 -3152.85 31 131 3)
(136965 -27011.8 -97619.7 87 187 1)
(136968 107692 -39358.6 235 335 1)
(136975 -102649 90434.4 333 433 1)
(136979 -16038.4 -12190.7 255 355 3)
(136989 -45176.1 -107688 49 149 3)
(136992 117677 -14277.5 129 229 0)
(136999 -93495.6 89258.8 294 394 1)
