(104020 -72337.1 -59424.8 266 366 3)
(104026 -32185.2 120672 406 506 1)
(104040 -1885.51 -106832 289 389 3)
(104050 31291.5 34006 256 356 3)
(104052 47135 -87333.4 545 645 0)
(104056 -53258 -51431.6 214 314 1)
(104058 -75394.9 -112002 494 594 1)
(104066 27258.7 -25136.6 458 558 0)
(104068 50418.7 -69538.6 46 146 0)
(104081 -23052.5 -118971 402 502 1)
(104085 -9039.79 94310.2 355 455 1)
(104100 -32193 -139111 488 588 1)
(104101 83614.5 -7191.24 74 174 1)
(104103 -20074.5 30069.3 415 515 1)
(104106 -60393.5 88465 611 711 1)
(104107 53327 64269.3 558 658 1)
(104108 -102653 29070.8 510 610 3)
(104109 -63300.8 -132839 75 175 1)
(104111 22189.4 100450 60 160 3)
(104113 -107465 -48455 322 422 3)
(104115 -63461.9 -76560.4 72 172 0)
(104123 -88540.6 82314.8 384 484 1)
(104126 -104531 145711 75 175 1)
(104128 -65440.7 77416 506 606 1)
(104133 71478.3 44000.3 277 377 1)
(104144 2073.1 -11175.1 49 149 1)
(104146 -41229.4 63223.9 8 108 3)
(104148 -1847.48 12029.4 534 634 1)
(104160 111872 -13106.9 585 685 3)
(104163 96595.1 119452 102 202 1)
(104166 51445.5 -84678.7 521 621 3)
(104169 5138.31 -114852 532 632 3)
(104170 62786 146841 82 182 1)
(104171 110806 46155.2 321 421 3)
(104173 -84431.8 -129910 266 366 3)
(104175 -15039.1 -55478.4 287 387 0)
(104183 17181.9 -64529.7 267 367 1)
(104184 -23097.7 -28302.1 304 404 1)
(104186 -36287.5 -86742.4 541 641 1)
(104193 75634.5 -83659.8 58 158 1)
(104194 44358.8 -35432.9 580 680 1)
(104195 -52223.4 146685 42 142 3)
(104203 -85271.4 -107697 124 224 3)
(104223 119744 -91668.3 148 248 0)
(104228 123990 -65494.5 422 522 3)
(104230 17117 -23254.6 26 126 0)
(104239 -68385.2 -49421 474 574 3)
(104252 56291.2 46221.9 121 221 3)
(104258 70472.3 -35338.6 239 339 3)
(104262 10158.2 3968.7 566 666 3)
(104266 -37219.2 8909.25 471 571 1)
(104268 80489.9 113495 22 122 1)
(104269 110764 53189 554 654 1)
(104279 -51298.8 34184.2 453 553 1)
(104285 -87417.6 45185.9 293 393 0)
(104288 -89477 92490.9 226 326 1)
(104289 -29145.9 -56538.8 462 562 1)
(104292 58421.7 -34292 71 171 1)
(104310 106748 -87699.8 383 483 3)
(104314 -20096.7 27087.4 526 626 1)
(104317 -38230.2 -145964 168 268 1)
(104322 69652.3 -66429.9 37 137 1)
(104325 123806 -90687.7 338 438 1)
(104329 -78484.3 -217.327 581 681 1)
(104334 -106651 -97830.3 619 719 1)
(104335 117764 19010.9 196 296 1)
(104336 -61303.3 50173.8 525 625 3)
(104337 67419.3 -141878 44 144 1)
(104340 -66475.2 -11264.6 274 374 1)
(104347 -103520 69592.1 517 617 3)
(104350 27161 41407.2 239 339 1)
(104360 3135.33 16942.2 396 496 1)
(104363 -79456.1 -2131.22 184 284 1)
(104365 -20059.3 11956.9 461 561 3)
(104366 100658 -93674.2 234 334 1)
(104367 62664.1 -71711 537 637 3)
(104371 -83473.9 15978.9 51 151 0)
(104375 25241.4 -112895 389 489 0)
(104384 37459.3 -48462 468 568 3)
(104392 -70414.6 -110873 18 118 3)
(104401 -10128.1 86500.1 533 633 3)
(104403 -51286.8 148800 496 596 3)
(104406 102827 54171.2 624 724 1)
(104424 108690 57222.1 179 279 1)
(104426 96678.6 -66458.7 304 404 1)
(104427 81802.7 92205.3 191 291 0)
(104435 -9942.53 -116705 507 607 1)
(104450 83528.1 -120853 220 320 0)
(104460 -43300.4 7002.44 314 414 0)
(104467 58310 -93633.3 520 620 1)
(104487 -52221.4 -31241.8 21 121 1)
(104498 51367.2 136676 177 277 1)
(104516 -45297 -10208.6 24 124 1)
(104517 74686.2 -57541.1 544 644 0)
(104518 89596.9 -11172 273 373 1)
(104527 -58384.5 -100798 445 545 1)
(104536 5079.77 -95602.2 147 247 3)
(104542 9130.05 -67615.6 560 660 3)
(104546 -24993.8 33120.4 41 141 1)
(104548 -26081.9 56227.7 79 179 1)
(104549 95726.4 -134125 592 692 1)
(104561 -57322.8 56216.4 488 588 1)
(104564 -123773 -5190.81 533 633 0)
(104565 -123711 -12205.6 545 645 1)
(104566 14211.2 110704 531 631 3)
(104568 -88428.3 -32270.1 54 154 1)
(104574 87568.6 50195.8 269 369 1)
(104577 -19044.8 -119805 153 253 1)
(104593 -54223.1 27037.3 6 106 3)
(104606 54478.1 60233.7 271 371 0)
(104612 5144.65 143926 95 195 1)
(104613 -102556 -19173.2 196 296 1)
(104619 -95443.1 -35499.8 153 253 0)
(104620 -43310.1 24168.5 113 213 1)
(104623 -20029.5 73371.1 237 337 3)
(104628 -25116.8 133724 427 527 1)
(104629 -61110.8 -132209 562 662 1)
(104633 84562.3 -61459.4 304 404 1)
(104651 -107559 -88552 88 188 1)
(104653 55372 -134910 147 247 1)
(104663 75519 -49364 129 229 1)
(104666 8076 -86670.6 403 503 3)
(104669 70497.9 -113706 102 202 1)
(104672 67540.6 -78687.1 520 620 1)
(104673 -49235.1 28005.8 220 320 3)
(104678 -117765 136846 483 583 1)
(104679 51369 114599 214 314 1)
(104680 -118724 91488.4 514 614 1)
(104684 110754 -66467.5 341 441 3)
(104687 101598 -27262.9 187 287 -1)
(104692 95692.7 -128935 301 401 0)
(104696 -47148.6 -129940 277 377 1)
(104699 -102974 91445.2 557 657 1)
(104700 111816 99333.3 237 337 3)
(104701 -95565.6 -35359 436 536 1)
(104712 -2015.99 853.462 3 103 1)
(104714 72472.2 21076.4 144 244 1)
(104723 -82520.9 -82639 363 463 1)
(104731 -18039.2 -117922 389 489 1)
(104734 -99504.5 54232.8 179 279 1)
(104740 11304.5 106437 254 354 1)
(104745 -86644.6 33503.9 519 619 3)
(104761 83528 105450 25 125 1)
(104762 -97676.3 -35292.5 206 306 1)
(104763 -113727 68376.6 180 280 3)
(104765 29246.3 -99768.1 326 426 0)
(104770 -49286.5 -10184 327 427 1)
(104774 70478.7 113745 465 565 0)
(104777 -103700 55179.7 606 706 3)
(104780 -106641 87444.1 516 616 1)
(104784 57327.2 -47377.1 194 294 1)
(104788 79662 71438.4 572 672 1)
(104789 -120533 27877.7 228 328 1)
(104791 47386 -149320 580 680 1)
(104793 -119767 -13249 432 532 0)
(104800 -59342.4 21993.9 500 600 3)
(104816 34291.5 88473.1 598 698 3)
(104819 -16023.5 134675 201 301 3)
(104821 40307.8 -90498.8 190 290 1)
(104837 12213.8 -66504.9 155 255 1)
(104844 53351.6 -4186.28 202 302 1)
(104846 -58360.3 123731 629 729 1)
(104851 -5938.34 40146.2 200 300 3)
(104852 -5965.92 -93656.5 126 226 1)
(104860 51431.7 123649 423 523 0)
(104862 2182.97 -71652.8 549 649 1)
(104869 113808 13069.7 229 329 0)
(104873 43299 -61492.5 50 150 1)
(104878 -61375.1 7932.83 562 662 1)
(104891 -96487.6 134615 59 159 1)
(104895 109730 58213 486 586 3)
(104908 -105622 -8256.56 538 638 1)
(104917 81436.3 -81636.7 377 477 0)
(104926 -9046.83 -109743 52 152 1)
(104927 80625.9 -146101 491 591 3)
(104932 -91427.7 -102634 25 125 1)
(104936 -31032.1 -99826.5 472 572 0)
(104950 -94526.3 114638 138 238 1)
(104951 79594.2 -76621.7 327 427 1)
(104955 78602.7 -86867.5 193 293 3)
(104963 56426.8 -3120.29 311 411 0)
(104965 2079.44 -64567.2 65 165 0)
(104968 -84469.5 36133.8 446 546 1)
(104970 76633.8 -71575.1 374 474 1)
(104972 13345.4 -102757 283 383 1)
(104974 -110726 93574.6 356 456 1)
(104983 113733 51222.2 248 348 0)
(104998 34314.9 -32363.3 597 697 1)
