(108000 -81390.3 -55396.9 61 161 1)
(108005 -25023.8 101368 98 198 1)
(108008 19241.4 -28321.1 321 421 1)
(108016 -118640 -62525 196 296 1)
(108019 64207 7822.94 596 696 3)
(108025 12150.8 -35363 434 534 1)
(108032 65144.3 -116115 235 335 0)
(108042 23071.4 -4919.93 582 682 1)
(108050 74635.3 -87760.3 439 539 0)
(108064 53467.2 -125027 573 673 1)
(108069 121807 81423.8 241 341 3)
(108075 74528.1 24929.6 304 404 0)
(108076 -87429.9 -38275.2 1 99 0)
(108078 -3947.37 84441.4 551 651 3)
(108080 -113728 -84740.1 550 650 1)
(108086 -108684 127751 628 728 1)
(108089 -19037.5 -46401.8 479 579 0)
(108102 -50283.3 85616.1 598 698 3)
(108104 -21089.5 119635 85 185 1)
(108108 111792 15999.8 360 460 1)
(108110 3066.42 -89778.4 357 457 0)
(108114 -118769 -25326.3 566 666 1)
(108116 124062 103576 599 699 1)
(108117 -28218.7 142719 59 159 1)
(108122 -110594 105555 288 388 3)
(108124 82553.5 -57404.8 91 191 3)
(108125 -92566.6 41178.5 452 552 3)
(108130 -108547 -73537 176 276 3)
(108132 105143 105857 132 232 1)
(108136 50479.7 124649 521 621 0)
(108137 -26026.1 42060.5 80 180 0)
(108139 57401.4 -47259.7 318 418 1)
(108140 -54106.3 103503 549 649 1)
(108154 -23146.2 -73602.6 286 386 1)
(108173 82590.6 -108868 306 406 1)
(108176 102704 -117903 364 464 1)
(108181 -25082 78423.4 175 275 1)
(108183 79608.5 -12072.8 316 416 1)
(108185 -51489.1 -33071.4 458 558 1)
(108191 29161.6 68268 215 315 0)
(108199 99778.5 -146242 234 334 0)
(108214 10138.6 -145002 293 393 1)
(108227 46446.1 33364.2 137 237 3)
(108229 -29064 18925.3 116 216 3)
(108230 -3882.74 -28373.4 488 588 1)
(108233 -6009.65 -9175.91 193 293 1)
(108236 26298.2 5575.91 399 499 1)
(108238 -1003.76 73266.4 332 432 0)
(108243 -50193.1 -89730.8 265 365 1)
(108245 -20051.2 100544 304 404 3)
(108248 62426 -37534.7 102 202 1)
(108258 -29183.5 -57552.7 478 578 1)
(108259 -99591 6938.51 486 586 3)
(108260 26274.1 -81615 391 491 0)
(108261 18283.1 40243.7 445 545 0)
(108269 109741 28034.5 378 478 1)
(108277 84724.9 -55569.7 469 569 1)
(108293 -100660 -53712.6 3 103 3)
(108296 -55225.8 92389.1 13 113 1)
(108305 -32097.2 7913.5 525 625 1)
(108309 -40192.2 19989.6 226 326 1)
(108311 65309.1 -85581.5 453 553 1)
(108318 296.051 -86803.3 382 482 3)
(108320 60476.1 101547 487 587 1)
(108329 -92503.4 30043 22 122 1)
(108331 50368 80349.3 352 452 1)
(108344 89735.4 -129020 535 635 1)
(108354 93550.3 7910.46 30 130 3)
(108358 -43189.2 32990.8 88 188 0)
(108359 -1804.61 48158.3 366 466 3)
(108365 -1948.72 -144895 49 149 1)
(108376 -116699 -129000 461 561 1)
(108410 -90621.1 -50534 106 206 0)
(108418 30313.7 64390 482 582 3)
(108419 88691.7 35593 568 668 0)
(108421 82503.6 30202.9 275 375 1)
(108425 -48194.6 -65726.7 617 717 3)
(108426 -39045.2 -43432.5 472 572 1)
(108434 107738 145730 345 445 3)
(108450 -86319.9 -124.733 1 93 3)
(108452 -34445.7 -98790.6 354 454 3)
(108457 22178.7 -77685.2 99 199 0)
(108458 -16026 122660 421 521 1)
(108461 -53126.2 -32253.5 203 303 1)
(108463 78473.7 109645 624 724 1)
(108469 -124487 33030.8 188 288 3)
(108473 30373.3 24188.9 324 424 0)
(108481 85512.3 -25281.5 180 280 1)
(108486 30922.1 93530.3 121 221 1)
(108491 -55344 6805.88 487 587 0)
(108492 87584.6 -4254.76 448 548 1)
(108500 117911 -129073 623 723 1)
(108506 -89654.4 -86448.2 108 208 1)
(108513 62438.1 90431.4 254 354 1)
(108516 12149 -126973 340 440 1)
(108519 85635.3 -70671.9 336 436 1)
(108523 13114 -10210.2 430 530 1)
(108525 -16029.5 27038.7 145 245 1)
(108529 29228 114500 105 205 1)
(108537 -38092.2 124631 170 270 3)
(108544 30247.4 17979.5 49 149 1)
(108545 -103566 32148.7 304 404 3)
(108548 94588.9 -120818 138 238 0)
(108549 -60155.3 -16145.1 108 208 1)
(108566 23205.5 -127034 510 610 3)
(108575 51127.9 22972.7 1 98 0)
(108580 60392.5 -133889 157 257 1)
(108591 47427 -113944 455 555 3)
(108594 -108659 -121572 378 478 1)
(108610 57301.1 -123743 40 140 1)
(108618 101765 16951.4 623 723 1)
(108619 90548.9 -60436 1 94 1)
(108622 64507.6 29043.5 301 401 3)
(108623 -65385.4 -136990 341 441 0)
(108631 -54577.3 -73616.1 616 716 1)
(108644 28464.4 30094.8 498 598 3)
(108648 -48256 -47391.7 206 306 1)
(108660 57502.1 -21228.5 280 380 3)
(108674 -23090.1 -119923 388 488 1)
(108682 -101624 16964.1 554 654 0)
(108688 -22045.4 43331.6 399 499 0)
(108690 -58533.8 53501.6 104 204 0)
(108692 -106525 -140884 248 348 3)
(108694 44432.4 -141825 63 163 3)
(108699 -11017.9 -125835 113 213 1)
(108708 4064.4 -131041 447 547 1)
(108715 42299.5 -130857 59 159 1)
(108719 -8043.28 -58515.5 273 373 0)
(108721 -57297.1 17833.2 143 243 1)
(108731 -14968.1 99493.6 136 236 1)
(108736 21158 66223.8 1 94 0)
(108739 -52194.5 97372.6 270 370 0)
(108740 10080.1 99654.1 608 708 -1)
(108745 -113914 -24318 510 610 3)
(108757 39334.9 -93751.9 393 493 3)
(108763 -52244 -50425.2 250 350 1)
(108767 -65347.5 -105856 344 444 1)
(108768 -19038.8 22008.8 425 525 1)
(108770 10102.1 -15210.1 481 581 0)
(108779 -124800 -113908 483 583 3)
(108780 -43308.6 -51411.6 187 287 1)
(108790 -47396.3 -94824.4 305 405 0)
(108811 -1911.08 -123922 264 364 1)
(108823 -43173.6 -4125.89 15 115 1)
(108831 -57305.4 -107849 425 525 3)
(108851 14202.8 145854 396 496 1)
(108862 30301.7 -16314 501 601 3)
(108869 -44132.2 -98645.7 95 195 1)
(108893 -59353.5 -140040 360 460 0)
(108906 -77467.4 51236.2 546 646 3)
(108908 -10110.2 21062.9 467 567 1)
(108910 -21070.6 -7131.74 460 560 0)
(108923 91524.5 -135864 201 301 3)
(108924 99589.9 33057.3 15 115 0)
(108933 85527 36096.8 48 148 1)
(108942 -19058.4 23018.9 243 343 3)
(108944 -65330.9 -102783 350 450 1)
(108946 59401.2 -91630.2 118 218 1)
(108948 69547.8 67333.4 598 698 3)
(108961 35065.3 120692 199 299 3)
(108962 -43185.2 89418.3 145 245 1)
(108965 106614 -59474.8 3 103 1)
(108968 21111.2 -26515 484 584 1)
(108969 -48226.6 -97696 149 249 0)
(108973 31278.6 -68582 415 515 1)
(108985 24272.4 864.614 556 656 1)
(108986 -80438.7 -134914 224 324 3)
