(96005 92598.4 -88646.6 226 326 1)
(96011 -37119.2 116537 44 144 1)
(96012 67442.4 15965.6 150 250 1)
(96014 -39188.6 59257.7 434 534 3)
(96016 70444.1 19784.6 451 551 1)
(96020 2094.07 -29358.9 486 586 1)
(96028 11117.8 -42423.7 595 695 1)
(96033 -22774.8 -120333 505 605 1)
(96040 -57317.4 -11236.9 500 600 1)
(96044 15168.6 115712 104 204 0)
(96049 109731 15960.3 107 207 1)
(96053 -115642 29081.5 305 405 1)
(96058 8119.26 -52488.6 313 413 3)
(96070 70472.5 79334.5 253 353 1)
(96074 20186.7 -14144.8 142 242 3)
(96079 75518.9 53205 360 460 1)
(96083 -74366.6 35068.8 31 131 1)
(96084 -106502 -70637.9 191 291 0)
(96091 -118510 -31363.4 66 166 1)
(96096 -3908.82 -147050 125 225 0)
(96101 4046.68 -38508.3 400 500 1)
(96105 -86402.4 -83598.1 305 405 3)
(96111 30229.1 -39319.7 75 175 1)
(96115 18885.6 79549 18 118 1)
(96127 -60098.8 -144938 193 293 3)
(96133 188.233 15707.1 492 592 1)
(96137 -39026.9 137445 367 467 0)
(96143 70517.2 99462.5 36 136 1)
(96163 50336.6 -38274.3 149 249 1)
(96165 97733.3 83397.7 466 566 1)
(96172 90574.7 113586 145 245 3)
(96190 69213.9 47854.9 290 390 3)
(96191 113627 74297.7 14 114 0)
(96194 9060.98 -114697 1 93 0)
(96203 -25110.8 137962 486 586 1)
(96205 -94448.3 17066.6 180 280 1)
(96213 53367.8 -82700.9 488 588 3)
(96216 -87431.9 -122818 112 212 3)
(96219 5107.69 -7151.3 326 426 1)
(96220 19238.1 -32350 352 452 1)
(96227 -22079.6 -139960 298 398 0)
(96231 45334.5 85804.6 153 253 1)
(96238 32268.6 81361.5 258 358 3)
(96245 19196.7 120604 134 234 0)
(96246 63481.1 92403.3 517 617 3)
(96268 -70950.3 -13313.6 534 634 0)
(96274 -103660 124905 385 485 0)
(96275 41316.7 -17156 544 644 1)
(96281 65513.9 -60380.6 279 379 1)
(96297 39324.2 -35380.8 398 498 1)
(96299 35808.9 -138519 10 110 3)
(96301 -52295.7 23016.2 390 490 1)
(96305 67613.5 78193.9 321 421 1)
(96310 -6035.96 103462 229 329 1)
(96319 -65294.3 39210.1 72 172 1)
(96321 11842.3 138610 163 263 1)
(96322 -48245.3 -30318 449 549 1)
(96324 7098.94 -117854 230 330 1)
(96325 6063.06 -12192.3 230 330 1)
(96349 47329 47153.8 56 156 3)
(96357 -77280.9 -83806.7 617 717 3)
(96371 69534.7 -15242.5 492 592 1)
(96378 113747 -36394 313 413 0)
(96382 -25213 47282.9 425 525 1)
(96385 107753 -37278.2 336 436 3)
(96398 56347.8 4927.13 54 154 1)
(96410 -102682 45098 318 418 1)
(96412 2121.17 -58421 87 187 1)
(96418 30191.6 140714 188 288 3)
(96419 52342.5 58211.6 263 363 0)
(96424 111692 -124895 101 201 1)
(96430 -93518.2 -102776 329 429 1)
(96433 105806 23061.9 514 614 3)
(96436 -21119.8 -21314.3 320 420 1)
(96438 -95606.4 -29419.6 305 405 3)
(96440 -84514.5 -129866 161 261 1)
(96443 11161.2 -121134 543 643 3)
(96449 -20221.1 -15939.1 451 551 1)
(96451 80508.7 71261.3 108 208 1)
(96452 98835.7 -101673 398 498 1)
(96453 98748.5 -74663.7 529 629 1)
(96454 -95569 -64561.6 403 503 3)
(96463 -117675 -75790.3 592 692 3)
(96465 11270.9 -86856.6 536 636 0)
(96487 -119573 -23340.6 256 356 1)
(96504 -87262.7 47167.1 11 111 0)
(96507 24210.3 -16157 1 96 0)
(96514 -77391.5 -38469.1 330 430 1)
(96527 -12066.8 -13181.6 399 499 3)
(96529 -114710 61301.5 288 388 1)
(96530 69657.4 4710.72 97 197 1)
(96531 -10191.7 -18399.2 501 601 3)
(96534 -120853 5088.23 509 609 1)
(96535 -9981.7 -24242.8 27 127 3)
(96536 -113701 25054.6 147 247 1)
(96543 -43240.4 76344.9 172 272 1)
(96546 194.603 72354.8 579 679 1)
(96549 -43190.1 -45391.1 373 473 1)
(96551 80610.6 -57545.4 389 489 3)
(96552 -70412.6 -96809.5 506 606 3)
(96571 -2950.32 93518.3 601 701 1)
(96577 -115701 -60536.8 292 392 1)
(96581 50377.5 14957.3 287 387 1)
(96585 54340.4 -29256 1 100 0)
(96590 -35214 85411.8 93 193 1)
(96591 97952 -63652.2 396 496 1)
(96601 -70300.3 3974.65 21 121 1)
(96615 -102507 -20257.7 98 198 1)
(96622 -116742 -47482.6 164 264 1)
(96623 -50274.2 -123988 518 618 3)
(96628 -59290.5 -129826 3 103 0)
(96632 -27182.5 23004.3 548 648 1)
(96638 62592.1 -109995 596 696 3)
(96649 103746 -122595 121 221 1)
(96653 -94609 -24324.5 626 726 3)
(96661 -45421.6 118706 149 249 1)
(96664 -44303.9 -148990 335 435 1)
(96671 -94345.7 -101879 68 168 0)
(96679 -121667 -125872 231 331 1)
(96682 1071.75 -62507.3 260 360 1)
(96683 -24109.7 133782 587 687 1)
(96684 88606 -21350.2 232 332 1)
(96696 19200.7 130739 504 604 1)
(96698 102656 44174.3 184 284 3)
(96704 -38153.2 -103682 29 129 1)
(96710 111724 -54429.9 217 317 1)
(96717 -123649 63204.4 243 343 1)
(96724 30224.4 -82557.8 169 269 0)
(96726 42333.9 -44341.1 25 125 3)
(96727 -81473.1 64291.6 458 558 3)
(96740 -65433.3 93490.3 65 165 3)
(96742 85566.2 -51420 224 324 1)
(96743 13092.8 89372.3 439 539 0)
(96747 -11029.3 66258.6 192 292 1)
(96749 -82467.1 39106.3 379 479 1)
(96750 -48263 -137098 518 618 1)
(96753 67534.6 37222.9 331 431 1)
(96770 -95667.6 -1029.27 426 526 1)
(96772 85556.3 -117850 350 450 1)
(96781 -52875.5 -102808 223 323 1)
(96785 -110672 -92783.8 554 654 1)
(96801 39312 -1991.06 273 373 0)
(96802 57361.9 -41345.2 147 247 1)
(96804 57597.9 -79423.9 543 643 1)
(96807 23208.3 69437.4 449 549 1)
(96813 -11008.8 -69584.7 378 478 1)
(96821 -39159.5 -140829 1 96 1)
(96826 -94422.4 -142946 135 235 1)
(96830 -70279.2 128542 214 314 1)
(96835 71439.6 -126789 48 148 3)
(96836 -3865.73 -106795 284 384 3)
(96840 69579 34067.7 579 679 1)
(96854 -23700.2 20843.2 90 190 1)
(96856 4210.84 -12240.4 453 553 1)
(96872 -76406.9 -49490.8 505 605 1)
(96885 -113686 -19264.1 534 634 1)
(96889 105659 -29274.7 58 158 1)
(96890 -4003.54 81352.1 289 389 1)
(96897 109832 -57429.1 411 511 3)
(96901 29232.8 -83613.7 67 167 1)
(96911 -84432 -113775 172 272 1)
(96913 -61336 13978.1 228 328 0)
(96917 -87464 -27291.6 262 362 1)
(96919 -110717 -74666.6 547 647 -1)
(96920 -3993.91 -70832.1 371 471 1)
(96946 -81562.8 129745 262 362 0)
(96958 -76657 69444 485 585 1)
(96960 120884 -82648.2 221 321 3)
(96964 -51270.4 93514.3 316 416 0)
(96976 83450.4 17987.6 394 494 3)
(96977 117805 7933.45 279 379 1)
(96978 -76491.2 118747 545 645 1)
(96980 -48260 69233.7 1 99 1)
