(18006 -59324.2 -15259.2 378 478 1)
(18008 27284.8 143904 520 620 3)
(18010 50287.2 -45374.6 64 164 0)
(18016 90525.8 67302.3 198 298 1)
(18017 -60264.9 -128911 242 342 3)
(18019 73557.1 -51509.5 542 642 1)
(18024 11789.7 -58640.9 418 518 1)
(18029 45124 -34154 211 311 3)
(18033 -83435.8 102631 206 306 1)
(18037 26180.2 132719 196 296 3)
(18045 -38923.2 29075.9 82 182 0)
(18047 41432.4 -122896 455 555 3)
(18063 -34231.5 31235.6 496 596 0)
(18064 59416.1 -96718.3 11 111 0)
(18079 -91693.5 101589 502 602 0)
(18092 -54310.7 -123005 597 697 1)
(18102 -32138.1 -124769 50 150 3)
(18104 27435.7 134779 427 527 1)
(18110 -51310.4 47216 546 646 1)
(18132 84642 -61562.5 399 499 3)
(18145 -86578.3 97535.6 348 448 0)
(18159 117868 40135.9 545 645 3)
(18160 108747 116584 52 152 3)
(18168 31228.8 -18212.3 13 113 1)
(18169 25267.5 13961.6 573 673 1)
(18172 64689.8 116664 470 570 0)
(18177 -11927.2 130816 382 482 3)
(18182 -93623.9 147786 142 242 1)
(18189 28328 -137124 476 576 1)
(18197 30267.7 -64556 471 571 1)
(18199 105762 -117920 588 688 1)
(18200 -62289.4 -3071.9 243 343 1)
(18207 37369.9 -44396 314 414 0)
(18219 -79158.2 -88768.2 232 332 1)
(18222 -4981.21 -23297.4 466 566 0)
(18229 81613.1 67317.4 607 707 1)
(18233 -34269.6 38139.4 365 465 0)
(18240 108819 59278.5 567 667 1)
(18253 18246 24028.7 526 626 3)
(18255 66283.4 85182.5 7 107 1)
(18256 -51266.1 100492 375 475 1)
(18267 -39161.2 117661 309 409 1)
(18290 45391.2 32145.5 501 601 0)
(18293 2060.44 45117.7 299 399 1)
(18295 107765 -60555.4 404 504 1)
(18297 80518.5 13904.2 102 202 1)
(18299 -47191.2 -69446.7 1 97 1)
(18304 -51266.8 -33288.3 316 416 1)
(18308 -83411.3 -32276.9 22 122 1)
(18310 -40203.3 -67637.7 610 710 1)
(18311 -13001 101588 340 440 0)
(18317 -64339.1 -39170.6 467 567 0)
(18323 -25033.1 -85705.6 396 496 1)
(18324 45296.9 54186.2 37 137 0)
(18336 115830 51198.6 377 477 1)
(18337 -58342.8 138707 5 105 3)
(18347 81541.8 -23237.4 158 258 1)
(18350 -110708 9930.56 579 679 1)
(18352 -40160.9 -79544.4 66 166 1)
(18354 -99469.2 -7156.41 178 278 0)
(18356 -109562 31988 206 306 0)
(18361 48304.2 63249.3 185 285 1)
(18363 73610 61221.5 628 728 0)
(18364 11158.4 -53504.7 489 589 1)
(18367 18288.5 -11144.7 518 618 3)
(18376 57382.2 30080.8 307 407 3)
(18393 -4957.94 -75634.8 362 462 3)
(18421 -46222 37096 240 340 3)
(18428 103623 124575 47 147 3)
(18433 -30017.9 -47427.7 125 225 3)
(18434 20125.6 -103680 6 106 0)
(18445 10126.8 54149.3 60 160 1)
(18447 -37192.7 786.842 581 681 3)
(18448 -61437.4 -101871 437 537 3)
(18459 37325.1 -44477.3 542 642 1)
(18462 -48257.9 24023.4 483 583 1)
(18465 -107578 -116972 364 464 1)
(18468 -31175.8 117572 259 359 1)
(18476 -66968 13000.3 1 99 0)
(18486 42153.4 86348.3 158 258 1)
(18500 66408.5 47131.4 3 103 1)
(18501 -83406.7 -43286.3 142 242 3)
(18502 -33149.7 -46415 454 554 1)
(18512 -94393.1 -71375.4 118 218 3)
(18523 -55310.8 132776 595 695 0)
(18534 27254.7 -134324 512 612 3)
(18543 -82501.8 9046.61 473 573 1)
(18556 -53335.8 -149050 410 510 1)
(18563 105631 38020.8 468 568 0)
(18564 5026.87 -88691.8 288 388 1)
(18566 -19065.8 45193.1 301 401 1)
(18570 -44283.8 -86758.8 587 687 1)
(18572 -76658.9 95398.7 329 429 3)
(18581 23197 -128839 94 194 1)
(18600 -41149.8 -74528.3 55 155 1)
(18604 34320.6 93468.9 212 312 0)
(18612 -119696 -6200.34 91 191 0)
(18617 33251.5 -45366.4 383 483 1)
(18622 1124.25 -103792 444 544 3)
(18624 -71165.4 85816.3 301 401 1)
(18628 93686.1 49214.8 102 202 0)
(18632 -22017.2 52192.1 243 343 3)
(18634 -31145.3 3883.7 451 551 1)
(18635 -84674.6 33270.4 457 557 1)
(18637 -22897.1 -11173 483 583 1)
(18638 13211.8 -60420.5 134 234 1)
(18640 111745 -111793 258 358 1)
(18648 -37172.3 -67567.6 443 543 1)
(18650 -34106.7 27026.8 4 104 1)
(18655 61472.2 134766 171 271 1)
(18656 3006.37 3874.55 582 682 0)
(18658 -105694 -42375.7 340 440 0)
(18667 36262.4 -43430 101 201 1)
(18670 -103579 -13200.6 333 433 1)
(18680 -108704 -27346.9 615 715 1)
(18681 100693 -40475.8 208 308 1)
(18683 -9017.63 -24095.2 120 220 0)
(18696 -31176.2 36085.5 247 347 3)
(18701 -58293.9 -105750 157 257 0)
(18711 56575.4 93552.1 495 595 0)
(18717 43267.3 -63397.6 46 146 1)
(18726 -72397.9 -55457.6 386 486 1)
(18733 10240.4 29959.8 305 405 3)
(18737 70545 -78781.7 407 507 1)
(18738 -31124.4 -79516.2 320 420 3)
(18740 -67350.1 124603 263 363 3)
(18745 -124701 -147038 267 367 3)
(18747 -26063.3 -125017 541 641 1)
(18751 102731 -33337.9 359 459 1)
(18753 -80517.4 110643 273 373 1)
(18761 -17060.5 93439.2 163 263 1)
(18763 -50244.1 122634 303 403 0)
(18764 -80518.1 17035.3 519 619 0)
(18769 5019.6 41127.1 387 487 3)
(18775 57449.7 -124989 488 588 1)
(18787 -85618.7 -65527.1 496 596 0)
(18789 -1007.84 90478.6 478 578 1)
(18808 -29092.2 -102647 32 132 0)
(18810 -49275.8 -57492.8 277 377 1)
(18813 -36113.3 -115729 14 114 1)
(18821 -51267 -39346.4 123 223 1)
(18825 18259.6 53245.8 301 401 0)
(18840 -124587 -87543.8 23 123 1)
(18847 33262.7 -57526.2 530 630 1)
(18857 7033.6 -87848.7 545 645 1)
(18868 86692 -102884 586 686 1)
(18872 -108534 -93674.4 437 537 3)
(18873 30518.3 109300 196 296 3)
(18874 33275.3 -90693.9 291 391 1)
(18882 -99745.6 131849 532 632 1)
(18885 -96411.3 110498 6 106 1)
(18886 -38191.6 149870 440 540 1)
(18887 73694.7 -49565.6 526 626 1)
(18888 87652 6906.84 410 510 3)
(18895 45253.2 109504 115 215 1)
(18901 98562.2 -21292.4 51 151 1)
(18902 116647 -41379.8 17 117 1)
(18903 -46220.5 -117811 109 209 3)
(18917 49331.7 -95641.7 107 207 1)
(18918 -47228.8 18990 240 340 3)
(18922 32254.6 -88704.5 337 437 3)
(18929 -20049.9 71571.6 500 600 3)
(18932 119781 -9222.88 104 204 0)
(18955 -28140.8 24088.1 108 208 3)
(18962 -10013.7 45226.1 58 158 0)
(18968 1691.42 54237.5 379 479 3)
(18969 -87393.7 -38227.6 352 452 3)
(18971 -68346.1 -42388 451 551 1)
(18979 -110837 -14033.2 317 417 1)
(18987 37382.6 121843 465 565 1)
(18990 -17051.5 110633 358 458 1)
(18998 -13008.9 -53398.6 25 125 1)
