(73005 52384.9 -135048 552 652 0)
(73013 -47265.2 94399.2 129 229 0)
(73017 61385.1 -39329.6 16 116 1)
(73024 50455.3 -40264.8 112 212 0)
(73029 11171.7 -114913 545 645 3)
(73031 -43239.8 -49487.6 442 542 1)
(73034 37322.2 130668 47 147 3)
(73039 19048.1 -125848 344 444 3)
(73056 33295.2 86430.9 488 588 1)
(73064 -92579.4 -7131.71 166 266 0)
(73066 52706.6 30998.8 491 591 0)
(73085 -32113.2 -108677 22 122 3)
(73086 77582.4 124712 539 639 1)
(73088 -44190.1 -117820 56 156 1)
(73089 -28188.2 -112979 600 700 1)
(73091 -18320 -144705 225 325 1)
(73097 -58215.5 136789 326 426 1)
(73104 29168 -72689.6 305 405 3)
(73126 -40213.7 -10164.1 65 165 3)
(73130 -24109.4 103641 576 676 1)
(73132 1082.39 10917.6 557 657 3)
(73137 29221.1 -125795 53 153 1)
(73148 -47167 -133847 123 223 1)
(73151 -65312.2 -146930 87 187 1)
(73162 -119639 103482 214 314 1)
(73166 37204.6 -61459 170 270 3)
(73171 69533.1 -98733.6 351 451 1)
(73192 23236.5 89411.7 42 142 1)
(73194 -97497.9 -135861 106 206 1)
(73208 29243.2 72267.7 20 120 1)
(73210 -85573.5 89306.2 33 133 1)
(73212 18048.1 -38406.6 263 363 1)
(73223 1066.97 -88689.7 317 417 1)
(73254 -51245.3 147818 300 400 3)
(73257 72525 -78598.3 221 321 1)
(73259 91709.6 116644 408 508 3)
(73263 -56432.1 -60619.7 57 157 1)
(73273 26258 67323.3 560 660 1)
(73279 42423.3 100489 245 345 1)
(73280 -117638 12971 374 474 1)
(73281 -120657 78435.4 226 326 1)
(73289 84594.7 -127912 207 307 1)
(73296 -13008.5 137597 59 159 1)
(73297 -45341.5 49226.2 543 643 1)
(73300 85493.5 125512 13 113 0)
(73304 -36602.6 18205.4 2 102 0)
(73307 -5961.38 111521 18 118 3)
(73310 30968.1 118395 339 439 1)
(73318 -117723 -13227.1 318 418 1)
(73322 69532.7 3832.76 376 476 0)
(73324 14251.5 85474.4 530 630 3)
(73329 49380.6 -149932 85 185 1)
(73337 -68397.8 82444.4 544 644 1)
(73345 -22005.3 -94814.1 298 398 1)
(73346 -26043.4 64324.6 70 170 1)
(73350 -109659 -81916.9 44 144 1)
(73352 83641.6 75352.9 442 542 1)
(73360 -24037.5 -53520.1 140 240 0)
(73361 11099.3 9024.15 374 474 0)
(73363 -97483.6 28044.7 72 172 1)
(73367 -102484 11923 163 263 1)
(73379 -36135.9 105506 61 161 1)
(73382 -34146.4 -96669.1 109 209 0)
(73398 23210.3 -106819 348 448 0)
(73399 79587 8764.38 266 366 0)
(73401 -42232.3 -120963 475 575 1)
(73402 -80407.1 -13205.8 34 134 1)
(73414 -37076.3 -120967 204 304 1)
(73415 113880 -125964 491 591 0)
(73416 39314.6 -141044 357 457 1)
(73419 -77383.1 -84545.1 107 207 1)
(73420 -32966.8 -99915 423 523 1)
(73429 -31224 145748 56 156 3)
(73439 69407.9 -89685.8 88 188 3)
(73448 3078.14 -94618.7 64 164 1)
(73457 -76494 -65563.3 582 682 0)
(73465 30250.7 6921.38 179 279 1)
(73471 -57300.4 62276.1 399 499 0)
(73475 103618 32068.6 43 143 1)
(73476 -10021.7 -4351.7 435 535 1)
(73481 124732 41120.4 15 115 3)
(73482 -115878 -116856 352 452 3)
(73485 47435.8 95546.4 455 555 1)
(73487 11054.8 -115774 267 367 1)
(73494 -122627 105489 127 227 1)
(73497 2075.09 -133966 339 439 1)
(73504 90489.7 -34149.9 380 480 1)
(73510 -123606 -138932 222 322 1)
(73515 -58222.9 -119832 95 195 1)
(73521 9153.14 -91710.5 357 457 3)
(73523 -7007.18 -102747 175 275 1)
(73526 53681.6 -140273 591 691 1)
(73527 99785.8 147766 387 487 1)
(73528 33301.1 -48401.7 344 444 1)
(73530 113918 -131222 500 600 1)
(73531 34275.5 24014 135 235 0)
(73541 -100642 -41453.9 251 351 3)
(73547 -79428.7 42128.6 154 254 1)
(73548 123736 -109773 28 128 0)
(73552 -122732 50188.7 382 482 1)
(73555 43284.3 30057.5 100 200 3)
(73559 -13974.1 -94764 316 416 1)
(73560 -32161.5 -47492.2 590 690 3)
(73571 -72432.7 -67632.9 424 524 1)
(73572 102706 98554.9 172 272 1)
(73579 97677.2 64595.7 162 262 0)
(73585 13125.5 -96832.2 490 590 1)
(73607 113693 10939.7 75 175 1)
(73611 32275.3 -111796 245 345 1)
(73622 3063.04 -36328.6 72 172 1)
(73625 -47280.6 -128985 457 557 1)
(73633 51294.2 80393.6 270 370 1)
(73634 -74411.1 -60480.5 221 321 1)
(73644 -33153.2 -29261.3 49 149 1)
(73649 112068 45741 19 119 3)
(73663 34300.4 -9123.85 74 174 1)
(73670 83546.2 -5155.73 159 259 1)
(73671 -107598 31064.3 272 372 1)
(73673 -59314 -132916 151 251 1)
(73675 45403 -76482.3 192 292 0)
(73679 47354.1 -15195.6 38 138 1)
(73680 -109678 31035.6 498 598 1)
(73690 -52328.3 -119001 527 627 1)
(73691 20175.9 -118826 229 329 1)
(73697 18988.4 58934.1 191 291 3)
(73699 38371.3 50191.1 290 390 3)
(73701 118908 4823.18 445 545 0)
(73709 -25880.7 51171.6 180 280 1)
(73726 116676 27117.3 256 356 0)
(73729 89672.5 9941.27 414 514 3)
(73737 -49292 27065.7 276 376 1)
(73742 -21055.3 -107822 183 283 3)
(73743 -60299 -74525.7 447 547 1)
(73747 102648 112519 218 318 0)
(73748 66622.6 -39546 210 310 1)
(73754 -45220.5 131709 259 359 3)
(73756 -36231.6 88436.5 251 351 1)
(73757 -114661 97475.1 314 414 1)
(73766 105683 -125869 212 312 3)
(73774 -71563.7 71314.7 225 325 1)
(73786 66458.7 76409.9 275 375 1)
(73789 -57367 142820 293 393 1)
(73793 -100661 -48074 521 621 1)
(73796 19116.4 18934.7 321 421 1)
(73803 -30139.6 -15246.3 547 647 3)
(73808 56468.7 -90786.2 627 727 3)
(73810 -87425.4 -26326.7 56 156 1)
(73813 -45210.4 -108719 165 265 1)
(73818 57317.7 -127839 507 607 3)
(73823 -58469.2 36043.1 467 567 1)
(73835 63911.2 -130043 348 448 1)
(73841 73624.7 19960.2 390 490 3)
(73849 -50152.3 79416.1 512 612 1)
(73850 -47284.8 -40356.7 350 450 0)
(73856 -78399.7 -30287.4 160 260 1)
(73863 89694.2 -132036 469 569 1)
(73866 54427.5 -122008 538 638 1)
(73868 62442.1 -25365.8 463 563 0)
(73881 124809 3867.61 85 185 3)
(73887 -953.535 49199.1 559 659 1)
(73894 3050.26 80483.2 239 339 3)
(73905 40383.9 -57155.7 385 485 1)
(73918 107855 -76526.8 541 641 1)
(73925 -106562 87374 160 260 1)
(73936 -78927.5 -94678.7 32 132 3)
(73942 63749.3 134769 465 565 1)
(73943 -93457.8 139726 43 143 3)
(73944 118771 -117753 22 122 0)
(73955 -51447.5 -22080.3 598 698 3)
(73959 -47231.3 -20250.7 263 363 1)
(73961 69466.5 14968.1 83 183 3)
(73966 -109389 108510 42 142 0)
(73971 -56329.5 -118010 447 547 0)
(73986 841.908 108549 144 244 0)
(73988 15468.7 118589 287 387 3)
(73997 44255.3 117668 254 354 1)
