(60004 19114.7 32056.1 426 526 1)
(60005 -17233.3 141569 417 517 1)
(60008 -77396.5 -62566.2 271 371 3)
(60010 -25097.8 42107.4 26 126 -1)
(60019 108816 -143160 559 659 1)
(60023 12133.2 136823 490 590 3)
(60027 107666 -57442.1 118 218 1)
(60042 -1027.85 -102948 540 640 3)
(60055 -37973.3 -128040 458 558 1)
(60063 107612 -76716.1 124 224 1)
(60069 -91.5406 -19234.1 28 128 0)
(60070 -97438.5 -130233 534 634 1)
(60075 -24927.3 136888 367 467 0)
(60079 -75369.9 5924.06 86 186 1)
(60080 116892 -116951 542 642 1)
(60081 68494.6 64296 570 670 3)
(60085 68550 -134166 465 565 3)
(60086 -83404.2 102637 211 311 1)
(60091 -53550.1 -89713.2 514 614 3)
(60092 -84462.2 -140000 320 420 1)
(60095 43384.3 102459 335 435 1)
(60100 -75351.2 111533 110 210 -1)
(60110 112810 -105842 455 555 1)
(60111 108687 80324.3 115 215 1)
(60127 -87432.5 -60444.9 185 285 1)
(60139 -4913.42 -70488.8 247 347 1)
(60141 110933 -111957 626 726 3)
(60145 -105487 40063.1 70 170 1)
(60157 114665 -69487.3 102 202 1)
(60161 -83506.8 -80670.3 575 675 1)
(60183 60387.1 19998.8 48 148 0)
(60189 -16083.3 75365.3 485 585 1)
(60197 113715 -79603.1 230 330 1)
(60204 41302.3 132624 45 145 1)
(60207 -49214.9 44152.8 52 152 1)
(60219 -42120.6 24092.8 305 405 1)
(60221 -97604.3 -104850 247 347 3)
(60224 -99718 -74546.4 560 660 0)
(60228 29238.6 -33377.1 492 592 1)
(60245 66712.4 27881.3 561 661 3)
(60248 -93538.2 -73603.1 410 510 1)
(60257 -95601.7 91487.9 547 647 1)
(60277 105785 117705 516 616 1)
(60279 86604.4 84406.5 353 453 1)
(60283 119711 -108728 83 183 1)
(60285 38317.5 10954.6 155 255 1)
(60300 119923 -48481.8 603 703 3)
(60318 -38275.9 97441.6 142 242 1)
(60324 5090.58 27972.1 10 110 3)
(60327 85476.7 61119.6 61 161 0)
(60331 -34238 43233.9 208 308 0)
(60333 -95535.1 -104878 612 712 1)
(60348 -1902.93 -106911 266 366 1)
(60356 -35081.6 -72532.3 59 159 3)
(60360 45309 -121802 120 220 1)
(60370 -86473.4 -1124.43 300 400 1)
(60372 -50178.7 -51439.5 62 162 1)
(60379 20218.2 37116.5 450 550 1)
(60386 -112847 136819 576 676 1)
(60390 -18118.6 -37279.5 1 101 1)
(60394 97653.9 -10200.5 363 463 3)
(60400 -73345.4 -15204.3 243 343 1)
(60402 116751 -68697.8 236 336 1)
(60407 121717 69263.4 96 196 3)
(60415 10148.8 -1125.34 563 663 1)
(60433 38357.1 -73618.1 328 428 1)
(60434 -2905.15 80367.8 624 724 1)
(60443 -32077.2 105568 166 266 3)
(60445 48401.1 60277.6 569 669 1)
(60456 102815 8890.18 621 721 1)
(60461 -9898.95 -17573.6 563 663 0)
(60464 112.213 81616.6 444 544 1)
(60476 -66521.9 130707 548 648 3)
(60495 -95352.3 114250 30 130 3)
(60497 -10056.5 -17193.9 306 406 1)
(60498 89693.9 -96773.9 496 596 3)
(60504 -62340.8 44145.8 118 218 3)
(60505 -42246.9 12963.6 289 389 1)
(60508 15227.5 10933.8 509 609 1)
(60509 -32143 83327.5 93 193 3)
(60511 59450.2 -58577.2 563 663 1)
(60513 -94700.7 17037.5 243 343 1)
(60520 60.4514 18986.5 133 233 1)
(60525 36251.7 -56334.4 362 462 1)
(60530 -102894 56083.2 594 694 1)
(60531 47374.6 -33351.3 450 550 0)
(60532 -96323.5 -46617.5 348 448 3)
(60537 -44071.7 -135145 513 613 0)
(60540 -68922.7 -1246.03 378 478 1)
(60547 -60313.7 96531.8 524 624 1)
(60553 17202.5 -59591.9 610 710 0)
(60556 22262.1 43188.3 540 640 1)
(60569 51404.9 -104874 496 596 1)
(60572 -69402.1 21002.3 451 551 1)
(60573 -56321.1 -47496.3 197 297 1)
(60574 -54249.5 -80600.9 22 122 3)
(60579 28283.7 -69676.8 399 499 1)
(60588 9207.21 -59579 484 584 1)
(60606 -54298.5 -41663.8 269 369 1)
(60616 -68341.3 111651 381 481 0)
(60620 9142.93 -59430.7 382 482 1)
(60621 -8970.94 103677 501 601 1)
(60622 -62385.9 37248 83 183 1)
(60628 10137.4 -27238.1 141 241 3)
(60631 9101.27 89408.6 1 101 3)
(60636 79556.2 -76571.1 61 161 3)
(60638 53495 -7001.96 622 722 1)
(60643 -67190.9 -49317.7 132 232 1)
(60646 -54285 107645 236 336 1)
(60649 117831 -129932 384 484 1)
(60650 47358.6 -4154.48 321 421 3)
(60651 -95471.2 -94658.4 173 273 3)
(60654 -76509.8 -124784 569 669 3)
(60661 115676 17984.2 195 295 0)
(60663 -32202.8 -101856 582 682 3)
(60665 -54309.4 6974.68 321 421 0)
(60678 13129.5 -145966 88 188 1)
(60679 19164.4 19995.2 68 168 1)
(60680 108904 38114.2 435 535 1)
(60685 -81260.7 -139919 378 478 1)
(60686 119773 -136925 117 217 3)
(60693 -8717.04 81376 514 614 0)
(60694 58551 -11255.7 622 722 1)
(60703 124813 -84551.3 624 724 1)
(60707 102627 -16208.6 77 177 1)
(60711 86502 19033.6 18 118 3)
(60713 -15030.4 -91822.7 621 721 1)
(60719 -93414.4 111486 73 173 1)
(60721 -123691 -56465.8 299 399 1)
(60724 -5974.62 38119 557 657 1)
(60749 -62342 73459.6 331 431 1)
(60754 -122744 -127895 156 256 1)
(60758 121914 -37248.8 560 660 3)
(60761 15187.4 -146179 579 679 3)
(60764 1101.41 -9198.5 100 200 1)
(60765 65436.9 86307 186 286 1)
(60786 117940 -110906 609 709 3)
(60796 -59312.1 -128883 112 212 1)
(60813 -9992.65 64270.6 612 712 3)
(60815 -27048.7 18162 587 687 1)
(60822 81581 -131086 422 522 3)
(60823 -95433.6 -123728 147 247 1)
(60828 -87531.8 42277.9 130 230 0)
(60835 -107322 30743.7 430 530 1)
(60837 -45260.8 -39439.3 373 473 3)
(60840 -35205.4 33987.3 376 476 1)
(60849 -64364.8 -105863 484 584 0)
(60850 17266.1 -58388.6 285 385 1)
(60854 -42102.8 -47391.9 509 609 3)
(60855 15153.3 -31312 246 346 1)
(60862 74599.2 46174.5 591 691 3)
(60868 28210.6 61308.4 363 463 3)
(60871 -47182.2 93494.5 198 298 0)
(60881 -97684 -127174 221 321 0)
(60882 -50283.6 -78666.6 459 559 1)
(60888 93602.5 15020.4 236 336 1)
(60893 47775.1 40228.1 396 496 0)
(60895 40311.6 -83624.4 260 360 1)
(60901 -77339.7 -54400.8 198 298 0)
(60904 -56274.9 82577.7 521 621 1)
(60914 -58262.8 -56547 505 605 3)
(60918 119728 -5142.23 226 326 1)
(60923 -40097.8 -946.488 1 98 3)
(60924 -62341.8 107583 341 441 1)
(60931 -95437.7 22068.5 62 162 0)
(60939 -87492 -45409 224 324 1)
(60942 -32442.7 -148280 452 552 3)
(60953 -40060.6 -123954 358 458 1)
(60954 79650.8 -30331.7 241 341 1)
(60968 -80358.5 20937.6 155 255 3)
(60970 102663 -143950 198 298 1)
(60973 -9962.32 5046.9 524 624 1)
(60985 -18063.1 -65565.5 408 508 1)
(60987 89426 -128761 93 193 1)
(60988 73480.6 -81575.7 95 195 3)
(60994 -65384.1 -128070 554 654 1)
(60997 13182.9 -45474.3 617 717 3)
