(53002 -39224.6 -54461.1 320 420 1)
(53005 -53179.3 113517 196 296 1)
(53007 -108788 -78597.8 502 602 0)
(53014 -10091.5 -49409.7 354 454 1)
(53023 121906 -54486.5 527 627 1)
(53025 16133.8 123687 253 353 0)
(53027 -102619 114703 606 706 0)
(53032 38316.1 -144991 212 312 3)
(53036 -119629 -60565.6 48 148 1)
(53047 74549.8 -56468.9 213 313 0)
(53048 35286.8 -50608.3 186 286 1)
(53053 111716 22012.5 206 306 1)
(53062 -26025.7 -11199.1 306 406 1)
(53063 -73454.7 -68625.8 71 171 1)
(53064 71648 -110859 572 672 1)
(53068 -64262 -100820 217 317 0)
(53071 -76429.5 -91706.9 315 415 1)
(53077 -96728.7 -52591.4 416 516 1)
(53078 -53413.2 -138920 94 194 0)
(53080 -44249 -77595.1 454 554 1)
(53086 -119708 138761 394 494 1)
(53087 -33178.8 -31343.4 438 538 0)
(53091 3117.43 -65560.1 134 234 1)
(53105 -39145.5 -108980 565 665 1)
(53106 25213.8 36104.6 217 317 1)
(53110 -31110.9 26018.3 400 500 1)
(53114 36320.6 -69633.4 580 680 1)
(53115 113874 -57420 146 246 3)
(53117 -7992.93 -85698.7 422 522 3)
(53118 49550.4 -132098 588 688 0)
(53124 44376.6 83422 308 408 1)
(53126 -116654 65278.2 198 298 1)
(53129 -24086 38052.9 613 713 0)
(53133 88701.3 -48380 411 511 1)
(53135 -46353.8 -2643.34 257 357 1)
(53140 86651.2 -42431.3 458 558 0)
(53143 -1924.89 66227.3 200 300 1)
(53144 96781.9 -135107 609 709 1)
(53149 119795 -146986 247 347 1)
(53153 108656 -54484.9 170 270 1)
(53171 7173.18 -129208 623 723 1)
(53175 -102502 45174.2 12 112 1)
(53181 -104829 -75782.1 508 608 3)
(53182 -63067.5 74722.6 464 564 1)
(53186 9982.69 98531.3 112 212 1)
(53187 86623.4 91488.2 514 614 3)
(53188 -77427.4 79400.2 336 436 3)
(53197 16166.9 51187.6 224 324 1)
(53207 -84462.7 82365.5 440 540 1)
(53211 115868 -17212.1 575 675 1)
(53214 95644.4 -146038 306 406 3)
(53238 -91557.1 -22400.4 198 298 0)
(53245 64510.7 -16216.2 480 580 1)
(53255 39329.1 -114842 312 412 1)
(53256 110615 -52394.4 34 134 1)
(53262 -74382.2 64323 65 165 1)
(53263 32220.6 17983.5 25 125 1)
(53264 -84429.1 -123884 155 255 1)
(53272 70441.8 -100681 103 203 1)
(53289 -21103.3 69339.7 583 683 3)
(53297 -71408.4 140791 392 492 1)
(53303 12167.3 -61530.6 343 443 1)
(53305 -12867.2 -11237.7 322 422 1)
(53306 10169 56315.4 349 449 0)
(53317 -120878 39022.7 622 722 1)
(53318 20250.9 -4145.86 406 506 1)
(53322 100835 34173.3 575 675 1)
(53325 -92544.3 66508.7 505 605 0)
(53333 91673.8 -109835 385 485 1)
(53348 64447.9 -65553.6 304 404 3)
(53351 91602.6 6885.49 32 132 0)
(53355 -98591.4 -59514 499 599 3)
(53357 -15134.5 132673 235 335 0)
(53358 -47219.6 79430.6 402 502 1)
(53365 8182.29 -13089.4 94 194 0)
(53370 -45264.3 -137202 530 630 1)
(53373 -14179.9 -84396.6 39 139 1)
(53387 -77535 93551.5 593 693 1)
(53400 -51292.8 -119989 579 679 1)
(53406 -102580 -100811 446 546 1)
(53423 51411 21970.6 550 650 3)
(53424 -55213.5 -142890 58 158 0)
(53430 -42232.1 -146184 536 636 3)
(53434 -106519 20980.3 235 335 1)
(53438 79567 -28312.2 330 430 1)
(53439 -93563 47149.8 430 530 1)
(53441 -28123.2 62328.6 193 293 3)
(53449 -119613 -13199.5 91 191 3)
(53450 -70267.9 146683 1 100 1)
(53455 -17157.2 98687.1 52 152 1)
(53465 39360.4 -206.812 358 458 1)
(53470 30228.7 -79584.4 191 291 1)
(53478 -22126.1 -63585.5 572 672 1)
(53489 -6932.39 56206.8 388 488 1)
(53500 8098.19 -132108 535 635 1)
(53502 -6000.97 -79719.7 480 580 0)
(53505 46.0577 -134142 621 721 0)
(53508 -23489.4 -92667.4 571 671 3)
(53512 106923 69309.5 533 633 3)
(53514 53467.8 85449 606 706 3)
(53517 -91470.6 30066.5 13 113 1)
(53537 -101584 147825 277 377 1)
(53546 -25097.4 47192 364 464 1)
(53548 -75317.5 25074 416 516 1)
(53549 -103585 -58494.5 369 469 3)
(53576 31213.9 -72517 53 153 3)
(53579 -18108.5 16992.5 430 530 3)
(53580 -98628.2 102573 614 714 1)
(53593 -109622 22005.7 159 259 1)
(53596 50644.6 -4083.28 294 394 1)
(53599 54357.2 -89632.3 154 254 1)
(53601 -57307.4 23016.1 538 638 1)
(53609 69373.7 -15272.5 544 644 1)
(53611 -116647 74367.1 281 381 1)
(53613 -60370.8 38919.5 238 338 1)
(53616 -78487.6 146779 292 392 1)
(53623 -70406.5 -17268.9 467 567 1)
(53630 17725.7 52207.4 604 704 1)
(53631 87610.7 70276 337 437 1)
(53642 110767 122641 362 462 1)
(53647 33262.7 131652 116 216 3)
(53648 94722.4 50180.6 272 372 1)
(53650 -1279.7 75548.7 344 444 0)
(53665 -97525.4 -36261.1 138 238 0)
(53667 30207.5 86460.9 15 115 1)
(53673 -123704 -94793.3 301 401 3)
(53675 -53325.6 83432.2 583 683 1)
(53689 -23066.9 126608 149 249 1)
(53691 -56251.9 -106753 154 254 1)
(53695 75572.2 -39488.2 301 401 3)
(53698 -92505.2 -52513.5 43 143 3)
(53707 -93834.1 -15159.1 629 729 1)
(53712 15036.3 121644 209 309 0)
(53716 -17046.5 -148228 576 676 3)
(53725 -98521.8 74344.7 190 290 3)
(53727 -109708 -43344.1 419 519 1)
(53728 65499.4 -42420.7 331 431 1)
(53730 106783 56264.8 472 572 0)
(53736 -9812.24 -24350.5 480 580 0)
(53743 -96550.6 -45272.3 94 194 1)
(53750 -93504.3 -30232 213 313 1)
(53752 82575.5 47203.3 321 421 1)
(53761 74669.3 -31369.2 628 728 0)
(53762 -69297.3 -29374.2 6 106 1)
(53765 -12060.2 -110725 10 110 1)
(53771 -24202.1 50276.6 467 567 1)
(53775 45266.5 46890.8 458 558 1)
(53782 54430 -41004.2 500 600 1)
(53790 23444.9 121360 331 431 3)
(53800 35411.2 43353.6 79 179 1)
(53801 -77432.7 43024.2 203 303 0)
(53806 -107540 -75455 19 119 3)
(53808 2218.53 117693 626 726 3)
(53811 58575.4 6773.89 153 253 1)
(53831 35303.3 -127096 430 530 1)
(53836 15053.2 -146282 491 591 3)
(53844 26266.2 -74610 369 469 1)
(53848 -115819 -39329.4 547 647 3)
(53849 -58278.4 61199.1 41 141 0)
(53850 121712 134689 215 315 3)
(53857 -40152.7 103618 571 671 1)
(53893 92728.6 -144264 563 663 0)
(53896 -71431.7 -5181.86 619 719 3)
(53900 -20087.7 -8183.99 374 474 1)
(53903 -11989.4 37132.4 441 541 3)
(53911 34169.6 111670 165 265 1)
(53925 -81366.1 -42306.9 105 205 1)
(53928 67599.6 40139 440 540 1)
(53932 82691.7 110477 378 478 1)
(53936 83581.4 41127.3 250 350 1)
(53951 39264.6 16091.6 76 176 1)
(53953 -39184.5 -52476.5 394 494 1)
(53957 94605.3 11821.8 444 544 1)
(53959 -55606.2 42132.6 543 643 1)
(53966 -65331.7 -76580.7 161 261 1)
(53968 114803 -128961 494 594 1)
(53973 43614.5 20971.1 192 292 1)
(53981 -9947.61 98466.5 232 332 1)
(53983 -108581 102527 452 552 0)
(53988 55454.5 98557.1 543 643 3)
(53992 -120615 -53297.4 279 379 1)
(53995 66468.3 -101771 260 360 1)
(53997 50321.5 914.334 87 187 1)
(53998 -40087.1 15889.9 451 551 0)
