(41012 43300 89392 1 95 0)
(41021 -62328.5 -124795 80 180 1)
(41028 -59341.8 -35400 452 552 1)
(41038 -123662 -38322.7 113 213 1)
(41040 109692 -135893 154 254 3)
(41042 -101642 -113964 587 687 0)
(41046 -35088 -41504.4 165 265 0)
(41060 65432.3 -7276.28 256 356 1)
(41061 2138.88 10878.4 236 336 3)
(41065 -108540 20991.7 111 211 1)
(41069 123927 109640 553 653 1)
(41081 58464.3 90472.6 76 176 1)
(41086 116797 32050.9 78 178 1)
(41087 106065 18110.8 579 679 3)
(41093 -76349.6 -70531.3 30 130 0)
(41094 -88538 -43449.6 383 483 1)
(41098 -57322.7 10980.9 184 284 0)
(41109 -25160.1 -94662.2 540 640 1)
(41128 5053.53 -4114.87 528 628 1)
(41137 85797.6 83324.7 482 582 1)
(41140 -93561.1 129655 381 481 0)
(41158 42425.9 -127842 102 202 3)
(41160 33255.5 -148862 224 324 1)
(41163 47328.3 127587 129 229 0)
(41165 -24083.1 -122793 84 184 1)
(41166 97785.3 -68656.5 283 383 0)
(41168 -82406.1 -72514.6 7 107 1)
(41169 11170.8 -18165.4 124 224 1)
(41171 72452.6 120975 606 706 1)
(41181 27300 -90717.2 556 656 1)
(41192 29230.9 -110732 13 113 0)
(41200 11105.4 -72613.1 525 625 3)
(41202 7097.74 -22292.8 457 557 0)
(41217 1051.26 -52468.6 421 521 1)
(41225 78452.5 140614 12 112 1)
(41227 12223.7 27095.1 433 533 1)
(41237 -2172.38 -77846.3 455 555 1)
(41240 -74343.1 -21274.1 304 404 1)
(41246 -109513 -79582.5 285 385 1)
(41254 63386 82271 183 283 1)
(41257 34284 -32343.4 175 275 3)
(41269 90684.9 36130.5 419 519 1)
(41279 47315.5 13964.2 51 151 1)
(41280 120771 -51430.2 213 313 -1)
(41287 13150.3 -116754 101 201 1)
(41290 27486.8 121768 593 693 3)
(41293 72480.6 7927.52 233 333 3)
(41298 -5974.51 -50514 304 404 1)
(41299 -64343.5 9936.96 56 156 3)
(41305 -110638 2791.7 154 254 3)
(41309 88658 -78561.3 343 443 1)
(41310 46311.4 115339 256 356 3)
(41312 -15030.2 -47407.6 177 277 1)
(41317 89762.3 20103.6 190 290 1)
(41318 -108107 -112820 340 440 1)
(41323 -70412.9 -88636.6 114 214 3)
(41325 -43119.3 -112803 148 248 1)
(41335 45347.3 -33379.4 371 471 3)
(41341 111698 -149977 141 241 1)
(41343 122224 -113175 460 560 0)
(41355 -86499.8 -135954 338 438 3)
(41356 -24611.1 -1911.59 174 274 0)
(41368 -95544.4 91409.6 247 347 0)
(41372 -122770 54235.4 390 490 1)
(41379 59404.9 -99738.5 108 208 3)
(41380 -114744 3883.3 603 703 1)
(41385 99677.7 -119842 321 421 1)
(41387 67512.5 -95782.5 490 590 1)
(41395 94733.9 86481.7 577 677 1)
(41404 113821 53309.2 590 690 1)
(41405 28267.8 131663 141 241 3)
(41407 49626.5 -92903.4 566 666 3)
(41408 -36314.4 -110758 615 715 1)
(41412 -12982.2 2867.55 578 678 3)
(41413 99697.6 5919.44 459 559 1)
(41420 -115808 8930.58 626 726 1)
(41428 22240.8 7892.81 475 575 3)
(41429 101879 -83828 490 590 1)
(41430 -69490 95323 79 179 3)
(41431 50323.5 1866.59 81 181 1)
(41433 -3945.01 -87655.8 404 504 1)
(41436 -119744 114644 502 602 1)
(41439 74673.9 59314.5 503 603 1)
(41451 -25060.8 -78694 1 97 0)
(41463 97776 -27271.8 436 536 1)
(41469 52448.6 -54533.4 626 726 1)
(41477 -34168.7 -61558.4 351 451 3)
(41479 34150.9 149856 174 274 3)
(41480 -76377.8 18007.3 180 280 1)
(41493 -25178.3 -76715.2 464 564 1)
(41497 -22175.5 1772.63 405 505 3)
(41501 5112.64 -139955 224 324 1)
(41503 33257.2 -19250.6 231 331 1)
(41504 33039.4 -65593.1 250 350 3)
(41528 -109708 139817 379 479 3)
(41532 25188.1 -84567.7 36 136 3)
(41539 44396.4 51235.7 628 728 1)
(41546 -105603 -120893 480 580 1)
(41548 25340.5 99612.4 232 332 0)
(41552 23285.9 -93814.9 498 598 1)
(41557 -110665 103547 397 497 1)
(41558 11026.3 46316.5 427 527 1)
(41561 115826 -149085 369 469 3)
(41565 -29048.3 50113.5 599 699 1)
(41593 40282.4 -40328.5 53 153 1)
(41595 -8952.95 -60586 572 672 3)
(41597 -59335.4 -49511.1 607 707 1)
(41601 1175.1 51294 167 267 1)
(41608 -92492.3 51196.2 249 349 1)
(41610 -110612 -4177.42 495 595 1)
(41611 -19061 95514 520 620 1)
(41614 -19063.5 -27340.4 32 132 1)
(41616 -13048 50228.7 432 532 1)
(41631 -124682 59215.8 193 293 1)
(41643 -17058.4 -99800.1 433 533 1)
(41654 44311.9 -72545.3 211 311 1)
(41659 -65235.1 -20251.9 24 124 1)
(41667 120739 51153.4 162 262 1)
(41690 27363.2 112583 554 654 0)
(41696 22155 -140105 459 559 1)
(41714 -48289.5 -46388.8 154 254 3)
(41717 5113.84 62292.5 331 431 3)
(41720 36339.7 132741 437 537 3)
(41723 -100520 -74569.3 88 188 3)
(41724 61403.1 -22321 499 599 0)
(41725 11215.5 -92782.3 550 650 1)
(41729 -3935.26 -30355 511 611 3)
(41732 -24077.3 50160.4 45 145 3)
(41736 119804 -28305.5 547 647 0)
(41748 -925.726 -28244.7 534 634 0)
(41751 33246.7 -61516.3 244 344 0)
(41765 -31148.9 -56543.4 559 659 3)
(41766 -86703.8 112602 496 596 3)
(41769 -10970.7 92392.8 250 350 3)
(41784 9119.92 56303.8 606 706 1)
(41787 112608 36020.9 166 266 3)
(41796 -84500.3 -17271.5 614 714 3)
(41799 -31243.8 -80588.6 274 374 0)
(41801 -65356.8 46170.4 373 473 3)
(41813 117876 82446.9 386 486 0)
(41827 -8239.01 49462.3 412 512 3)
(41828 -119591 -87613.2 56 156 1)
(41835 -120762 78596.2 331 431 1)
(41846 -29119.7 -109842 427 527 1)
(41850 40407.3 -19231.8 493 593 3)
(41852 -122759 99500.6 481 581 3)
(41861 124715 -33214.3 1 95 1)
(41870 37352.1 112608 122 222 1)
(41871 63503.3 134657 290 390 1)
(41872 120227 57543.6 605 705 1)
(41875 -90263.5 26171.7 64 164 0)
(41881 -110724 -100056 532 632 1)
(41882 51602.6 100482 304 404 3)
(41883 79.9656 -15277.8 469 569 1)
(41888 -42101.9 -117828 38 138 1)
(41890 21098.1 -33333.6 346 446 1)
(41895 101698 21016.4 360 460 1)
(41906 -94628.5 -14285.9 515 615 1)
(41909 9054.56 49136 31 131 1)
(41913 -5032.96 -58555.7 316 416 1)
(41917 -20040.1 -55517.5 306 406 1)
(41923 -84481 142777 308 408 3)
(41930 -60330.9 65389.2 489 589 3)
(41935 -120676 -23217 281 381 1)
(41972 -59363.7 -121940 319 419 1)
(41976 94723.4 119715 540 640 1)
(41977 -24093.7 100468 244 344 1)
(41981 45325.7 65338.8 359 459 3)
(41985 81524.2 -52413 99 199 1)
(41987 -39170.3 122740 485 585 1)
(41989 43386.2 34102.7 331 431 1)
(41993 119986 32125.4 582 682 3)
