(61000 32068.6 -94646.5 341 441 3)
(61006 -103661 6921.06 401 501 0)
(61008 -1930.8 -129954 315 415 1)
(61015 -124652 -102743 176 276 3)
(61022 21927.8 12896.2 246 346 3)
(61027 -53343.5 -33368.1 487 587 3)
(61028 5182.16 -41398.1 11 111 3)
(61037 -110483 146744 70 170 1)
(61041 104951 -102946 470 570 1)
(61048 -18104.2 -145205 514 614 1)
(61059 -99602.6 -103833 157 257 1)
(61061 30218.9 -65378.7 20 120 1)
(61063 -78455.9 -47434.7 396 496 1)
(61064 31182.9 -81703.7 184 284 3)
(61071 43397.6 79435.2 330 430 1)
(61072 98614 4934.92 47 147 0)
(61074 -4975.74 -87699.8 405 505 1)
(61094 -7415.74 16341.3 21 121 1)
(61100 48351.4 -27278 8 108 1)
(61101 -6930.36 -100648 34 134 1)
(61104 41296 -56444.3 174 274 0)
(61107 92715.1 -41468.6 232 332 1)
(61109 -39210.3 -142006 306 406 1)
(61111 106771 -141154 427 527 1)
(61115 -13024.4 65274.5 486 586 1)
(61118 -89629.5 118726 468 568 1)
(61124 -97509 -126872 225 325 1)
(61128 -123761 -7339.91 567 667 1)
(61130 62370.4 18983.9 88 188 3)
(61131 -76336.3 -43441.9 342 442 1)
(61141 67466.6 -48390.6 56 156 1)
(61144 -8862.81 -12215.8 413 513 1)
(61153 -123796 -59556.6 508 608 3)
(61176 -32138 25031.7 72 172 1)
(61180 -67431.8 124767 416 516 3)
(61185 -57174.5 -118897 263 363 1)
(61188 40327.7 -101836 397 497 1)
(61192 -74256.8 -12131.8 9 109 1)
(61193 -100547 -39349.4 265 365 1)
(61197 -10997.4 -131888 145 245 1)
(61198 64512.6 -82600.2 216 316 1)
(61203 81634 109683 564 664 0)
(61208 75699.8 -36505.3 485 585 1)
(61210 66467.4 36147.4 129 229 1)
(61214 -111653 -13232.6 402 502 1)
(61215 -45321.4 -122932 584 684 3)
(61221 -36173.2 105519 87 187 1)
(61223 11104.6 -37310.4 28 128 3)
(61226 -19076.2 -95739.9 317 417 1)
(61238 -7857.2 -69536.1 233 333 1)
(61246 47365.8 -121975 535 635 1)
(61249 -89905.1 -82570.3 62 162 1)
(61253 83637 105525 325 425 1)
(61254 2047.29 87317.9 269 369 1)
(61260 -34152.4 45165.2 322 422 1)
(61262 -14027.2 32118 558 658 1)
(61266 121966 -94804.6 377 477 0)
(61270 10657.5 69473 3 103 3)
(61274 80493.4 56226.9 69 169 1)
(61278 86330.7 58541.4 107 207 1)
(61289 19200.1 1866.74 286 386 1)
(61292 55339.7 4921.67 85 185 1)
(61299 -14994.2 -91714.7 425 525 1)
(61305 97856.6 -68638.9 434 534 3)
(61309 -35156.2 59233.4 101 201 3)
(61313 -69360.1 -111780 166 266 3)
(61329 84844.2 -113938 545 645 1)
(61341 9125.66 -6190.29 183 283 1)
(61349 102815 45157.6 580 680 0)
(61354 -37154.9 -48372.5 156 256 3)
(61361 -82497.4 -112922 575 675 3)
(61370 29263.9 -97804.6 529 629 1)
(61373 65350 122540 7 107 3)
(61374 -9205.94 111516 226 326 0)
(61382 9123.11 -113819 257 357 1)
(61386 -28120.2 -80772 483 583 1)
(61389 8077.43 42140.2 602 702 1)
(61390 -4996.53 -49557.3 538 638 0)
(61397 31241.2 146786 259 359 1)
(61404 -26092.1 13923.4 271 371 1)
(61406 86580.1 -116745 82 182 1)
(61411 -96455.6 -36320 56 156 3)
(61412 42360.1 -6315.17 357 457 1)
(61415 37353.1 42305.9 593 693 1)
(61416 94503.1 143684 35 135 1)
(61419 -52271.2 -46425 315 415 0)
(61425 -30024.7 51230 46 146 3)
(61431 124663 -92572.4 231 331 3)
(61434 64429.2 -17099.7 534 634 1)
(61440 -30107.2 -116875 428 528 1)
(61442 40279.6 -91782.5 284 384 0)
(61443 -48415.9 -8173.11 356 456 0)
(61446 35277.4 86586 388 488 1)
(61450 106501 -67531.3 1 98 0)
(61454 -104654 24014.7 484 584 3)
(61456 23171.4 56188.4 124 224 1)
(61457 -116714 -147166 515 615 3)
(61459 71578.5 -29392.5 547 647 1)
(61461 87494.5 -126801 16 116 3)
(61473 15144.2 124732 316 416 0)
(61474 -68367.3 -97728 394 494 1)
(61477 -116631 55203.5 226 326 1)
(61478 88554.6 -68348.2 415 515 3)
(61480 -48195.1 855.861 232 332 0)
(61482 -70407.4 94460.7 419 519 3)
(61485 -66286.8 -98680.4 100 200 1)
(61498 -8780.73 84202.7 518 618 0)
(61509 22122.9 101561 78 178 1)
(61512 -61370.2 57227.6 477 577 1)
(61513 58440.1 62348.2 608 708 1)
(61527 -104507 31031.6 92 192 1)
(61534 -110574 -37333.6 135 235 1)
(61535 -43240.4 -125.338 228 328 1)
(61538 62437.8 54354.1 434 534 0)
(61542 -73326.7 44247.3 523 623 1)
(61547 -54296 110531 176 276 1)
(61565 88707.7 -55539.9 368 468 1)
(61583 -49212.7 -103675 55 155 0)
(61587 -121197 54243.2 372 472 1)
(61591 75624.9 61383.9 408 508 1)
(61603 3068.85 149855 217 317 1)
(61605 70390.1 -66638.8 249 349 1)
(61607 -56441.5 145135 625 725 0)
(61611 50319.6 -3244.33 149 249 1)
(61627 -31174.5 122825 469 569 0)
(61634 -26057.1 119746 543 643 3)
(61640 7065.28 -6226.33 286 386 0)
(61644 92563.1 -71529.2 60 160 1)
(61645 -100478 20998.3 321 421 0)
(61655 -94440.5 -99677 158 258 3)
(61657 92694.7 91541.6 435 535 1)
(61661 49582 50611.6 537 637 0)
(61665 -49432.9 135939 245 345 0)
(61666 105657 -138095 250 350 0)
(61672 49424.8 124937 623 723 1)
(61675 -77457.6 -193.858 304 404 1)
(61679 -46259.9 -135881 192 292 1)
(61683 -122759 144694 339 439 3)
(61684 63430.2 30066.3 139 239 3)
(61692 -92521.1 -96725.4 308 408 1)
(61700 14143 99458.1 205 305 3)
(61705 -42218.9 -46457.8 509 609 1)
(61707 -76368.5 -143005 291 391 3)
(61715 -118897 46370.6 564 664 0)
(61720 -73374.6 145725 184 284 1)
(61722 84708.2 -7139.5 283 383 1)
(61731 48.8504 -131002 461 561 0)
(61757 -87503 117521 131 231 0)
(61758 -64608.1 -46459.7 459 559 1)
(61769 -42114.5 -126975 245 345 0)
(61774 -25016.8 137588 232 332 1)
(61776 -3930.5 68275.2 301 401 1)
(61777 -83447.2 126645 259 359 1)
(61789 13105.4 -22312.2 108 208 1)
(61794 69268.7 139422 6 106 1)
(61805 87706.6 -11285.8 576 676 1)
(61809 -66550.9 -33452 194 294 1)
(61811 -57300.6 -82668.3 440 540 1)
(61814 -56174.8 -77497 50 150 -1)
(61818 109742 -71568.5 340 440 1)
(61820 6281.87 -144342 61 161 1)
(61822 -47277.8 -116937 540 640 1)
(61827 95564.8 -49586.9 269 369 3)
(61830 -32294.1 -54624.7 35 135 1)
(61831 17162.4 6945.94 225 325 3)
(61832 112010 -9999.24 436 536 0)
(61836 -36231.4 58211.4 35 135 1)
(61842 25280.3 69464.3 629 729 3)
(61849 -44010.8 32785.7 355 455 0)
(61851 -105576 -19259.5 380 480 1)
(61854 -35119.1 -49363.7 29 129 1)
(61856 61693.8 83413.3 608 708 1)
(61858 -32127.8 105510 231 331 1)
(61862 -9015.67 142576 22 122 1)
(61867 -123722 60080.4 351 451 1)
(61870 -114766 -130100 628 728 1)
(61877 58561.6 -14301.1 546 646 0)
(61878 -19119.3 80309.4 367 467 1)
(61879 -2934.78 -17166.5 388 488 1)
(61881 122065 45079.3 247 347 1)
(61889 59352.4 64257.8 32 132 3)
(61901 3114.62 -16229.6 371 471 1)
(61903 -63357.6 -27316.8 527 627 1)
(61910 -57327.6 -127923 535 635 1)
(61914 60464.3 -27340.2 601 701 1)
(61915 -10048.3 26006.6 406 506 1)
(61916 -53234 58239.6 71 171 0)
(61920 -101996 -18094.9 619 719 0)
(61924 -94499.5 -17126.8 190 290 1)
(61931 61481 56243.7 224 324 1)
(61941 -63359 -58412.4 398 498 3)
(61951 40412.1 -141106 532 632 1)
(61958 -81441.4 64251.1 104 204 1)
(61974 68442.8 14963.2 91 191 1)
(61979 -100501 134613 47 147 1)
(61980 13081.8 -134202 188 288 1)
(61984 -73423.3 -139022 278 378 1)
(61988 65503.9 72325.5 379 479 1)
(61996 110790 -144039 4 104 1)
(61998 -17050.8 -65576.6 472 572 1)
(61999 -32144.2 -70572.9 504 604 1)
