(124000 96615.3 6942.58 51 151 1)
(124015 -111674 69469.8 208 308 1)
(124017 2157.3 17461.3 202 302 1)
(124026 -120773 107572 320 420 0)
(124029 -71390 -99788.2 330 430 1)
(124032 6160.19 109595 474 574 1)
(124035 29260.6 64270.2 394 494 1)
(124038 28286.1 -77731.3 536 636 1)
(124040 -79514.5 -18172.8 509 609 1)
(124043 18202.8 -63.6076 461 561 0)
(124044 88648.6 77346.2 366 466 1)
(124047 -6978.64 -80656.2 407 507 1)
(124065 117495 -104665 1 98 1)
(124066 2064.35 -30253.4 18 118 0)
(124073 83776.9 2904.17 467 567 1)
(124079 4122.82 -47444.5 74 174 0)
(124080 -65404.1 119612 381 481 1)
(124094 -55322.7 -8193.15 595 695 1)
(124107 -121588 109658 435 535 1)
(124109 25137 65361.3 244 344 0)
(124111 32298.9 -21288.4 493 593 1)
(124113 122754 101415 391 491 1)
(124129 -40174.4 -44366.1 251 351 1)
(124130 -23019.7 -117787 83 183 1)
(124141 -98539.6 -134107 513 613 3)
(124148 99648.4 -29321.4 232 332 1)
(124151 34254.9 51133.3 218 318 1)
(124153 87610.4 83389.3 351 451 0)
(124154 -108637 -30392 350 450 3)
(124163 -77407.5 33073.4 268 368 1)
(124164 113673 90413.9 5 105 1)
(124165 -76449.6 -38401.8 473 573 1)
(124170 -102674 -146215 521 621 1)
(124171 -4812.6 1935.42 559 659 1)
(124176 124810 -94610.2 192 292 1)
(124180 -87440.9 42160.8 135 235 1)
(124190 -53241.5 -58469.8 177 277 1)
(124194 -87380.2 94424.1 50 150 1)
(124201 51255.2 58152.9 104 204 3)
(124202 77594.8 58250.8 477 577 1)
(124205 39321.6 -42385.1 505 605 1)
(124211 -53189.3 50318 51 151 0)
(124221 31324.8 -19286.3 275 375 0)
(124226 -30108.8 49231.2 327 427 -1)
(124234 77624.5 57337 421 521 1)
(124235 30164 73451.3 395 495 0)
(124250 -98689.8 -143206 585 685 3)
(124255 38291.8 -2260.69 423 523 3)
(124264 110813 114659 563 663 0)
(124274 -45213.1 -123986 428 528 1)
(124278 54414.8 50210.4 430 530 3)
(124281 119713 30058 143 243 3)
(124300 66464 94272.5 445 545 0)
(124309 -63292.4 -84702.3 357 457 1)
(124313 86538.3 -85597.7 110 210 1)
(124317 -56314.3 -68609.2 533 633 1)
(124318 -14262.7 -1004.78 139 239 0)
(124326 16146.9 80259.7 157 257 1)
(124332 43445.9 -92686 226 326 1)
(124334 8997.42 -102891 609 709 0)
(124337 -12019.6 5927.69 421 521 1)
(124349 -117639 21067 539 639 1)
(124357 -48221.3 -115753 81 181 0)
(124363 -15051.2 -43408.8 252 352 1)
(124364 -55330.4 -68578.2 369 469 1)
(124370 -37530.3 -98728.2 437 537 1)
(124379 -47206.9 94483.3 176 276 0)
(124384 -53281.8 -75649 471 571 1)
(124388 61489.6 59248.9 448 548 1)
(124389 94410 -20275.2 17 117 1)
(124394 -80323.3 -22013 291 391 1)
(124401 42383.8 -88441.7 269 369 3)
(124402 -28215.8 83412.4 136 236 3)
(124407 -124139 -82564.7 621 721 1)
(124411 26216.2 -193.19 604 704 0)
(124413 50177.9 -90654.7 155 255 0)
(124414 -20075.6 39100.2 178 278 3)
(124421 -107551 -8172.94 88 188 1)
(124425 -881.805 -37453.6 347 447 0)
(124429 11022.1 -59394.6 204 304 1)
(124430 13223.2 41120.2 11 111 0)
(124436 114305 8938.26 145 245 1)
(124437 104532 -96522.3 1 100 1)
(124465 -100479 -69516.9 45 145 1)
(124469 -36127.8 33103.4 186 286 1)
(124472 69555.6 -32378.3 580 680 1)
(124481 53379.1 -109861 389 489 1)
(124482 -16051.2 -129797 22 122 3)
(124483 31372 42311.6 466 566 3)
(124513 39317.3 -106850 563 663 1)
(124520 -14005.9 -120980 394 494 1)
(124526 48341.8 139690 96 196 1)
(124548 63627 146813 462 562 1)
(124550 68444.3 -59471.5 142 242 1)
(124557 39359.2 148898 620 720 1)
(124558 50235.1 -58471.1 62 162 1)
(124560 29337.1 -113904 304 404 1)
(124561 17149.9 120565 35 135 1)
(124567 -8970.31 -110660 46 146 1)
(124574 -80473.1 102560 136 236 1)
(124577 -95425.6 52199.5 536 636 1)
(124584 41364.7 30056.9 489 589 1)
(124589 78571.8 -116946 410 510 1)
(124591 -39955.2 111640 198 298 3)
(124619 47359.1 124617 200 300 1)
(124626 73473 -135869 34 134 1)
(124638 -15026.4 114573 285 385 1)
(124642 -121612 -57489.8 162 262 1)
(124643 12125.2 -73608.9 362 462 1)
(124652 21156.3 -41294.5 144 244 1)
(124675 115946 -102901 561 661 0)
(124676 82502.4 37080.1 82 182 1)
(124679 8122.83 -3123.29 68 168 0)
(124681 -105748 -128959 464 564 3)
(124682 -112655 -13345.5 452 552 1)
(124692 120942 -31395.4 584 684 1)
(124700 -110699 18982.3 527 627 1)
(124716 -32169.8 -39401.2 403 503 1)
(124728 -19103.8 -108779 91 191 1)
(124730 18386.6 -76638 488 588 1)
(124731 20258.9 -116837 511 611 0)
(124735 -4923.42 118664 96 196 0)
(124737 -116653 82447 160 260 0)
(124746 -63369.4 149957 324 424 0)
(124747 16219.2 -57563.1 595 695 0)
(124749 14137.4 -36331.4 294 394 1)
(124761 -13025.6 -125122 583 683 0)
(124772 -77474.6 44159.7 208 308 0)
(124788 8095.04 -21317.5 426 526 0)
(124791 3075.71 -27271.7 129 229 1)
(124792 -75452.8 35083.2 467 567 3)
(124795 17195.4 -81689.5 485 585 3)
(124799 80678.8 -82586 209 309 0)
(124802 -51243 -9057.84 56 156 0)
(124803 -121694 3859.75 363 463 1)
(124809 5101.98 -127043 567 667 1)
(124812 -52300.3 -30363.3 578 678 1)
(124816 -45242 71270.4 302 402 1)
(124827 -59305.3 100519 394 494 0)
(124833 94674.5 -47472.8 453 553 0)
(124835 108818 -41448.4 467 567 1)
(124842 -84510.2 39107.5 261 361 1)
(124847 -81397.6 -42349.8 74 174 1)
(124853 48350 28012.2 212 312 3)
(124857 -47246.2 -42271.1 284 384 1)
(124858 -52276.6 -64557.9 427 527 0)
(124870 81750.5 -55487.3 572 672 1)
(124871 82478.2 121520 120 220 3)
(124872 -32197.7 7891.15 618 718 1)
(124874 -72759.9 44266.6 383 483 0)
(124881 30255.2 -22328.3 623 723 1)
(124882 -105642 -47421 415 515 3)
(124890 -77200.2 4059.13 526 626 1)
(124901 6061.72 -130979 57 157 3)
(124904 27208.9 -127082 387 487 0)
(124908 -43119.8 3788.95 186 286 3)
(124910 -3944.46 101512 361 461 3)
(124911 123713 129566 36 136 1)
(124914 -99565.7 -43408.7 465 565 3)
(124915 -21034.3 12938.2 409 509 3)
(124917 113806 -85648.9 210 310 0)
(124918 68484.3 -36365.8 503 603 1)
(124926 123992 102577 498 598 1)
(124936 -909.906 104432 284 384 1)
(124947 -21088 -125806 87 187 0)
(124948 25345.8 -79606.4 283 383 1)
(124955 106865 -4274.24 620 720 0)
(124958 -9998.97 -100889 626 726 0)
(124962 -45210.5 -51520 544 644 0)
(124965 16197.2 -111941 372 472 3)
(124966 107820 -77688.9 582 682 1)
(124969 -13175.3 -81546.6 247 347 1)
(124970 -49323 -30057.8 1 96 1)
(124973 -82488.8 -116889 305 405 1)
(124975 87617.8 -119862 321 421 1)
(124981 -46129.4 54194.5 224 324 1)
(124991 122740 27007.7 79 179 1)
(124993 43315.8 3879.71 491 591 1)
(124997 23053.5 -44420.6 322 422 3)
