(26005 89713.3 41136.7 549 649 0)
(26011 28205.8 -91586.7 24 124 1)
(26017 -54279.3 -104849 515 615 1)
(26021 99732.9 45150.2 456 556 1)
(26022 43329.9 -45426 247 347 1)
(26027 26172.6 145884 554 654 1)
(26036 -44222.5 -42420.6 437 537 1)
(26038 18064.9 53939.7 585 685 0)
(26046 -821.152 -53560.3 492 592 3)
(26055 1047.24 -9169.68 54 154 3)
(26057 -1915.16 -22156.2 234 334 1)
(26065 120750 147686 14 114 3)
(26070 79562.1 -78621.2 342 442 1)
(26072 -92490.2 4518.4 496 596 1)
(26080 -31258.3 72241.8 214 314 1)
(26081 -111525 -141872 102 202 1)
(26087 106667 -44457.9 188 288 1)
(26101 41311.1 -144946 4 104 3)
(26106 52351.2 -145970 177 277 3)
(26109 -1927.62 26042.9 545 645 1)
(26112 1077.85 -83676 474 574 1)
(26120 42397.6 146800 418 518 1)
(26123 -26092.1 11064.9 180 280 3)
(26125 51398.2 2888.08 121 221 1)
(26126 -25068.3 108484 295 395 1)
(26127 3027.68 -72435.7 178 278 1)
(26133 80526.5 -108901 361 461 1)
(26137 -27083.2 -63473.5 114 214 1)
(26150 -84702.4 -25272.8 384 484 1)
(26161 -21089.1 -117832 206 306 1)
(26168 -14078.2 -88786.1 566 666 3)
(26175 -2978.66 92508 411 511 1)
(26177 -44284.3 -149190 572 672 1)
(26191 -85465.6 22997.9 162 262 1)
(26192 77589.7 -185.963 431 531 1)
(26193 114885 79411.9 531 631 1)
(26204 47461.5 121716 532 632 1)
(26209 68490.1 120618 319 419 1)
(26216 -118496 23002.4 96 196 1)
(26217 30196.3 15960.1 24 124 3)
(26222 106760 -16182.1 127 227 3)
(26227 83597.7 -112918 415 515 0)
(26231 -67321.6 4911.71 37 137 1)
(26238 -7781.1 70372.2 281 381 3)
(26241 24211.3 4863.13 123 223 1)
(26255 94663.5 19006.9 320 420 1)
(26264 70400.1 106551 237 337 1)
(26268 -122826 -21321.6 427 527 1)
(26269 32261.9 2949.64 364 464 1)
(26271 89664.2 15992.7 475 575 3)
(26283 70745.9 -31304.3 162 262 3)
(26285 115744 -136747 235 335 1)
(26300 58430.7 58301 121 221 1)
(26302 1820.43 79218.1 318 418 1)
(26322 105039 16572.1 201 301 0)
(26326 5103.88 -57535.9 504 604 3)
(26327 11135.1 -46460.8 462 562 1)
(26335 -25094.8 5912.88 233 333 3)
(26338 -76388.4 138634 93 193 1)
(26339 -29071.3 -119767 37 137 0)
(26342 39318.5 -55491.2 124 224 1)
(26352 20203.9 2849.66 582 682 1)
(26353 -31130 67356.9 159 259 1)
(26354 72614.6 -83566.3 276 376 0)
(26356 -90560 807.929 364 464 1)
(26384 55415.8 -63328.4 534 634 3)
(26390 2070.08 -90700.9 446 546 0)
(26395 -76470.7 -124012 507 607 1)
(26402 -72304.2 -24362.4 478 578 0)
(26413 -32161 44145.9 93 193 0)
(26424 48337.1 24028.3 244 344 3)
(26428 -78530.4 -122944 362 462 1)
(26431 111672 -62421.2 54 154 0)
(26432 102675 -134827 210 310 1)
(26437 53445.2 4900.23 508 608 1)
(26438 1014.73 -112846 220 320 1)
(26444 57351.5 -91587.5 21 121 1)
(26446 82573.6 -84668.3 225 325 0)
(26451 -105558 -71297.5 92 192 1)
(26460 -7968.4 -108915 619 719 0)
(26465 65.1872 -141012 342 442 1)
(26468 -99587.4 39106.2 399 499 1)
(26484 -102565 -147027 296 396 1)
(26487 54456.9 -69446.9 90 190 1)
(26496 116975 -98853.9 493 593 0)
(26497 78583.6 23927.6 612 712 1)
(26504 -87445.6 -133859 65 165 1)
(26505 62367.6 -40181.8 547 647 3)
(26506 4091.69 -67557.6 330 430 1)
(26516 -100549 -68613 343 443 0)
(26517 -25208.2 29244.9 607 707 3)
(26518 44294.2 -19202.8 62 162 3)
(26519 -44187.8 -12258.6 348 448 1)
(26524 104618 -69478.6 16 116 1)
(26535 -64433.4 83392.5 546 646 3)
(26540 45496.5 55207.4 411 511 3)
(26541 -41242.7 -92919.2 418 518 1)
(26549 -10833.1 143784 627 727 1)
(26552 -22137.6 -63605.3 330 430 0)
(26553 -55252.7 52220.5 179 279 3)
(26554 -41229.2 140889 294 394 1)
(26559 122868 -130989 414 514 3)
(26572 -51236.9 -111751 113 213 0)
(26581 92549 -123939 248 348 1)
(26589 -58317.7 -71507.8 175 275 3)
(26599 99661.6 45134.1 237 337 1)
(26601 -18091 18026 598 698 1)
(26603 -111625 -3153.36 152 252 1)
(26606 69.1315 95508.5 256 356 3)
(26637 53266.4 -87688.6 405 505 1)
(26642 -66350.2 -100740 309 409 1)
(26643 78438.6 -52399.4 331 431 0)
(26644 79513.8 -78564.5 138 238 3)
(26653 -110694 -16213.6 511 611 1)
(26659 98640.9 37108.9 41 141 1)
(26672 87610.3 -4244.98 329 429 1)
(26686 68488.1 30079.6 411 511 1)
(26689 5216.15 73352.8 495 595 1)
(26704 -66280.6 -55733.5 212 312 0)
(26705 -86082.4 -132003 172 272 3)
(26718 -75355 112508 14 114 1)
(26721 59352 -59445 49 149 1)
(26723 112754 125565 369 469 1)
(26725 63406.7 7950.26 16 116 0)
(26743 111676 -41370.8 278 378 0)
(26750 86595 -62254.1 98 198 0)
(26761 -99631 36172.6 330 430 1)
(26783 -78572.5 -93840.4 569 669 1)
(26804 -83447.1 80334.5 178 278 1)
(26816 13140.4 -27262.7 4 104 0)
(26817 -70465.9 -79517.6 140 240 3)
(26821 47442.4 -81734.4 457 557 1)
(26823 12177.7 -60564.9 582 682 1)
(26824 11146.8 46103.6 78 178 1)
(26825 19163.3 39111.4 75 175 3)
(26830 -99479.2 -24244.4 5 105 1)
(26846 -118644 79355.5 74 174 3)
(26851 35309.4 -124020 507 607 1)
(26870 84607.6 58215.4 127 227 1)
(26876 -21096 -21289 401 501 1)
(26890 -22160.3 -13149.2 571 671 1)
(26893 -58288 -47404.7 185 285 3)
(26896 -83488.5 106581 438 538 1)
(26897 46380.2 20997.1 574 674 1)
(26898 -55322.7 99464.9 345 445 1)
(26906 17182.5 -118968 414 514 3)
(26913 29260.3 109600 29 129 1)
(26917 56406.7 -16108.1 314 414 1)
(26921 -29114.3 123573 281 381 1)
(26922 29253.2 -58562.8 336 436 1)
(26926 -66267.1 -97463.8 78 178 3)
(26938 120817 79720.9 605 705 0)
(26956 -1958.44 10903.5 347 447 1)
(26962 68450.3 -84543.2 24 124 3)
(26964 -106663 130744 488 588 1)
(26969 -87545.4 19994.5 562 662 1)
(26973 67570.4 121798 618 718 1)
(26985 -121747 79467.4 388 488 1)
(26988 -122593 -85594.2 126 226 1)
(26990 4085.13 35082.8 344 444 3)
(26991 -44166 19168.7 173 273 1)
(26992 -29089.9 29141.8 463 563 3)
