(97014 -90487.6 -9301.86 197 297 1)
(97023 64540.9 1872.62 440 540 1)
(97030 -11110.1 47139.4 225 325 0)
(97033 67545.4 -53360.5 416 516 1)
(97038 24178.1 52298.5 494 594 1)
(97039 102611 -22120.6 140 240 3)
(97041 9058.13 87614.8 285 385 0)
(97042 3121.41 -144159 476 576 1)
(97061 -30107.1 -113784 74 174 3)
(97071 -53310.8 80429.7 626 726 3)
(97075 119915 -98894.5 619 719 1)
(97077 -100444 135669 34 134 1)
(97078 -112768 -103859 394 494 0)
(97079 -91936.7 -21778.3 522 622 0)
(97084 107696 -51438.9 182 282 1)
(97089 85524.8 -42344.5 1 94 1)
(97090 1103.94 139734 455 555 1)
(97104 61376 -10161.1 48 148 1)
(97106 -108817 57072.8 598 698 1)
(97113 27216.4 -147928 101 201 0)
(97121 -46246.7 95403.5 13 113 1)
(97122 -104620 83413.2 449 549 1)
(97123 -11936.9 -83612.8 297 397 1)
(97126 -108818 80338.4 570 670 0)
(97132 24210.1 -49329 86 186 1)
(97138 -52274.4 -75682.8 607 707 1)
(97140 -6951.08 -143161 600 700 1)
(97146 -100523 6958.57 265 365 3)
(97147 -61245.8 34063.1 73 173 1)
(97148 108748 44137.1 377 477 0)
(97152 -57397 -58495.8 594 694 0)
(97160 52405.8 -36317.5 272 372 1)
(97163 45340.1 -122901 136 236 3)
(97170 -32061.2 -80599 161 261 1)
(97171 34227.9 21182.8 292 392 1)
(97173 -50208 -73691.7 572 672 1)
(97178 -100564 120758 304 404 1)
(97190 2002.17 -36345.2 352 452 1)
(97202 -102490 108489 44 144 1)
(97211 -5966.93 98542.1 318 418 1)
(97217 -109769 105740 594 694 1)
(97218 -22032.2 54300.1 625 725 3)
(97220 57414.3 -121866 284 384 1)
(97222 -48172.8 -43371.8 90 190 0)
(97228 18041.6 -33125.3 533 633 0)
(97235 45476.5 -128971 490 590 3)
(97254 -14060.5 -79709.7 378 478 3)
(97267 -75381.1 -126838 154 254 3)
(97268 -56259.5 -28343.5 449 549 1)
(97271 119789 42133.3 216 316 0)
(97275 42288.7 54245.7 459 559 3)
(97288 -26952.8 -40390.5 431 531 1)
(97298 54360.5 3837.47 169 269 1)
(97299 -12985.6 123648 239 339 1)
(97309 -22183.7 -84683.5 428 528 3)
(97316 -20045.1 -49491.1 372 472 1)
(97317 102704 -20159.5 186 286 1)
(97323 -56319.6 71248.8 479 579 1)
(97329 -21085.5 -129908 216 316 3)
(97334 -41217.4 4875.51 537 637 1)
(97338 -24040.7 65289.3 34 134 1)
(97344 -85516.7 44147.3 454 554 3)
(97351 49311 -129637 171 271 1)
(97359 -106514 -99820.1 15 115 3)
(97373 -94486.7 -12197.6 116 216 1)
(97375 59197.3 85555.3 10 110 1)
(97380 37291.8 -82779.2 618 718 0)
(97381 -7059.84 8837.51 402 502 3)
(97383 -56304.8 102456 579 679 1)
(97385 -29174.2 -134921 332 432 1)
(97386 -96538 -60530.4 269 369 1)
(97388 -95705.7 -104614 584 684 3)
(97389 40202.6 116566 62 162 0)
(97393 97704.4 114757 317 417 0)
(97394 39303.1 -89500.4 58 158 1)
(97407 -83498.4 -66500.6 186 286 -1)
(97409 3055.85 -92727 529 629 3)
(97414 -86313.5 28098.3 59 159 1)
(97426 66449.8 -69417.2 134 234 1)
(97429 -6949.61 -122999 407 507 3)
(97437 89680.9 16998.1 454 554 0)
(97438 -30129.7 -51482.1 487 587 1)
(97449 63426.6 -133945 225 325 3)
(97456 -74262.6 -88724.2 273 373 1)
(97466 -54244.5 -18304.6 187 287 1)
(97473 113844 80353.7 168 268 3)
(97474 -73386.2 -144098 421 521 1)
(97478 -15989.8 -19244.1 165 265 0)
(97483 55389.3 -53445.1 178 278 3)
(97485 15135.1 -11122.5 34 134 3)
(97509 86665 59314.2 607 707 1)
(97512 -15043.8 -20369.4 583 683 1)
(97515 -107401 133536 24 124 1)
(97527 71226.3 -145290 120 220 1)
(97528 26245.5 -56746.7 575 675 0)
(97531 -84398.3 20990.7 94 194 3)
(97533 64520.1 -77618.5 561 661 1)
(97539 119792 -20255.3 271 371 3)
(97546 57366.7 15964.4 28 128 3)
(97550 -97573.9 -48372.1 152 252 1)
(97551 16123.1 29058.3 1 93 3)
(97552 27251.3 91442.3 381 481 1)
(97554 103663 -100740 288 388 1)
(97558 54500.7 -48563.4 582 682 3)
(97560 -62455.4 73275.5 440 540 1)
(97561 -59338.6 -34400.2 483 583 3)
(97567 -118735 -40423.4 509 609 1)
(97568 12116.8 -95771.8 236 336 1)
(97577 94650.7 -35349 77 177 1)
(97581 -1022.66 -124365 313 413 0)
(97596 -74354.8 -77519.4 14 114 1)
(97599 36429 -67632.9 392 492 0)
(97600 74646.8 59317.9 546 646 1)
(97602 46317 -25230.5 22 122 0)
(97607 68458.5 24058.3 280 380 1)
(97613 46312.9 -42405.6 237 337 1)
(97617 -6916.24 127041 561 661 1)
(97630 120905 102535 491 591 0)
(97633 92506.2 -89748.6 91 191 0)
(97637 79506.1 13957.7 114 214 1)
(97638 -24075.8 16974.6 317 417 1)
(97641 -111125 54965.4 628 728 0)
(97645 -95600 -30342.1 580 680 1)
(97647 65423.5 5823.81 377 477 1)
(97660 -31138.3 3899.81 481 581 3)
(97663 11022.7 -32370.3 60 160 1)
(97670 70775.8 -31389.5 511 611 0)
(97683 -4951.18 135679 122 222 1)
(97687 -40201.1 -148080 381 481 1)
(97688 92700 -131909 377 477 3)
(97693 -13004.8 -140999 264 364 3)
(97710 17234 113529 502 602 1)
(97714 94570.8 75343.7 83 183 1)
(97715 20174 -128843 126 226 1)
(97718 -47197 -42370.4 41 141 1)
(97719 82563.6 43168.1 606 706 0)
(97722 20038.6 -83730.2 114 214 0)
(97723 72510.2 -127085 601 701 1)
(97729 37378.1 132696 455 555 1)
(97742 63479.2 -24282.3 377 477 1)
(97744 -113615 -61481.7 215 315 1)
(97749 99641 -37303.6 88 188 0)
(97752 72583.2 -63573.1 527 627 0)
(97757 -66302.4 -51330.3 65 165 0)
(97764 -7000.73 -50399.2 409 509 1)
(97767 54331.7 -127991 291 391 1)
(97785 57605.7 12777.4 526 626 0)
(97786 -78237.3 -10221.9 586 686 3)
(97789 -36178.9 28032.2 572 672 3)
(97795 -56288 -55467.9 241 341 3)
(97804 -15221.8 -53445.2 1 98 1)
(97808 64507.6 24160.9 451 551 1)
(97817 -74368.5 -121893 224 324 1)
(97820 1083.48 -83469.3 293 393 0)
(97823 14137.3 146880 561 661 1)
(97824 -25254.8 -62732.1 623 723 0)
(97828 17253.1 -121105 396 496 1)
(97833 -56282.9 36085.7 254 354 1)
(97838 -68324.4 -89697.4 128 228 1)
(97840 34250.5 -109790 152 252 1)
(97842 -52263.9 -11105.7 63 163 0)
(97850 -5966.87 -66616.5 584 684 1)
(97851 17183.7 9919.92 530 630 3)
(97853 15136.9 35177.1 249 349 0)
(97860 29315 -59777.5 505 605 0)
(97865 83592.1 -2061.85 335 435 1)
(97867 -28198.2 -137980 373 473 1)
(97868 41423 -103906 448 548 1)
(97875 -54418.5 -48570.5 532 632 3)
(97877 -55260.9 -101670 21 121 1)
(97888 -97479.8 16959.3 46 146 1)
(97889 98702.8 93462.8 491 591 1)
(97900 -9961.58 -102771 223 323 1)
(97905 103808 -37668.1 547 647 1)
(97908 6127.59 129904 498 598 1)
(97913 -72332.7 65305.6 223 323 0)
(97918 87715.2 -8252.36 523 623 0)
(97920 -63458.5 -127960 509 609 3)
(97921 76474.3 43119.6 28 128 0)
(97924 -10027.2 -141891 97 197 1)
(97930 73479 72350.6 67 167 3)
(97932 -75443.1 119943 615 715 1)
(97937 18112.7 76406 3 103 3)
(97945 22184 137623 26 126 1)
(97954 -28108 -80587.4 139 239 1)
(97969 90603.3 -118825 46 146 1)
(97974 16189.4 -105791 328 428 1)
(97976 -12038.8 -102846 507 607 0)
(97979 27249.3 -149110 456 556 3)
(97982 -79387.9 110519 202 302 1)
(97987 61386.1 -42352.6 126 226 1)
(97998 8128.76 6909.66 430 530 3)
