(38000 -55335.9 91511 483 583 1)
(38016 -16057.4 -143051 319 419 1)
(38034 71563.8 60157 481 581 0)
(38035 -114548 96461.3 40 140 1)
(38039 72438.7 -50379.7 49 149 1)
(38042 30235.5 95467.5 276 376 1)
(38044 -59450.3 46082.9 306 406 3)
(38059 8162.62 -31473.8 541 641 3)
(38068 24262.7 -107862 325 425 0)
(38069 2038.13 -138085 230 330 3)
(38077 46375.4 -148005 180 280 1)
(38090 52390.6 -107913 556 656 1)
(38100 -123808 40151.3 482 582 3)
(38101 1166.15 -12313.3 352 452 0)
(38107 14095 -11264.7 566 666 1)
(38113 -16932.7 23025 260 360 3)
(38125 101744 -123055 565 665 3)
(38131 -8015.59 -109556 242 342 1)
(38143 27147.8 -69.1447 257 357 3)
(38144 -6984.37 47172.1 248 348 0)
(38153 113708 58192.4 154 254 1)
(38162 57332 129571 73 173 1)
(38165 -11095.3 -38325 128 228 1)
(38166 39259.5 -33193.3 301 401 3)
(38167 1035.35 -34372.5 259 359 1)
(38168 50407.7 80429.3 312 412 1)
(38169 19569.1 -103791 136 236 1)
(38174 -70422.6 38271.5 434 534 1)
(38175 60397.8 -121163 506 606 1)
(38179 -69407.2 -106809 292 392 1)
(38190 -10017.8 10906.2 226 326 1)
(38193 37281.8 57212.6 419 519 1)
(38200 22261.5 3747.26 563 663 1)
(38207 67540.4 -112013 559 659 1)
(38208 34418.5 149906 485 585 1)
(38212 -69046.5 -122905 54 154 1)
(38218 112779 -119856 336 436 1)
(38227 -65390.7 -79643.4 50 150 1)
(38238 -880.352 131585 29 129 1)
(38240 36274.2 -144984 212 312 1)
(38246 -684.496 -32218.9 49 149 0)
(38258 43278.3 -68444.7 69 169 1)
(38276 63473.9 92434.3 194 294 1)
(38280 35291 -100776 457 557 1)
(38283 -5981.39 120652 193 293 1)
(38288 56445.8 9929.46 548 648 0)
(38293 -74421.3 -51517.1 571 671 0)
(38294 122897 11931.2 533 633 3)
(38299 63445.4 97506.5 190 290 1)
(38301 -119825 -58603.7 495 595 0)
(38311 36362.6 149016 440 540 0)
(38318 -100275 -79437.3 22 122 1)
(38328 38235.5 -46355.6 49 149 3)
(38333 58432.3 118563 296 396 0)
(38334 92676.3 10001.3 271 371 1)
(38338 17086.9 -47403.5 24 124 0)
(38345 49568.5 -146416 171 271 1)
(38351 -59333.4 83422.5 329 429 1)
(38361 -17000.2 -120801 148 248 1)
(38362 -87446 -50379.2 5 105 1)
(38363 25236.5 146728 70 170 1)
(38372 20225.7 -45382 154 254 3)
(38387 95431.8 -53278.7 130 230 0)
(38395 16137.2 -33364.4 337 437 3)
(38402 -38928.1 45146.9 1 96 1)
(38403 -26084 128646 281 381 1)
(38410 -13917.8 -61504.2 432 532 1)
(38416 84630.5 -127958 307 407 3)
(38417 -118727 -8170.41 411 511 3)
(38418 56452.6 -149180 554 654 1)
(38425 -10898.5 33966.7 241 341 1)
(38434 88702.5 97523.3 619 719 1)
(38436 -110609 -9202.22 138 238 0)
(38460 -40193.7 -39394.5 394 494 0)
(38472 18190.9 -84523.3 65 165 3)
(38477 -120642 76336.5 45 145 0)
(38489 7138.46 -44382.7 306 406 3)
(38504 47331.5 64248.4 133 233 0)
(38508 96788.7 13900.7 546 646 1)
(38519 88565 -122772 93 193 3)
(38524 -52251.8 -95527 74 174 3)
(38525 59474.1 -101648 301 401 1)
(38528 182.296 -107836 54 154 1)
(38530 67462.9 26070.9 199 299 1)
(38538 24177.7 -120743 1 100 1)
(38545 -34177.7 -30327.5 359 459 1)
(38547 -98420.7 -67479.2 12 112 3)
(38550 -41195.9 73312.5 214 314 1)
(38552 86613.1 5909.01 502 602 1)
(38553 -52395.2 -16321.8 448 548 1)
(38556 106866 1933.38 392 492 1)
(38557 87557.8 -13093.4 143 243 0)
(38558 85675.6 25133 576 676 1)
(38561 -29784.3 -64574.7 509 609 1)
(38565 -9979.64 -51504.9 604 704 1)
(38567 61432 67289.1 400 500 1)
(38573 53384.4 -43360.4 178 278 1)
(38581 -57295.7 66235.6 247 347 3)
(38592 25246.7 52292.5 436 536 3)
(38593 -30150.5 -86695.6 436 536 1)
(38596 -31184.7 -17250 443 543 0)
(38598 12556.8 -48291 188 288 1)
(38600 -102634 -6142.21 624 724 1)
(38611 -115694 104556 435 535 3)
(38613 -73447.7 -11228.6 619 719 1)
(38619 97671.6 -37380.7 346 446 1)
(38623 -13017.6 24038 204 304 3)
(38625 44291.1 99402.6 44 144 1)
(38627 -9043 48144.8 221 321 3)
(38632 54448.3 63271.7 583 683 1)
(38640 34267.4 -114707 115 215 3)
(38644 -27111.4 134789 258 358 3)
(38654 -22051.5 -115812 87 187 1)
(38657 -58299.9 -64531.8 193 293 1)
(38658 114764 87307.3 101 201 3)
(38669 -110787 -56465.3 161 261 3)
(38670 88661.8 -121931 416 516 0)
(38683 6118.74 -18196.3 507 607 3)
(38708 -52157.5 -17149.8 187 287 1)
(38713 -21074.9 76375.2 534 634 1)
(38727 96569.1 97404.3 14 114 3)
(38731 10195 57287.4 604 704 1)
(38733 9147.4 -13349.5 499 599 0)
(38737 69596.6 -27348.3 493 593 0)
(38746 116811 54438.4 565 665 3)
(38749 99692 75346.9 180 280 3)
(38750 23189.2 -147047 340 440 0)
(38752 1970.81 -76594.7 409 509 1)
(38769 -15085.9 -3181.34 600 700 1)
(38779 -36217.7 -142167 582 682 0)
(38793 72375.3 -109901 246 346 3)
(38801 41340 -76560.6 36 136 1)
(38811 -24047.4 103488 89 189 1)
(38812 23268.1 -45329.9 138 238 0)
(38815 -8025.38 7033.37 93 193 3)
(38822 -65526.2 84349 525 625 1)
(38826 28238.3 53197.9 207 307 1)
(38831 18189.4 -50427.5 354 454 3)
(38849 -29053.5 -62595.4 362 462 1)
(38852 81665.1 -98701 503 603 1)
(38861 -106679 -13222.7 554 654 3)
(38866 93504 -18314 507 607 1)
(38869 11126.7 55225.6 117 217 0)
(38872 94599.8 -66439.8 63 163 0)
(38876 -105619 -99792.8 392 492 1)
(38878 -64340.8 -19297.6 425 525 1)
(38879 67415.4 90397.5 38 138 3)
(38880 -96507.5 39107.9 179 279 1)
(38881 -56296.4 -60819.7 366 466 0)
(38885 32150.6 6944.33 284 384 1)
(38891 124847 108561 208 308 1)
(38893 103777 93489.9 497 597 1)
(38899 77570.1 -47445.4 220 320 3)
(38904 -37069.9 -120992 163 263 1)
(38910 -1981.69 -120927 306 406 1)
(38913 10137.8 -46447.8 471 571 1)
(38919 33240.5 -143906 66 166 0)
(38925 -43247.2 -61586.9 612 712 1)
(38926 47435.9 63366.5 185 285 3)
(38927 44315.6 86374.2 270 370 3)
(38931 -100530 -87637.7 186 286 0)
(38934 -81437 60315.9 498 598 0)
(38939 44867.8 -29539.4 461 561 0)
(38947 93616.4 -51443.5 233 333 3)
(38957 -86479.7 -136.295 310 410 1)
(38966 86588.1 69227.9 108 208 3)
(38967 16133.9 -144850 25 125 1)
(38983 38258.5 -76937.1 575 675 1)
(38996 80493 109498 132 232 3)
