(75000 119922 -32387.5 561 661 1)
(75005 54536.6 50251.2 591 691 3)
(75012 94589.7 -7224.19 137 237 3)
(75028 2920.72 -138878 120 220 1)
(75034 67482 -36356.5 226 326 0)
(75042 60461.8 26046.1 360 460 1)
(75054 83694.9 106685 423 523 0)
(75062 -7963.32 -19293.4 383 483 1)
(75064 -49034.1 -108699 205 305 1)
(75071 43303.2 -148973 149 249 3)
(75074 83606.9 91542.3 294 394 3)
(75084 66371.5 -26304.7 95 195 0)
(75088 -23080 101432 118 218 1)
(75090 68458.5 149779 216 316 3)
(75093 -40202.4 -27338.7 369 469 1)
(75094 49351.2 61183.6 142 242 3)
(75122 -39229.6 91537.6 348 448 1)
(75124 52419.4 34108.3 418 518 1)
(75126 -8992.01 6905.95 356 456 1)
(75131 -43320.7 -63880.2 497 597 1)
(75133 3416.32 90372.2 472 572 3)
(75134 96573.9 107453 173 273 1)
(75137 88676.5 -29320.5 578 678 0)
(75142 29238.4 -86650.9 240 340 1)
(75146 74494.7 -135988 217 317 3)
(75151 85550.8 -48379 88 188 1)
(75155 -52261.7 31916.8 34 134 1)
(75156 102644 -107749 130 230 3)
(75163 4134.63 117667 565 665 1)
(75170 -15015.4 -82131.5 496 596 1)
(75179 27253.2 92466.3 353 453 0)
(75184 99712.9 15863.9 238 338 3)
(75195 -9006.15 -60492.4 298 398 1)
(75197 93049.3 -5274.89 100 200 1)
(75206 -27144.1 -34360.7 599 699 1)
(75207 72510.8 -140996 254 354 0)
(75224 40333.6 123651 392 492 0)
(75235 -10255 8980.99 369 469 3)
(75238 -6014.76 -89661.2 352 452 0)
(75239 109798 116604 377 477 -1)
(75242 67225 -147135 150 250 3)
(75243 102718 18968 367 467 1)
(75247 -57340.1 142852 275 375 1)
(75258 40401.7 39986.8 518 618 1)
(75266 34240.2 36031.2 36 136 1)
(75268 -119702 -76608.3 275 375 1)
(75271 79620.5 13950.9 531 631 1)
(75276 16170.6 88457.3 310 410 0)
(75278 11203.8 29078.9 521 621 3)
(75280 -68307.8 -97628.3 27 127 1)
(75281 40346.9 -53425.7 375 475 1)
(75286 -122784 2859.09 490 590 1)
(75292 -39138.9 -30379.1 431 531 1)
(75294 15158.4 -108725 146 246 1)
(75295 -65320.4 -45321.4 48 148 0)
(75303 -76325.9 -94588.7 62 162 1)
(75308 -13145.1 -7122.21 284 384 1)
(75309 -79454.5 -122927 396 496 0)
(75316 40383.4 -43292 111 211 1)
(75318 -71387.8 118771 461 561 0)
(75328 -95448.6 -48513.8 227 327 -1)
(75329 -107625 105563 351 451 1)
(75335 -85454.5 54273.8 439 539 0)
(75343 69589.6 110568 590 690 1)
(75346 96632.9 -12196.6 228 328 0)
(75351 96650.7 -144998 231 331 1)
(75355 -15037.5 -143910 96 196 1)
(75361 -118828 128736 540 640 1)
(75367 26238.2 145837 480 580 3)
(75372 43335 110512 269 369 3)
(75374 3055.41 -88643.5 328 428 1)
(75380 -1803.07 48012.2 246 346 0)
(75385 -56232.5 9930.69 258 358 3)
(75389 53346.1 62223.8 10 110 1)
(75392 114660 1932.19 25 125 0)
(75410 14511.8 -134001 434 534 1)
(75412 5164.44 60428.4 527 627 3)
(75414 -106653 -89591.8 89 189 0)
(75415 49401.3 -85739.6 464 564 1)
(75428 -77223.1 -21245 1 97 1)
(75429 113834 -17176.5 195 295 1)
(75430 115738 -7195.12 169 269 1)
(75435 -20070.1 4078.02 547 647 0)
(75440 59773.7 141825 423 523 0)
(75441 -64347.3 15975.8 412 512 3)
(75446 69547.4 -98766.9 444 544 0)
(75448 -44287.5 -13153.8 354 454 0)
(75450 68469.9 -22229.5 168 268 1)
(75454 -55357.6 42177.7 599 699 3)
(75471 112865 97652.1 460 560 0)
(75473 51394.1 147789 343 443 3)
(75482 -21053.3 -141067 187 287 1)
(75493 -72355.3 -41284.1 549 649 1)
(75498 -98594.4 -123969 447 547 1)
(75511 14155.4 -3157.23 431 531 1)
(75514 -28092.8 2924.94 499 599 0)
(75517 48369.7 30074 281 381 3)
(75521 -4992.06 24985.2 304 404 3)
(75522 -115763 41143.1 603 703 1)
(75525 116851 -23254 191 291 0)
(75531 100622 -80590.2 206 306 1)
(75534 -112693 -75637.8 518 618 0)
(75562 54419.8 5886.19 587 687 1)
(75563 6125.2 -32364.6 243 343 0)
(75567 -66392.2 4885.22 555 655 1)
(75579 827.578 -51268 196 296 0)
(75589 -61298.9 -47380.8 266 366 1)
(75590 -13040.9 -65157 480 580 1)
(75601 -4892.36 -97691.4 109 209 1)
(75602 88635.4 56246.4 361 461 0)
(75605 102739 -41409.1 378 478 1)
(75606 117942 97722.8 547 647 1)
(75608 -16032.5 -140121 604 704 1)
(75611 54449.2 -1077.14 118 218 1)
(75619 20171.8 -64546.5 447 547 3)
(75620 72549.5 -80593.6 234 334 0)
(75622 51281.6 36151.5 169 269 0)
(75623 87514.4 137689 106 206 0)
(75627 -31140.1 -36378.8 485 585 1)
(75636 -29209.5 -113946 335 435 3)
(75639 -29142.9 -3162.88 519 619 1)
(75645 -42340.7 127626 11 111 1)
(75646 -66212.3 -33272.6 282 382 1)
(75647 -3988.75 -139843 18 118 1)
(75648 93609.8 -118857 313 413 1)
(75669 2059.05 9912.28 451 551 3)
(75679 -23134.1 -60666.2 621 721 0)
(75681 15360.6 -103902 506 606 1)
(75700 -7953.59 -14278.5 620 720 0)
(75701 -105572 -62524.8 350 450 1)
(75707 -71431.7 -37239.9 60 160 3)
(75713 122252 -105886 397 497 0)
(75723 26911.1 23093.6 455 555 0)
(75732 -76434.5 -3169.29 520 620 1)
(75737 -31212.2 71352.7 404 504 -1)
(75760 52314.8 -135072 429 529 0)
(75761 22185 -52384.2 132 232 1)
(75765 -78322 89385.2 183 283 0)
(75768 -31185.4 148902 492 592 3)
(75774 9124.29 -80728.1 441 541 3)
(75785 55530.6 -117930 550 650 1)
(75786 68461 -147977 148 248 1)
(75793 -46275.2 84349.3 240 340 1)
(75795 -105563 29157.1 254 354 1)
(75796 42468.3 -135137 552 652 1)
(75799 -106699 -18309.4 626 726 3)
(75801 64453.4 -83733.5 614 714 3)
(75806 47369.1 -135159 499 599 3)
(75808 -63333.8 -42397.9 322 422 1)
(75811 42358.4 67285.7 287 387 1)
(75817 -79648.5 -113981 259 359 0)
(75818 24216.6 836.716 372 472 3)
(75820 1850.09 63154.8 43 143 0)
(75825 64470 -37395.7 21 121 0)
(75829 116522 38088.9 53 153 1)
(75830 -59341.4 62260.9 170 270 3)
(75835 48474.4 36120.1 579 679 3)
(75838 80812.7 4881.33 562 662 0)
(75841 -110554 -89797.6 117 217 1)
(75847 -30144 -63499.9 267 367 1)
(75848 -118713 -95744.2 481 581 1)
(75849 -102584 -20220.9 215 315 1)
(75850 -57239.3 -25348.8 622 722 1)
(75851 17267.3 -2160.46 235 335 3)
(75855 60500.4 40280.6 339 439 0)
(75856 80541.3 -31306.3 86 186 3)
(75860 -20054.2 -104839 557 657 1)
(75869 81586.8 33048.7 484 584 1)
(75872 9138.78 79406.3 483 583 1)
(75877 30220 -12068.9 227 327 0)
(75892 99705.9 -64489.4 484 584 1)
(75894 78602.5 62218.7 423 523 3)
(75897 -35179.6 49214.2 375 475 1)
(75903 -62335.1 -98733.5 319 419 1)
(75911 35300.2 62249.1 181 281 0)
(75914 26128.1 -74624.6 402 502 3)
(75928 21131.6 -77501.6 3 103 3)
(75936 -31135.2 -15249 110 210 0)
(75940 -938.391 -107882 532 632 0)
(75944 57103.3 -82213.1 285 385 1)
(75951 -38106.8 -15968.6 315 415 0)
(75952 90775.5 -142999 315 415 0)
(75956 48544.2 -113999 618 718 0)
(75963 -54165.6 14989.5 512 612 3)
(75964 64411.8 -3122.4 137 237 1)
(75979 22166.7 42214 75 175 1)
(75980 118940 70386.6 490 590 1)
(75984 -87589.1 -13328.6 472 572 1)
(75985 117805 -117958 455 555 1)
