(131015 110769 -38382.6 357 457 3)
(131017 -84569.8 93542.6 491 591 1)
(131019 35901.3 28797.6 394 494 1)
(131026 50488.4 -120902 547 647 1)
(131027 -14089.3 90475.3 589 689 1)
(131029 42390.7 8921.49 589 689 3)
(131030 16142.7 -84595.7 135 235 3)
(131046 9352 -91739.9 479 579 3)
(131062 50060 99278.3 84 184 1)
(131073 64490.3 135746 229 329 1)
(131082 5077.32 -26279 247 347 1)
(131098 28330.8 94346.2 137 237 1)
(131101 57437.6 -26330.7 471 571 3)
(131117 70295.2 38197.5 173 273 3)
(131120 123890 20999.9 469 569 1)
(131121 22180 2894.17 112 212 1)
(131127 54427 27052.6 333 433 1)
(131140 -20041.8 30088.4 563 663 3)
(131168 -35088.9 -101726 467 567 1)
(131169 44362.9 -7190.58 402 502 1)
(131203 28212.7 -141039 467 567 1)
(131206 66565.2 28077 513 613 3)
(131210 -5955.55 123583 112 212 1)
(131216 10126.9 -99705.5 256 356 1)
(131218 35247.3 117670 170 270 1)
(131219 69534.1 -12143.4 409 509 1)
(131223 34355.6 142881 597 697 1)
(131228 39295.1 25023.7 308 408 1)
(131230 12209 -55469 496 596 0)
(131243 -42192.1 -32340.2 285 385 0)
(131245 25217.4 79325 169 269 1)
(131248 -32145 45196.2 165 265 0)
(131253 929.308 -82443.3 33 133 3)
(131257 -122762 87457 470 570 3)
(131268 35270 -130003 353 453 1)
(131271 11082.8 52176.3 266 366 3)
(131280 50255.4 -84666.6 157 257 1)
(131282 -59270.6 -131845 60 160 1)
(131284 -3959.47 123773 375 475 1)
(131297 -27226.4 -54485.5 332 432 1)
(131301 2172.91 56167.4 81 181 3)
(131305 67450 -70478.1 13 113 1)
(131307 71471 81430.8 152 252 1)
(131310 101709 136758 224 324 0)
(131315 11141.1 -23138.8 492 592 3)
(131316 -6982.24 66269.7 355 455 1)
(131319 -17034.7 67319.1 56 156 1)
(131322 77553.5 -26354.5 414 514 1)
(131327 76590.3 127720 521 621 1)
(131333 -66363.1 29104.9 321 421 1)
(131334 61433.6 -27365.4 420 520 0)
(131337 81415.2 -94529.8 9 109 1)
(131338 -78402.2 935.506 3 103 0)
(131342 83527.3 -85591.5 159 259 1)
(131347 -15032.8 -19259.5 372 472 1)
(131355 -63387.8 56289.3 589 689 0)
(131357 73600.8 -104809 516 616 0)
(131361 58481.5 142863 586 686 0)
(131367 -54320.7 -35308.3 238 338 1)
(131383 117888 134549 118 218 1)
(131392 94780 -81677.9 505 605 1)
(131405 -88368.8 86425.7 154 254 1)
(131414 107682 -130613 1 96 3)
(131415 34318.8 -88807.4 601 701 1)
(131429 118862 16585.2 368 468 0)
(131431 -51242.2 137791 507 607 1)
(131439 -74380.5 54214.5 177 277 1)
(131440 89875.9 -54563 588 688 3)
(131447 109788 -71591.7 329 429 1)
(131454 35240.1 -22233.6 1 101 1)
(131476 -120629 -52401.1 137 237 1)
(131477 67848.1 148008 281 381 0)
(131487 -121833 -91890.7 564 664 1)
(131504 -60361.4 -31287 370 470 1)
(131507 55317.4 119541 18 118 1)
(131519 -96439.9 41105 394 494 0)
(131530 18182.1 98503.4 403 503 1)
(131547 21206.9 -41449.7 389 489 1)
(131549 22189.7 66275.2 162 262 1)
(131551 110760 -17204.1 96 196 3)
(131561 43324.7 -94531.5 182 282 1)
(131566 -7949 24085.8 79 179 1)
(131567 -59244.4 39057.1 527 627 1)
(131571 -39157.1 88593.1 578 678 3)
(131575 -37135.2 -131833 126 226 1)
(131578 -23096.4 109479 22 122 1)
(131582 107691 -99109.5 304 404 1)
(131584 -31139.3 118645 447 547 3)
(131594 -97554.9 26175.7 172 272 1)
(131597 30402 49173.4 392 492 1)
(131604 -47231 -73689.4 500 600 3)
(131608 -22041.5 98594.8 564 664 0)
(131611 4066.36 -2149.2 331 431 1)
(131622 3146.8 -145222 505 605 1)
(131630 -9791.81 41008.4 358 458 0)
(131632 12160.8 38089.8 375 475 3)
(131634 -89551.3 15932.4 518 618 3)
(131635 -33001.7 91572.5 178 278 3)
(131645 10083.5 -126985 337 437 0)
(131653 -30087 79465.3 195 295 3)
(131655 117915 -85717.6 411 511 1)
(131658 -79312.3 33020.1 17 117 1)
(131666 85674.8 -117941 601 701 1)
(131667 45311.4 -14199.7 96 196 1)
(131669 62491.2 5785.73 600 700 1)
(131673 39310.4 -91666.4 293 393 1)
(131680 62520.4 -101801 585 685 1)
(131681 -36162.3 124636 231 331 1)
(131684 -71263 -67471.7 168 268 1)
(131693 71540.3 -29332.6 455 555 0)
(131694 4081.65 -111791 226 326 1)
(131697 95793.7 -103867 131 231 1)
(131699 62238.2 -34496.9 427 527 0)
(131709 -25114.3 71364.2 434 534 0)
(131712 45313.1 122808 472 572 3)
(131714 -87529.5 22984.7 265 365 0)
(131716 115780 53260 450 550 1)
(131723 -53224.6 51161.5 3 103 1)
(131729 2278.07 23822.5 513 613 0)
(131744 75632.4 -82712 572 672 1)
(131745 -75391.4 123673 314 414 3)
(131749 105852 32932.9 498 598 1)
(131750 64498.9 -147074 364 464 3)
(131751 -108579 3894.77 184 284 1)
(131752 73.7511 -114797 166 266 1)
(131758 -76343.5 -113875 201 301 1)
(131763 -85438.5 -131885 176 276 3)
(131776 -17111.6 37042 29 129 3)
(131777 66624.6 23013 476 576 3)
(131786 -57146.2 -64476.5 175 275 3)
(131788 -33133.6 -66471 8 108 1)
(131791 -72199 -93329.2 430 530 0)
(131805 -63353.2 105522 172 272 1)
(131811 93536.2 -81418.9 313 413 0)
(131818 -116365 -12175.5 48 148 1)
(131819 110814 -59575.6 573 673 1)
(131833 49439.8 50669.5 404 504 0)
(131836 -54262.4 142847 412 512 1)
(131837 83502 39098.1 100 200 0)
(131838 110857 56259.6 577 677 1)
(131840 52358.9 94429.6 84 184 1)
(131845 78505.6 53180.7 192 292 3)
(131848 25196.4 1905.78 629 729 1)
(131852 -35139 -44320.6 84 184 3)
(131872 68503.8 85429.6 511 611 1)
(131876 72565.6 -65597.3 460 560 1)
(131884 44392.3 100271 14 114 3)
(131886 3083.76 46178.3 496 596 1)
(131895 42388.4 -140006 385 485 3)
(131901 68582.9 -69546.2 510 610 3)
(131902 -32252 -141969 161 261 0)
(131906 50327.7 100512 199 299 1)
(131912 -7023.03 -91644.6 243 343 3)
(131929 75582.4 105553 487 587 1)
(131930 17156.9 99518.9 529 629 3)
(131936 -82475 -78623 341 441 1)
(131937 56579.2 38197.3 442 542 1)
(131946 16259.9 -34232.3 448 548 0)
(131958 -58382.6 -71594.5 379 479 0)
(131963 41304.2 -110908 388 488 1)
(131965 13060.1 10941.7 2 102 0)
(131968 31248.4 -57455.6 155 255 3)
(131970 44345.4 95430 334 434 3)
(131979 -72407.5 -105880 602 702 1)
(131981 -87519.8 15024.4 368 468 1)
(131983 17174.4 65310.3 499 599 1)
(131984 9132.28 127598 64 164 3)
(131988 87699.9 12202.8 97 197 3)
(131992 -104620 -147232 605 705 1)
(131993 26263.5 -104924 625 725 1)
