(72002 4104.48 -63571.4 465 565 1)
(72003 -20055.1 62247.1 78 178 3)
(72006 -114660 -48443.7 424 524 1)
(72009 40304.8 10964.6 57 157 1)
(72012 -107647 28090.5 382 482 1)
(72013 -49098.2 -97881.2 112 212 3)
(72015 -93713.7 -113095 222 322 0)
(72021 29218.9 66254.6 118 218 1)
(72029 -78198.3 -86702.9 297 397 1)
(72031 92786.4 25063.4 570 670 1)
(72037 -79466.1 -141059 419 519 1)
(72045 -57299.1 44054.1 172 272 1)
(72049 -39959.1 31937.5 141 241 1)
(72059 -22072.6 34077.7 21 121 1)
(72063 -40221.9 -52510.2 579 679 1)
(72070 -19171 890.162 161 261 1)
(72073 -10019.2 82352.2 202 302 3)
(72076 -5972.14 -18319.2 443 543 1)
(72103 23207.7 125568 84 184 1)
(72104 54491.6 5808.37 559 659 1)
(72110 40331.6 -46418.9 179 279 3)
(72111 -34149.9 -80562.7 99 199 1)
(72120 -73360.6 -58435 63 163 1)
(72123 -104701 -13331.2 76 176 3)
(72125 -85342.5 140680 175 275 1)
(72141 -72408.3 -91737.9 425 525 1)
(72149 -90439.5 92572.1 394 494 1)
(72153 -112743 27016.3 591 691 0)
(72154 69452.2 127857 161 261 3)
(72162 64408.6 103509 129 229 3)
(72164 -38230.6 -111508 263 363 1)
(72165 62370.1 14936 36 136 1)
(72168 116779 126641 303 403 1)
(72175 -106609 -36361.9 359 459 3)
(72183 -83444.9 109555 264 364 0)
(72187 116876 -136104 556 656 1)
(72188 -56256.4 -31333.3 230 330 1)
(72192 -37136.3 -29279.5 157 257 1)
(72193 2015.07 10868 272 372 0)
(72202 -48239.1 -84661.2 317 417 1)
(72207 -106750 -38470.1 496 596 0)
(72209 12141.2 93452.6 1 93 1)
(72212 60516 -134003 136 236 1)
(72219 115833 87477.4 399 499 1)
(72221 115963 81488.9 515 615 1)
(72230 116865 128785 502 602 1)
(72241 -28352.6 10010.4 363 463 0)
(72246 -109562 -74547 76 176 1)
(72249 -74383.6 -7199.44 329 429 1)
(72254 -56313.5 -37348 423 523 1)
(72263 63631 1951.6 507 607 1)
(72273 122506 26725.2 549 649 0)
(72277 -103694 78368.1 64 164 1)
(72280 11076.4 91246.2 1 98 3)
(72283 95584 63212.3 304 404 1)
(72285 18154.7 -61699.7 361 461 3)
(72286 107590 -79532.2 20 120 1)
(72300 -87381.4 -76517.9 143 243 1)
(72302 6130.09 74348.5 340 440 3)
(72303 -108785 -13254.7 395 495 1)
(72315 -123736 -140171 521 621 1)
(72318 -62229.3 -98524.2 374 474 0)
(72328 -91687 45210.8 437 537 3)
(72349 -119600 -18201.7 126 226 0)
(72357 -97595.2 105621 484 584 1)
(72360 -52383.8 61253.2 322 422 3)
(72363 7130.25 -110744 113 213 1)
(72365 -80429.9 -133917 100 200 1)
(72367 91726.9 -79705.9 619 719 3)
(72368 72488.2 90542.1 261 361 0)
(72372 -98604.5 -31258.6 521 621 1)
(72377 -52211 85348.4 72 172 1)
(72379 10135.5 -93645.4 111 211 1)
(72385 45295.4 -122914 161 261 3)
(72394 -120752 -13211 277 377 3)
(72405 -41238.2 -114936 353 453 1)
(72406 110791 135750 436 536 3)
(72410 42367.1 -119955 154 254 1)
(72414 24243 -4067.89 609 709 1)
(72419 119731 138674 135 235 1)
(72420 -13144.3 27048.3 91 191 1)
(72424 30248.2 -24307.7 600 700 0)
(72430 49428.3 129703 562 662 3)
(72434 111763 -88690.3 317 417 1)
(72435 123959 31061.4 483 583 1)
(72443 75516.4 -143960 263 363 1)
(72444 -94571.9 -54505 496 596 1)
(72446 3032.34 26028.4 277 377 1)
(72449 67535 -24274.8 278 378 3)
(72458 16219.9 29072.8 625 725 1)
(72462 -25086.6 137770 107 207 1)
(72467 -104564 -21606.3 589 689 1)
(72479 -78381.8 -10156.7 216 316 1)
(72486 -88421.9 82336.2 18 118 1)
(72497 79673.2 45604.1 292 392 1)
(72508 -17042.4 -71481.4 39 139 1)
(72516 -3915.52 109607 476 576 1)
(72519 -58306.9 -80651 366 466 3)
(72520 118844 -97784.2 448 548 1)
(72532 67484.3 -141986 283 383 3)
(72545 -42198.6 -18263.2 78 178 0)
(72549 -89602.7 -19284.4 525 625 1)
(72550 42.2467 105480 10 110 1)
(72563 -79446.6 -96732.6 382 482 1)
(72572 8157.74 81448.5 357 457 3)
(72573 -121589 -78765.7 242 342 3)
(72574 70634.6 4945.1 285 385 1)
(72579 -34125 -82755.9 580 680 1)
(72581 69432.7 83345.2 54 154 3)
(72582 -117686 -68540.4 285 385 0)
(72591 -69382.4 23175.1 461 561 1)
(72593 -43189 -114727 16 116 0)
(72596 60539 117656 266 366 1)
(72604 -114975 45357.8 530 630 1)
(72605 41360.8 27946.8 559 659 1)
(72613 -36121.9 -27215.7 101 201 1)
(72616 51099.8 77493.6 359 459 0)
(72618 -56283.1 33151.2 478 578 1)
(72619 -51190.7 -136889 86 186 1)
(72620 63869.7 -6332.98 530 630 1)
(72621 -42210 36131.9 614 714 3)
(72622 -4997.63 -90626.2 134 234 1)
(72627 107739 -106802 260 360 3)
(72636 90595.5 16995.1 160 260 1)
(72661 -96527.6 -87653.3 30 130 1)
(72665 -115721 -39429.1 390 490 1)
(72669 17204.3 -49405.1 57 157 0)
(72676 26241.6 -77589.2 530 630 1)
(72679 56457.3 -8170.98 302 402 1)
(72685 30262.8 53226.5 271 371 1)
(72686 54477.5 -131996 474 574 1)
(72691 -39183.2 79367.6 282 382 1)
(72692 76628.8 -128039 505 605 1)
(72695 37547.5 -94856.8 579 679 3)
(72696 41304.1 -48509.7 589 689 3)
(72701 104802 -10093.7 574 674 1)
(72712 21264.7 -67578.8 269 369 0)
(72717 -26743.7 116514 62 162 0)
(72725 50211.1 -46491.9 207 307 1)
(72729 71527.4 1872.43 410 510 3)
(72732 19194 -139923 6 106 1)
(72733 -9951.02 -47391.3 61 161 1)
(72737 -14017.8 28055.3 84 184 0)
(72740 -13014.8 16987.9 11 111 1)
(72744 -59328.9 -6172.33 324 424 1)
(72747 -51195.2 -81664.6 199 299 3)
(72751 -26110.6 -83633.3 199 299 0)
(72756 -35175.6 -35362.4 305 405 3)
(72766 40376.8 -85504.4 55 155 3)
(72774 -24072 -111843 266 366 1)
(72776 10165.4 55202.9 116 216 1)
(72777 52442.1 69343.9 563 663 0)
(72780 -98485.8 1887.64 148 248 1)
(72791 97688.3 -143027 331 431 3)
(72793 -100635 47255.3 445 545 1)
(72810 4977.94 21184.3 355 455 0)
(72829 -52251.4 -31161.5 165 265 3)
(72836 84617.9 -64545.7 409 509 1)
(72852 24197.2 15974.6 144 244 1)
(72855 68236.5 44243 480 580 1)
(72862 -74342.8 -12234.6 92 192 1)
(72864 11216.4 -92741.8 421 521 1)
(72865 45432.1 -106863 582 682 3)
(72872 -50232.3 -80509.8 29 129 1)
(72873 6101.25 4885.66 613 713 1)
(72877 114750 52194.7 253 353 1)
(72880 -70394.2 -96807.8 609 709 1)
(72882 -47265.1 -66456.7 90 190 1)
(72893 -64398.7 31137.4 351 451 0)
(72897 -86522 -142115 530 630 1)
(72899 -6944.79 -10235.2 543 643 3)
(72904 17256.5 5872 487 587 0)
(72908 22209.2 -16196.1 16 116 1)
(72919 -31111.4 -75582.8 277 377 1)
(72920 -39217.3 121824 623 723 0)
(72923 78586.8 -39409.8 442 542 1)
(72924 21107.8 -118816 528 628 1)
(72928 79556.3 55212.3 242 342 3)
(72929 -56310.3 -114813 423 523 1)
(72934 -68386 871.764 304 404 3)
(72940 -105549 -19313.3 322 422 3)
(72950 35340.3 -52469.4 431 531 1)
(72957 67554.4 -86621 396 496 3)
(72958 -118150 38109.1 292 392 3)
(72974 95506.1 -103578 30 130 0)
(72985 -46207.9 -44354.9 96 196 1)
(72988 -39079.9 10953.4 455 555 1)
(72993 -6946 -96825.8 534 634 0)
