(103017 87595.8 -147070 448 548 1)
(103028 -59330.4 -66592.8 487 587 3)
(103047 43339.5 40129.5 247 347 1)
(103051 -35138.2 -37322.5 94 194 3)
(103060 64363.2 -65428.1 56 156 1)
(103069 96690.6 -139120 573 673 1)
(103070 -121423 -77699 41 141 1)
(103073 -33202.1 -111836 344 444 1)
(103081 -43192 59347.4 268 368 1)
(103092 -80479.5 -129995 457 557 1)
(103093 -94437.2 72286.4 22 122 1)
(103101 -13047.7 -106647 16 116 1)
(103102 -88387 -41358.5 20 120 1)
(103103 -52253.6 -134738 29 129 1)
(103106 3144.52 -18449.5 579 679 1)
(103107 -36128.1 -123904 134 234 3)
(103111 -23967.7 91273.8 16 116 0)
(103112 116737 -111658 7 107 3)
(103117 99931.9 -46528.8 612 712 1)
(103121 -105507 -151.001 77 177 1)
(103125 -81371.8 -88728.4 351 451 1)
(103133 -41180 -83587.8 163 263 1)
(103134 57494.1 -51684.4 549 649 3)
(103138 -71420.3 8956.77 534 634 0)
(103141 -16044.8 -87682.8 343 443 3)
(103165 -121864 53218.6 199 299 1)
(103167 -2795.15 112704 536 636 0)
(103168 -107711 73398.7 624 724 1)
(103172 33240 131643 49 149 3)
(103176 1066.11 -9197.8 405 505 0)
(103179 -104539 81409.8 268 368 1)
(103187 -19047 -148111 430 530 1)
(103201 4184.61 -23294.5 79 179 1)
(103213 -39170.2 -22243.5 171 271 0)
(103214 -96534.1 -134980 317 417 1)
(103221 23181 -121988 465 565 0)
(103223 -66222.4 -102766 311 411 0)
(103224 -90519 47209.7 516 616 0)
(103234 52354.7 -98684 14 114 3)
(103243 53290.8 147724 6 106 1)
(103244 6105.29 -75574.9 194 294 1)
(103247 -23087.5 -11241.8 104 204 3)
(103249 -45302.5 -73698.8 305 405 0)
(103256 95610.4 -80520 18 118 1)
(103261 -94586.7 146908 504 604 1)
(103269 30117.5 -84692 148 248 1)
(103270 26319.3 -109914 416 516 0)
(103280 18209.8 19971.1 72 172 0)
(103281 108879 117688 620 720 0)
(103283 26282.7 8911.22 619 719 1)
(103285 124737 -7078.61 208 308 3)
(103308 54341.7 -81492.7 1 99 1)
(103311 -23096 55237.3 478 578 1)
(103320 62399.8 -109022 169 269 0)
(103321 -63380.7 4968.51 444 544 1)
(103323 56397.4 47178.7 215 315 0)
(103339 6097.07 28078.1 298 398 1)
(103365 -124830 -111979 620 720 1)
(103388 66524.2 106588 393 493 1)
(103390 113810 -15258.4 222 322 1)
(103391 -105642 -127734 16 116 3)
(103394 -86533.9 -37431.8 455 555 1)
(103401 -46214.9 52150.7 497 597 3)
(103406 42361.4 62280.3 504 604 3)
(103422 -33051.4 28083.9 32 132 1)
(103430 -27977 -93631.1 254 354 0)
(103433 -119273 27799.8 237 337 1)
(103439 45419.6 31011.1 567 667 1)
(103443 -71284.6 66224 551 651 1)
(103444 -10999.7 10953.5 422 522 3)
(103450 41313.2 16980.5 250 350 1)
(103452 4067.43 76367.8 256 356 0)
(103454 -51138.8 -40291.1 8 108 1)
(103475 54497.8 -64583 199 299 0)
(103477 47325.5 -134798 59 159 1)
(103480 -74419.8 -143186 548 648 0)
(103487 30250.9 -26249 228 328 3)
(103493 -7877.77 -143836 7 107 1)
(103495 91730.5 -75358.7 609 709 1)
(103502 -15911.2 -42559.4 549 649 0)
(103510 32332.3 129724 597 697 1)
(103514 47.6418 -86562 1 101 1)
(103517 50248.9 -38556.1 248 348 1)
(103520 101688 122626 256 356 3)
(103523 38327.6 -80629.5 267 367 3)
(103525 -34188.8 45139.6 262 362 3)
(103538 67442 135624 12 112 1)
(103542 -74423.4 -74559.6 394 494 0)
(103551 -31052.9 145029 622 722 1)
(103555 -104579 -114830 318 418 1)
(103560 91631.7 -55456.9 325 425 1)
(103576 15157.9 35157.1 123 223 1)
(103580 -9668.73 43130.5 60 160 1)
(103586 98841.2 47329.8 388 488 3)
(103587 -68744.6 114780 356 456 0)
(103599 67493.4 -113954 599 699 1)
(103601 77504.9 -73560.9 140 240 3)
(103606 25966.6 21286.1 1 95 1)
(103611 15962.6 138048 299 399 0)
(103622 114738 -31320.6 255 355 1)
(103639 116868 -21282.8 503 603 3)
(103640 -69414.1 115657 563 663 1)
(103642 -105398 -7299.3 347 447 3)
(103643 72481.5 -52438.9 110 210 1)
(103652 39438.2 -53516.5 189 289 0)
(103661 7189.04 -69573.4 335 435 1)
(103666 -117673 -114938 461 561 0)
(103670 46378 -100.001 269 369 1)
(103676 27331.4 -22272.3 489 589 3)
(103678 -16028.1 -144143 573 673 3)
(103681 -59230 26060.7 7 107 1)
(103683 -69365.7 -108920 159 259 1)
(103687 99622.6 96449.7 120 220 1)
(103703 105859 -107730 111 211 0)
(103717 2076.3 -31367.7 574 674 3)
(103727 -44260.8 -99625.6 130 230 3)
(103731 63670.3 73346.6 478 578 1)
(103733 -11759.6 -124230 608 708 3)
(103736 64654.7 -57307.5 243 343 3)
(103738 -116664 111574 206 306 1)
(103743 81636.7 116642 259 359 3)
(103760 -92535 -13267.9 235 335 1)
(103762 -60391.9 63297.4 604 704 0)
(103765 89467.2 -70539.8 81 181 1)
(103767 -16008.3 -29267.4 87 187 1)
(103772 -112731 -136079 552 652 3)
(103777 49384.6 56245.1 375 475 3)
(103784 -36157.8 -112789 227 327 3)
(103797 13183.5 141820 568 668 1)
(103798 -46173 -113760 275 375 0)
(103811 -106616 97511 539 639 1)
(103813 -33116.9 -137891 100 200 1)
(103815 -43308.1 47089.4 91 191 3)
(103816 -87447.5 -28265.1 14 114 3)
(103825 -45290.4 -11154.1 517 617 1)
(103827 45364.8 59234.6 13 113 3)
(103839 -90449.7 26104.9 200 300 1)
(103852 -44268.1 -96802.7 437 537 1)
(103855 -57475.2 -130349 409 509 3)
(103858 52498.7 42179 602 702 1)
(103859 -75375.4 -74463.2 229 329 1)
(103862 -99469.5 -21218.6 13 113 3)
(103870 -59259.3 -75513.2 8 108 1)
(103877 27224.9 -76531.9 595 695 1)
(103890 56418 -119022 121 221 0)
(103903 106863 74540.6 617 717 1)
(103914 -93447.8 -129797 7 107 1)
(103950 -11280.1 -98617.3 240 340 1)
(103955 -114705 -113806 285 385 1)
(103965 -77526.1 -39259.8 71 171 0)
(103971 -88570 20932.9 296 396 1)
(103976 -49339.7 136713 520 620 1)
(103983 -13992.7 -142359 517 617 0)
(103984 -83471.6 75437.6 608 708 0)
(103988 -77332.5 -143784 120 220 0)
(103990 -35184.2 38110.4 429 529 1)
(103997 16315.9 -66431.4 188 288 1)
