(5009 106664 74400.9 65 165 1)
(5026 28238.5 -48445.8 302 402 3)
(5033 -763.37 97336.2 1 99 3)
(5044 -110816 127892 550 650 0)
(5045 -40159.1 -132818 1 95 1)
(5046 41330 -21168.4 289 389 1)
(5054 -76451.4 -124962 462 562 1)
(5055 -120666 65254.1 207 307 3)
(5067 51533.9 23131 536 636 1)
(5068 -68394.9 21036.1 469 569 0)
(5073 -123714 47152.4 129 229 0)
(5078 -26093.4 -23251.6 289 389 1)
(5081 39141.5 121615 131 231 3)
(5106 102765 -60589.2 613 713 1)
(5108 59532.8 128830 127 227 1)
(5112 -48207.4 116478 88 188 1)
(5125 -27098.3 -43480.5 288 388 3)
(5126 50509.2 -133044 314 414 1)
(5135 20397.9 -131109 315 415 1)
(5147 26116.6 -72453.9 309 409 0)
(5178 17239.5 -43300.4 102 202 3)
(5180 -93509.4 20993.6 264 364 3)
(5200 34259.3 27036.1 174 274 1)
(5210 -50215.6 12906.7 306 406 1)
(5213 4216.43 -118770 394 494 1)
(5230 43352.1 -25308.3 340 440 1)
(5237 -47248.8 -119970 455 555 1)
(5243 -42476.6 124065 156 256 3)
(5248 25486.8 66239.5 134 234 3)
(5257 92633.1 103510 233 333 1)
(5267 -75300.5 20637.9 408 508 1)
(5268 38851.6 110487 385 485 0)
(5276 104749 -72588.9 382 482 1)
(5284 -23078.1 40122 155 255 1)
(5288 25254.1 79422.7 492 592 3)
(5290 41331.3 137828 243 343 1)
(5293 -56234.7 -72508.3 22 122 1)
(5294 115241 -43493.8 212 312 0)
(5301 -79468.6 134750 478 578 3)
(5303 -77442.3 -124942 156 256 3)
(5304 -95538.1 71332.2 196 296 1)
(5306 -3957.98 -7179.72 365 465 1)
(5311 -101427 24306 33 133 1)
(5326 -65399.6 -128049 533 633 1)
(5338 -5865.84 62281.2 65 165 0)
(5352 -116696 -144086 409 509 1)
(5353 122849 37141.9 513 613 1)
(5356 -76384.8 -15218.2 282 382 1)
(5373 -64335.9 27045.2 295 395 3)
(5405 35324 -118946 465 565 3)
(5408 -25088 -93749.1 393 493 1)
(5413 -104558 -83690.8 137 237 0)
(5428 -16071.8 -110875 546 646 1)
(5436 -65374.7 -10268.6 616 716 3)
(5437 -115692 108557 445 545 1)
(5439 -9968.03 -57542.4 467 567 3)
(5443 92526.4 75303.9 18 118 1)
(5453 -97481.8 -21471.5 244 344 1)
(5459 11221.2 -35237.6 205 305 0)
(5461 49346 -84802.6 534 634 3)
(5474 52440.2 -63592 618 718 3)
(5484 84.1892 122634 292 392 0)
(5491 41280.1 -113025 319 419 1)
(5494 30360.6 -107986 202 302 1)
(5504 113769 -45383.1 384 484 1)
(5505 -51204.9 -51403.2 487 587 1)
(5513 105700 11904.9 213 313 1)
(5517 65462.4 45132 295 395 1)
(5521 -76251.3 42131.2 48 148 1)
(5522 -12018.6 -40365.5 111 211 1)
(5526 -45248.6 9941.02 448 548 1)
(5527 98665.5 -18246.7 224 324 3)
(5528 -84544.5 -14173.2 521 621 1)
(5529 -59303.5 -97713 232 332 3)
(5530 105642 -31303.8 239 339 3)
(5534 28205.4 92409.3 94 194 3)
(5536 -87388.4 137605 28 128 3)
(5538 51316.1 -101730 94 194 1)
(5540 17461.3 13810.6 105 205 1)
(5546 79533.1 -56459.2 1 99 0)
(5558 -60329.8 -101687 49 149 1)
(5564 -69316.6 -82550.7 43 143 0)
(5567 -54295 38204 502 602 1)
(5568 75545.6 89441.1 450 550 3)
(5571 123858 76400.9 352 452 1)
(5588 14241.5 -70500.8 485 585 0)
(5594 -29067.7 -21293.7 290 390 1)
(5601 -97534.9 -41627.5 444 544 1)
(5612 -24058.1 51212.9 503 603 3)
(5618 -69346.8 -127933 322 422 1)
(5620 40348.9 -112812 319 419 1)
(5624 -121764 -139109 491 591 3)
(5627 -86415.8 -8170.68 93 193 1)
(5643 -51110.5 -83567 48 148 0)
(5645 -105565 -135970 152 252 1)
(5646 46393.6 -49536.5 388 488 3)
(5655 17127.4 79314.5 1 98 1)
(5657 -6950.66 99464.3 357 457 1)
(5660 107759 -65565.7 397 497 1)
(5665 117931 14967 548 648 1)
(5668 32287.9 -76640.7 412 512 1)
(5673 -37173.6 8921.15 124 224 1)
(5677 59394.3 -67571.5 268 368 1)
(5691 54779.9 3051.27 238 338 1)
(5693 -53211.4 -107803 443 543 3)
(5698 98741.4 -126691 57 157 3)
(5704 -93572.1 -44423.9 557 657 1)
(5709 -72352.2 30036.8 182 282 1)
(5711 26277.2 -124930 388 488 1)
(5713 52447.6 -149108 430 530 3)
(5716 -81496.6 86323.3 76 176 0)
(5729 41436.1 124621 511 611 0)
(5736 70490.6 -13212 284 384 1)
(5746 23199.8 -70638.4 274 374 1)
(5747 87428.1 70095.9 184 284 1)
(5754 -81472.6 -39409 353 453 1)
(5759 -32129.6 79362.6 169 269 1)
(5765 -124845 98376 384 484 3)
(5790 16265.4 88624.9 372 472 3)
(5795 89676.4 139839 444 544 3)
(5799 -64238 29140.6 378 478 1)
(5801 27222.3 -62468 34 134 1)
(5805 81571.7 -40408.5 407 507 3)
(5807 -54250 -116674 12 112 0)
(5810 105901 107584 266 366 3)
(5819 -64401.2 126683 554 654 1)
(5822 105794 -140012 465 565 3)
(5827 -24000.1 103607 453 553 1)
(5828 18236.2 24027 404 504 0)
(5830 -86432.7 -96667.6 15 115 1)
(5831 -33164.3 -22202.1 240 340 3)
(5836 98577.6 -42514.3 175 275 3)
(5838 -37149 18946.7 52 152 1)
(5844 -26105.4 -79645.7 477 577 1)
(5861 97819.6 -7082.7 515 615 1)
(5879 24197.6 -121747 8 108 1)
(5880 110.149 -23385.3 484 584 1)
(5881 23177.6 -136860 98 198 1)
(5883 46379.5 -21343.2 407 507 0)
(5885 -23004.4 -93610.5 288 388 1)
(5886 -17941.3 2908.77 212 312 1)
(5889 99657.8 95471.6 268 368 1)
(5895 23247.9 28041.3 482 582 3)
(5896 76570.9 -5237.4 286 386 3)
(5897 -65271.5 -137847 1 97 1)
(5898 -20297.5 -28414.6 77 177 3)
(5899 6105.13 -61499.7 240 340 1)
(5900 -1941.5 -118945 169 269 0)
(5906 -106651 -33575.1 368 468 3)
(5908 60427.2 75361.5 288 388 1)
(5914 41219.1 -84686 114 214 1)
(5915 -98567.2 49187 388 488 3)
(5916 -54296.5 -95831.7 583 683 1)
(5918 32197.5 -23232.3 89 189 3)
(5931 93668.9 -32351.4 349 449 1)
(5935 86563.9 -148863 113 213 1)
(5943 41332.8 -44499.2 475 575 1)
(5945 106747 70289.3 311 411 1)
(5949 66155.1 31307.4 602 702 0)
(5951 -119771 -89747.9 364 464 1)
(5958 93752.7 -38684.5 581 681 1)
(5971 -84463.9 30191.2 299 399 0)
(5973 -90630.8 -84773.5 364 464 1)
(5979 60293.4 -50709.8 601 701 1)
(5980 -37154 -58439.1 106 206 3)
(5996 -36163.8 -18200.6 177 277 1)
