(101000 89464.3 -5386.86 38 138 1)
(101022 -79450 -97786.1 365 465 0)
(101023 -71324.7 98494.7 303 403 1)
(101041 66383.9 -149834 74 174 3)
(101043 -71401.2 -112851 196 296 3)
(101051 20125.6 -129887 118 218 1)
(101054 83644.8 -95794.6 355 455 0)
(101060 -14149.3 -148045 251 351 3)
(101062 31105.8 7069.94 187 287 3)
(101079 -20064 -69579.6 349 449 1)
(101090 18061.3 41302.7 150 250 0)
(101092 32465.9 -22277.3 162 262 1)
(101102 -60315.1 56198.9 273 373 0)
(101108 44351.1 103514 156 256 1)
(101113 14170.2 20992.1 177 277 1)
(101114 -4988.23 28091.9 202 302 1)
(101118 -77357.7 32118.4 142 242 0)
(101122 -85496.5 -20255.4 405 505 1)
(101131 -17018 52218.9 551 651 0)
(101140 -10948.7 86394.2 236 336 1)
(101142 34173.1 35286 232 332 0)
(101148 104678 -44365.2 97 197 1)
(101150 -62375.6 -26343.5 538 638 1)
(101158 29143 53191.3 400 500 1)
(101164 -4995.73 -119884 172 272 1)
(101169 39303.1 31071 200 300 3)
(101171 -10200.2 60197.5 384 484 0)
(101176 -102542 -112782 220 320 1)
(101177 26159.3 -139870 37 137 3)
(101188 -43242.9 73369.9 384 484 1)
(101197 123781 -81598.6 235 335 1)
(101198 -4964.1 19006.2 17 117 3)
(101204 116643 -98976.9 135 235 3)
(101212 11125.5 -93658 145 245 1)
(101222 58292.2 3874.46 417 517 1)
(101223 96599.9 82376.6 154 254 1)
(101224 117848 77404.4 389 489 3)
(101229 -1937.65 50228.1 300 400 1)
(101232 38327.7 -94731.9 315 415 1)
(101252 -81479.1 72346.5 468 568 3)
(101253 11096.8 -56382.5 132 232 0)
(101270 -6979.92 -18154.1 141 241 3)
(101273 72538.8 -122887 318 418 1)
(101276 36359 86496.7 410 510 1)
(101277 -95619 47184.2 445 545 3)
(101286 91706.3 -4159.01 472 572 1)
(101291 10284.5 -121840 394 494 3)
(101296 -41086.4 30227.7 588 688 0)
(101301 108608 19965.6 467 567 1)
(101304 71442.4 -100732 164 264 1)
(101305 -44328.7 -54382 112 212 3)
(101316 -42288.3 -47472 553 653 3)
(101322 -80482.7 -103723 435 535 1)
(101325 33210.4 -57472.7 117 217 1)
(101334 48251.1 60223.3 453 553 3)
(101335 98776.5 -24317.1 624 724 0)
(101339 34213.6 -143095 309 409 3)
(101340 69521.7 -97871.7 383 483 1)
(101350 94687.2 -143085 322 422 1)
(101355 12163.9 63293.8 392 492 1)
(101356 33253.4 27049.7 1 101 0)
(101357 113754 -79611.7 267 367 1)
(101361 104741 -23221.7 436 536 1)
(101370 -43166.9 129678 231 331 1)
(101378 116587 64253.1 24 124 1)
(101383 30197.6 -44359.4 96 196 1)
(101395 -7893.88 -131849 416 516 1)
(101409 -93573.2 47058 59 159 1)
(101410 -6916.63 123685 159 259 1)
(101420 50406.6 -13217.4 307 407 3)
(101421 -27073.2 29053.4 335 435 1)
(101427 4245.44 -5144.92 608 708 1)
(101460 -115720 85450.1 511 611 3)
(101475 24258.3 -90793.7 534 634 3)
(101476 42236.7 -149016 87 187 1)
(101478 88399.1 -124868 105 205 3)
(101481 5134.86 -139984 268 368 3)
(101482 39298.7 -77736.8 270 370 0)
(101489 -744.656 103791 565 665 0)
(101490 34237.2 -18272 115 215 1)
(101501 76518 52195.1 266 366 1)
(101502 38265.1 -32235.4 91 191 1)
(101503 -50218.2 59222.6 113 213 1)
(101510 -66336.6 36121.3 194 294 3)
(101511 54421.7 -73574.2 280 380 1)
(101527 -36198.2 -116867 359 459 3)
(101534 -57152.8 -18178.1 477 577 0)
(101536 40304.9 -104962 403 503 1)
(101540 -16015.6 11057.5 381 481 0)
(101545 -89434.1 -28299.2 110 210 1)
(101549 -62409.9 75412 537 637 0)
(101553 117932 48186.2 513 613 3)
(101565 -70337.6 -23294.6 73 173 1)
(101567 78.1104 -109931 578 678 1)
(101579 88331.8 -54652.6 132 232 1)
(101590 16210.8 118623 321 421 1)
(101594 43008.8 1868.04 204 304 1)
(101600 15235.3 126605 566 666 1)
(101603 37366 -32374.3 607 707 3)
(101610 -76395.3 -18229.5 117 217 0)
(101612 -31094 12923.8 324 424 1)
(101628 -6072.6 -8047.35 276 376 1)
(101643 -53274.3 -133012 426 526 1)
(101651 66527 64409.5 189 289 1)
(101658 -25090.5 -72597.6 438 538 1)
(101660 -10912.4 10940.6 248 348 3)
(101661 -26110.9 134715 399 499 1)
(101671 -30106.2 -11167.2 174 274 0)
(101676 61518.1 18984.4 559 659 3)
(101678 -93478.3 133694 10 110 0)
(101681 78643.2 18293.8 417 517 1)
(101688 -100550 11988.2 284 384 1)
(101693 114900 -102939 619 719 1)
(101694 5087.08 26040.8 192 292 3)
(101698 66481.2 -111871 380 480 1)
(101700 30282.3 -116863 330 430 1)
(101711 -88573.7 -13071.9 514 614 0)
(101717 -74396.9 -44419.3 355 455 1)
(101725 -46293.4 -148207 623 723 1)
(101726 -58341.3 -145220 519 619 1)
(101728 -64397 39219.6 551 651 3)
(101730 -9749.11 104214 309 409 1)
(101732 -47280.3 -48377.1 288 388 0)
(101742 41321.7 123583 294 394 3)
(101744 -115772 -131067 545 645 1)
(101753 -18090.9 -98888.8 44 144 0)
(101761 -26099.1 14034.6 146 246 1)
(101780 45348.3 -4156.18 330 430 3)
(101783 65543.6 98507 389 489 1)
(101788 -102463 -74571.6 1 93 3)
(101793 -110604 -29256.8 263 363 1)
(101799 110970 54755.4 27 127 1)
(101802 -49172.6 -55587.5 592 692 3)
(101820 17207.9 -106847 469 569 0)
(101825 84530.2 -113.189 241 341 3)
(101830 26271.9 -8212.1 593 693 3)
(101832 -51235.5 -14191.8 119 219 1)
(101838 50447.9 -58640.3 484 584 3)
(101839 37269.1 -134845 53 153 1)
(101846 -60306.2 39113.5 41 141 1)
(101850 108663 66356.1 472 572 3)
(101853 -72437.3 24034.7 592 692 1)
(101862 48410.4 -19297.5 610 710 1)
(101877 -71396 -89610.1 124 224 0)
(101881 -49177.3 119944 511 611 0)
(101883 -91846.8 85365.9 498 598 3)
(101884 -15030.2 -9199.9 558 658 0)
(101885 -49291.5 -118891 234 334 1)
(101886 -105525 -135927 348 448 1)
(101903 5100.16 -10131.5 69 169 1)
(101910 88662.5 -139048 444 544 1)
(101922 33279.5 -145092 441 541 0)
(101935 29220.2 -144026 284 384 1)
(101938 -69366.1 56205 178 278 3)
(101939 -92460.8 -28411.8 349 449 3)
(101942 106696 -109788 264 364 1)
(101947 -44186.1 -51377.5 424 524 3)
(101953 69575.7 -75614.7 524 624 3)
(101954 -35217.5 -71638 544 644 1)
(101959 -73374.5 -100776 301 401 1)
(101960 -20066.4 23833.6 78 178 0)
(101963 -82522.6 -46463.3 474 574 3)
(101966 -12989.5 -111896 395 495 0)
(101968 98714.3 63247.9 623 723 1)
(101972 -97586.1 129700 256 356 0)
(101994 52385.5 92338.8 202 302 1)
(101995 -40238.4 -100743 246 346 3)
(101998 -78405.3 -138944 216 316 1)
