(90001 -69706.9 7983.35 57 157 1)
(90008 -54678.3 49036.9 428 528 3)
(90012 -26986 23136.6 460 560 3)
(90024 -5037.16 -109794 256 356 1)
(90031 20166 -86794.4 489 589 1)
(90033 52342.3 -86697.9 408 508 3)
(90035 -108630 -88716 396 496 0)
(90057 -5011.19 -30259.3 69 169 1)
(90062 -96466 -89730.1 304 404 1)
(90067 -35127.5 -132959 416 516 0)
(90070 68346.9 92498.6 517 617 0)
(90073 -79370.4 75186.8 410 510 3)
(90088 97782.3 30002.1 506 606 1)
(90092 108070 66322.3 493 593 1)
(90093 -44175 -81720.9 475 575 3)
(90107 67205.4 133798 398 498 1)
(90120 -123830 -59651.7 583 683 3)
(90122 -25094.9 3890.58 76 176 1)
(90132 74589.3 59331.7 305 405 1)
(90144 109770 139597 308 408 3)
(90145 -115752 133788 427 527 1)
(90155 -88637.3 52396.9 72 172 0)
(90158 93643.3 -45415.8 244 344 1)
(90165 -10036.6 86496.4 217 317 1)
(90166 -104669 18144.6 545 645 3)
(90175 -30141.8 13954.8 314 414 1)
(90176 92685.9 130718 390 490 0)
(90179 91598.3 70256 162 262 1)
(90185 -39196.1 45179.5 569 669 3)
(90187 -24226.2 23074.5 308 408 0)
(90194 76124.8 15162.5 125 225 1)
(90196 -2953.53 -46385.2 157 257 1)
(90207 107741 -87711.7 114 214 1)
(90221 12207.8 -139105 358 458 1)
(90226 115793 46150.1 203 303 1)
(90229 17150.9 -58520 417 517 1)
(90235 345.296 -86845.4 88 188 0)
(90266 88770.5 -93845 566 666 1)
(90269 77484.2 -101691 53 153 3)
(90271 -27049.8 108482 350 450 1)
(90286 52759.4 145949 292 392 1)
(90287 -70303.3 19096.3 124 224 3)
(90296 -117681 19059.5 442 542 1)
(90297 -38195.5 6949.75 368 468 1)
(90309 -12020.3 22008.8 431 531 3)
(90311 -43203.8 25040.8 122 222 1)
(90314 -2939.81 -58445.7 170 270 1)
(90330 -7022.37 55244.9 351 451 1)
(90336 11176.5 -131966 263 363 1)
(90338 14177.2 -112032 623 723 1)
(90345 102646 -143014 208 308 1)
(90347 85563.3 87689.5 561 661 1)
(90351 -4876.38 -54308.6 142 242 0)
(90353 40299.1 -104789 422 522 1)
(90359 -10038.3 11889.7 580 680 1)
(90363 55320.1 23958.7 434 534 1)
(90364 -23076.9 -81691.9 432 532 1)
(90367 -25104.7 -57467.5 290 390 1)
(90374 -45234.4 28037.5 378 478 1)
(90375 118971 -54217.5 394 494 1)
(90384 -41898 128912 462 562 1)
(90385 120851 -94663.6 380 480 1)
(90391 41205.1 -25220.9 443 543 1)
(90394 8130.31 84433.9 458 558 1)
(90396 67525.8 28050.7 537 637 1)
(90412 64439.2 -84597.7 148 248 1)
(90423 27102.5 -95654.2 92 192 1)
(90429 -90486.1 -98708.7 216 316 1)
(90430 -33165.3 -25319.9 610 710 0)
(90432 115834 24006.8 486 586 1)
(90434 23185.2 -33414.2 333 433 1)
(90437 -95489.4 82383.4 158 258 1)
(90447 38335.4 74372.6 200 300 0)
(90450 -88445.1 -4130.52 123 223 1)
(90470 105886 -21304.5 349 449 3)
(90472 14343.8 -77451.4 546 646 1)
(90474 98750.1 -4149.37 398 498 3)
(90486 -94528.8 -61592.1 480 580 1)
(90494 22227.1 -53481.7 563 663 1)
(90506 60454.3 113633 454 554 1)
(90517 -119625 61266.7 201 301 3)
(90521 29246.8 -86648.7 266 366 1)
(90528 -1913 24779.2 131 231 1)
(90531 59377.8 -8144.88 497 597 1)
(90533 91581.6 116533 127 227 1)
(90541 6127.09 -140006 374 474 1)
(90545 104591 -122394 340 440 1)
(90546 22201.6 93448.8 324 424 1)
(90555 30434.2 16838.3 346 446 3)
(90564 40325 -110040 602 702 3)
(90566 50547.6 47236.5 417 517 0)
(90574 -20141.1 12767.2 625 725 1)
(90577 -71608.3 14366.6 504 604 1)
(90587 -112692 -9208.99 348 448 1)
(90590 120848 -79654.5 412 512 1)
(90602 -43123.4 131551 76 176 1)
(90629 51492.1 24091.1 507 607 3)
(90638 40296.1 -71510.6 109 209 1)
(90640 -16047 -34409.5 615 715 0)
(90643 -118589 16001.9 593 693 1)
(90644 -24751.4 80392.1 284 384 0)
(90647 51483.4 -15404.7 629 729 3)
(90650 -23165.2 127548 146 246 1)
(90651 -26170.3 129649 71 171 1)
(90656 56415.3 -65635.7 613 713 3)
(90657 -10009.1 67258.9 521 621 3)
(90663 57229 78364.6 177 277 0)
(90667 88471.5 -58383.3 1 94 1)
(90673 40454.8 -17932.3 474 574 3)
(90683 83476.9 67274.6 144 244 0)
(90687 96605.2 -15206.7 129 229 1)
(90695 34349.6 -117830 198 298 1)
(90699 -118679 -125934 321 421 1)
(90714 104822 138831 614 714 1)
(90717 -70355.1 -136000 100 200 1)
(90722 86507.4 53063.1 73 173 1)
(90729 -10029.8 -84613.7 90 190 3)
(90732 -8099.76 -129760 93 193 1)
(90735 114781 88426.3 202 302 1)
(90742 35255 31080.1 559 659 1)
(90747 115098 -9181.6 440 540 1)
(90751 -60348.6 135768 416 516 1)
(90752 -73306.5 11953.6 40 140 1)
(90764 93627.4 -53409 158 258 3)
(90765 30422.6 76876.4 379 479 0)
(90767 78572.7 107534 268 368 1)
(90772 -20137.8 -144084 328 428 3)
(90788 -16072.7 125703 520 620 1)
(90794 77594.5 -148124 352 452 1)
(90798 34326.9 -6351.34 500 600 3)
(90800 -92447.7 31070.3 359 459 0)
(90802 52494.6 90527.2 521 621 1)
(90807 -59366.7 66296 395 495 1)
(90808 58516.4 94554.5 598 698 1)
(90810 12187.4 -89551.9 86 186 0)
(90811 75397 146009 471 571 1)
(90817 74579.6 50229 420 520 0)
(90825 32256.7 -7183.08 442 542 1)
(90830 43408.7 -89848.2 37 137 1)
(90854 -107660 -121906 348 448 1)
(90866 -45233.4 79371.9 467 567 1)
(90874 -115639 -42497.5 278 378 1)
(90878 66345.3 145922 151 251 3)
(90879 63503.5 -62487 404 504 3)
(90892 1887.03 -120867 37 137 1)
(90896 3036.04 -80734.6 364 464 1)
(90897 10075 137831 586 686 3)
(90898 -999.214 119637 347 447 0)
(90907 -91541.7 -2142.63 616 716 1)
(90911 73492.4 -53426.8 148 248 1)
(90915 -69433.9 -86749.1 611 711 1)
(90921 28186.7 141854 608 708 1)
(90922 -7980.1 -129886 164 264 3)
(90925 -31040.7 128745 627 727 3)
(90935 -97633.5 -23328 291 391 1)
(90951 -106642 -121918 270 370 3)
(90952 67468 108539 55 155 1)
(90953 19146.1 -92696.9 431 531 1)
(90966 84526.1 -37221 541 641 0)
(90970 -28105.3 -104713 111 211 1)
(90971 110908 -31262 547 647 3)
(90973 -2979.69 -84695.2 314 414 1)
(90977 41346.2 -98804.3 490 590 1)
(90984 120915 -98668.3 278 378 0)
(90989 -13926.8 -22294.7 14 114 0)
