(94000 -42242.3 29011.6 243 343 1)
(94002 41270.9 -84576.9 16 116 1)
(94007 6013.71 9921.62 372 472 0)
(94014 -21124.9 -118033 591 691 1)
(94017 121932 -128048 600 700 1)
(94020 95625 62355.3 199 299 0)
(94034 -41191.7 93333.4 222 322 0)
(94036 -99531.4 -67624.6 296 396 0)
(94039 -56371.3 -12237.1 626 726 0)
(94040 -62341.7 -35372.8 599 699 3)
(94045 -18027.7 -74508.6 32 132 1)
(94051 -112584 9944.11 122 222 1)
(94054 74420.8 44157 521 621 1)
(94058 20413.1 -111878 493 593 1)
(94059 -32149.9 25978.2 531 631 3)
(94066 -30156.2 -140150 554 654 3)
(94080 -25160.8 -129031 450 550 1)
(94085 -49301 28049.6 350 450 0)
(94086 -102688 -30177.2 532 632 0)
(94089 -16044 -126779 79 179 1)
(94101 -90555.3 113665 592 692 1)
(94108 -98526.2 -49413.4 153 253 1)
(94109 -26100.3 -20218.1 70 170 1)
(94110 104654 -103729 315 415 3)
(94111 16962.9 -72425.2 3 103 1)
(94113 52418.9 136779 164 264 1)
(94117 53479.4 27068 313 413 1)
(94125 -47307 -57671.8 542 642 0)
(94143 -106630 141800 292 392 0)
(94146 12252.8 -97715.7 190 290 3)
(94148 22228.8 -1113.72 607 707 1)
(94152 -29948.7 -135813 1 101 1)
(94164 -95467.4 -55445.6 56 156 1)
(94175 -33321.5 -100739 276 376 1)
(94176 -10030.1 -118785 33 133 1)
(94186 109733 101560 336 436 1)
(94194 24208.5 -90668.6 160 260 1)
(94197 123759 -83654.6 72 172 1)
(94200 36266.9 -82585.4 167 267 -1)
(94205 119767 -146985 218 318 3)
(94212 116835 111536 629 729 0)
(94218 106720 -82695.5 368 468 3)
(94221 37296.5 -31223.7 73 173 1)
(94224 -116622 -17146.3 13 113 0)
(94243 -46215.6 22037.8 498 598 0)
(94252 -77478.7 -109888 465 565 3)
(94258 -36041.6 -50420.1 276 376 3)
(94260 42281.5 -37310.7 1 101 3)
(94264 61395.1 -55423.2 105 205 1)
(94269 -58278.2 -36342.6 165 265 3)
(94273 47354.9 78392.2 236 336 1)
(94274 -15033.1 114549 118 218 1)
(94276 27115.4 -69505.2 1 99 1)
(94291 59473.1 138803 474 574 1)
(94308 68.2315 -109809 300 400 1)
(94309 -6080.27 29973.1 315 415 3)
(94311 -83478 44107.8 29 129 3)
(94323 -83445.8 47162.8 24 124 0)
(94337 -65393.5 -95730.1 452 552 1)
(94338 -22079.5 -139898 301 401 0)
(94339 -110878 -68621.4 548 648 1)
(94345 -71329.8 -141973 121 221 1)
(94350 95486.8 39270.2 390 490 3)
(94355 66539.5 116525 16 116 1)
(94356 113094 -115998 574 674 0)
(94357 -108612 -88689.6 338 438 0)
(94368 33282 -131011 327 427 1)
(94371 2052.67 -77642.2 551 651 1)
(94374 72667 99576 467 567 3)
(94377 93621.4 -77639.4 353 453 1)
(94386 94670 2881.4 376 476 1)
(94387 40517.4 -88775.1 180 280 0)
(94391 21190.1 -97762.2 340 440 3)
(94397 -25169.4 -50359.9 41 141 0)
(94406 -122838 125741 629 729 1)
(94410 -42368.7 67355.8 261 361 1)
(94411 -9844.55 -92895.7 309 409 1)
(94412 42157.6 44175.4 263 363 1)
(94419 -20083.8 -80624.5 558 658 1)
(94421 -116678 -39434.9 363 463 1)
(94425 -74304.2 -87779.4 282 382 1)
(94428 -16073.8 -87601.2 479 579 1)
(94438 -84030.9 120755 49 149 3)
(94441 -65327.7 -132910 222 322 0)
(94447 -117612 -129007 250 350 0)
(94451 -38186.5 -106750 72 172 3)
(94458 53336.9 23997.9 555 655 3)
(94459 8325.68 149769 283 383 1)
(94467 117772 -132043 410 510 1)
(94478 19191.6 35127.3 175 275 3)
(94492 84527.8 -55445.1 239 339 1)
(94501 -109549 -29282.1 26 126 3)
(94504 41321.7 -109796 307 407 1)
(94505 -55964.7 -110873 436 536 0)
(94509 -44227.4 21030.3 2 102 1)
(94516 -25103.6 55215.7 264 364 1)
(94527 83669.9 112461 239 339 1)
(94530 28262.1 -75644 528 628 1)
(94534 92584.8 18955.8 89 189 0)
(94546 -679.083 -56747.1 441 541 3)
(94550 -66418.6 -52552.4 565 665 1)
(94553 91070.4 34269.3 411 511 3)
(94556 -17894 -70411.1 457 557 0)
(94561 55393.6 -106735 218 318 1)
(94566 -114711 8936.67 523 623 1)
(94568 -64392 -10262.3 386 486 1)
(94579 107935 86555.2 570 670 3)
(94582 -36155.5 -135033 190 290 1)
(94585 -72430.2 -57562.6 621 721 1)
(94591 -87574.3 -50490.6 623 723 1)
(94611 93604.6 8032.22 27 127 0)
(94612 41380 -57473.2 573 673 1)
(94618 84535.5 6886.88 145 245 3)
(94622 -22097.9 -140907 92 192 1)
(94641 4078.32 -72505.3 48 148 1)
(94645 -111618 -5151.1 250 350 1)
(94646 -75486 141302 609 709 3)
(94648 -59327.4 98523 612 712 0)
(94657 91519.4 -120769 6 106 3)
(94660 38348.5 86354 220 320 1)
(94666 12145.3 144797 395 495 1)
(94691 119894 21095.1 575 675 1)
(94692 -83226.8 12935.5 550 650 3)
(94694 110736 55200.3 397 497 1)
(94733 62510.1 -63567.5 431 531 3)
(94742 7060.69 119550 46 146 1)
(94746 -71453.1 -133804 344 444 1)
(94757 -11079.5 -27351.7 470 570 1)
(94775 56454.2 34089.7 540 640 1)
(94776 25246 -94186.2 201 301 0)
(94781 -55218.7 69224.1 54 154 1)
(94795 20282.4 39040 535 635 1)
(94800 68631.5 -101892 595 695 3)
(94803 -21932.9 -53266.3 337 437 3)
(94806 -11892.1 45070.6 536 636 1)
(94807 40314.8 -54427.4 260 360 1)
(94818 107718 97486.6 276 376 1)
(94822 -111684 -83646 270 370 3)
(94823 -9975.99 -38350.2 254 354 3)
(94826 22154.2 -74715.7 533 633 3)
(94836 -70352.1 -82582.3 166 266 1)
(94838 -6958.96 -107868 512 612 3)
(94856 -110512 -4351.29 85 185 1)
(94861 -25236 3828.71 169 269 3)
(94872 48370.9 -63502.9 237 337 3)
(94874 43361.5 137765 390 490 1)
(94882 74449.6 -35365.4 308 408 0)
(94883 -47224.9 4934.18 234 334 1)
(94906 3049.04 92562.6 28 128 0)
(94907 -19983.6 -32682.6 599 699 3)
(94908 5126.35 -18049.3 317 417 0)
(94914 74507.1 -118797 121 221 1)
(94917 102616 7902.98 249 349 1)
(94921 100670 47122.6 263 363 1)
(94933 -35148.7 47149.8 170 270 1)
(94937 97922.4 -9328.61 612 712 3)
(94944 -118725 -20289.4 344 444 0)
(94950 31272.2 -72594.9 262 362 1)
(94954 66504.1 -41229.3 160 260 1)
(94959 82611.7 128710 443 543 1)
(94961 -89463.2 -148959 174 274 3)
(94962 48340.4 78340.7 264 364 1)
(94965 40333.2 -67595.1 337 437 1)
(94973 -53271.4 113603 167 267 1)
(94977 -50236.7 24929.9 48 148 3)
(94980 -57259.7 -81542.9 28 128 1)
(94982 7079.99 -122752 79 179 1)
(94991 -116675 45051.6 127 227 1)
(94993 14309.5 128426 184 284 1)
(94995 -17086.3 -138273 584 684 1)
(94998 74372.1 57407.7 325 425 3)
