(4010 38320.9 -5160.33 373 473 1)
(4027 18205.4 -8203.96 624 724 1)
(4039 47388 -36410.9 462 562 1)
(4040 -4961.76 10936.5 277 377 1)
(4067 -114705 24025.7 468 568 1)
(4070 -34217.4 -115704 9 109 1)
(4071 86562.9 -76588.3 207 307 1)
(4083 -89521.8 -140035 389 489 1)
(4093 46356.1 -119031 436 536 0)
(4095 -90440 127638 141 241 1)
(4116 -47274 47304.9 578 678 3)
(4118 -97215.4 -27351 267 367 0)
(4121 18185.5 36103.9 414 514 1)
(4125 -83596.4 76353.8 231 331 0)
(4126 -123199 60085.9 149 249 1)
(4127 -39207.1 48201.5 582 682 1)
(4129 -62294.9 -33303.1 5 105 1)
(4147 5012.17 -143990 12 112 0)
(4156 -26022.1 132730 375 475 1)
(4163 -39131.1 129649 214 314 1)
(4164 41090.5 7316 170 270 0)
(4170 -36176 -61427.2 45 145 3)
(4179 -74297.3 -25214.7 27 127 0)
(4186 34293.5 -105831 398 498 1)
(4197 29137.3 49059.5 27 127 0)
(4211 -45643.1 -137110 599 699 0)
(4214 -56252.3 43184.1 446 546 3)
(4222 43390.9 9896.92 22 122 1)
(4232 -96630.1 42156.4 614 714 3)
(4243 -15041.1 46273.4 356 456 0)
(4252 73678.6 122819 12 112 1)
(4257 -36156.7 75226.2 214 314 1)
(4258 -62301.2 54190.9 295 395 1)
(4263 -80357.2 -24251.5 108 208 1)
(4267 -71398.8 -95645.3 330 430 0)
(4270 -6964.64 97568 324 424 1)
(4275 -124787 127466 297 397 0)
(4278 -124630 -19236.5 119 219 1)
(4285 27197.2 17004.1 365 465 3)
(4290 78655.8 -144108 390 490 3)
(4292 -82375.1 53215.3 74 174 1)
(4299 32323.8 -138114 588 688 1)
(4300 -35181 -93707.7 169 269 1)
(4305 64412.4 -45362.4 77 177 3)
(4306 -54368.9 56358.6 145 245 0)
(4307 101801 116735 396 496 3)
(4311 27208 -13156.4 496 596 0)
(4324 64495 32117.5 317 417 3)
(4329 -84250 -68567.7 307 407 1)
(4333 -65372.5 -126828 206 306 1)
(4338 -76402.1 -101864 440 540 -1)
(4343 96731.6 -85732.6 575 675 1)
(4346 57302.1 145644 144 244 1)
(4350 63417.7 -132211 363 463 3)
(4354 -78401 117564 128 228 0)
(4357 -27150.1 -92.3311 156 256 1)
(4361 -53295.7 -137.384 409 509 1)
(4363 88573.7 4917.46 249 349 3)
(4369 36421.3 -57459.8 325 425 1)
(4370 -30236.4 65270.7 611 711 1)
(4377 -104617 43164.7 403 503 1)
(4389 12096.5 -124875 400 500 3)
(4396 108753 106501 320 420 1)
(4398 -55338.6 121745 538 638 3)
(4403 -6011.4 86601.3 616 716 1)
(4404 -40953.3 -69623.7 283 383 3)
(4420 -66385.5 71464.3 363 463 1)
(4424 25039.6 -14406.2 102 202 0)
(4425 89689.6 -71732.1 596 696 1)
(4429 62446.3 -2145.2 150 250 1)
(4430 -862.892 -52534.2 344 444 3)
(4431 82571.7 -127971 324 424 1)
(4438 -94473.2 61252.4 189 289 3)
(4439 -103742 -73759.2 584 684 0)
(4441 32281.2 17984.1 375 475 1)
(4451 118864 -8197.08 485 585 1)
(4464 11052.1 -5155.4 235 335 3)
(4466 -11992.7 133631 30 130 1)
(4467 48380.7 -149047 151 251 3)
(4469 -23028.1 -32277.4 504 604 3)
(4472 -55382.1 42186.6 532 632 1)
(4480 -58159.1 47186.4 72 172 1)
(4481 38291.6 -25322 113 213 1)
(4482 10110 104546 109 209 1)
(4495 54389.9 44108.9 88 188 3)
(4498 13165.5 -17308.5 308 408 0)
(4501 -58401.9 94432.8 1 101 0)
(4510 -80466.3 -12272.3 458 558 1)
(4513 48316.8 70385.9 372 472 1)
(4514 10108.1 -78570.5 210 310 3)
(4516 115873 37057.4 552 652 3)
(4522 45387.4 -76562.4 320 420 3)
(4525 -12023.5 -49483 512 612 1)
(4533 10172.4 -100758 306 406 1)
(4535 -79741.2 65449.2 153 253 1)
(4538 -44306.1 -122935 584 684 1)
(4540 86580.1 15957.7 292 392 1)
(4542 -103795 32849.9 92 192 1)
(4543 124918 -58590.5 145 245 0)
(4546 35297.6 118566 12 112 1)
(4547 -10980 -14244.1 348 448 1)
(4550 52396.4 -77639 359 459 1)
(4558 -48272 -101807 555 655 3)
(4563 104778 127631 300 400 3)
(4566 -74410.6 -1077.61 236 336 1)
(4574 -74382.9 -81598.6 213 313 0)
(4575 29273.2 48200.7 237 337 0)
(4581 -100476 -120771 17 117 1)
(4587 -81445.6 67665.4 398 498 0)
(4591 48362 -113806 212 312 0)
(4595 51393.2 -122933 291 391 3)
(4605 -79462.8 119787 554 654 0)
(4616 42406.5 34110.9 456 556 1)
(4627 70538.6 -104934 460 560 1)
(4631 122873 111596 400 500 1)
(4635 115767 50132.2 606 706 1)
(4645 -73491.7 16752.3 573 673 3)
(4650 96747.1 -109932 595 695 1)
(4652 -23256.2 -48521 345 445 1)
(4657 -91531.3 40217.3 310 410 1)
(4671 -47314.6 -141936 69 169 1)
(4673 -104573 -5257.47 91 191 1)
(4676 89532.6 141640 6 106 1)
(4681 107734 -112808 305 405 3)
(4688 -63428.9 29080.9 29 129 1)
(4691 -29097.7 -23262.3 287 387 3)
(4696 -23067.5 34118.7 32 132 3)
(4697 -25082.7 -38407.8 331 431 1)
(4700 -73437.8 139825 519 619 1)
(4708 7133.18 97475.5 306 406 3)
(4709 -7935.02 -114824 135 235 1)
(4711 86633.8 45162.8 389 489 1)
(4724 -29152.5 -78605.9 71 171 0)
(4734 -33202.7 58275.3 228 328 0)
(4735 55404 7927.39 443 543 0)
(4736 76487.4 -2124.68 143 243 3)
(4739 98692.5 47301.4 257 357 1)
(4741 -66239.6 109647 378 478 1)
(4747 -6962.4 98498.1 71 171 1)
(4752 -21231.5 58167.1 216 316 1)
(4762 -58220.6 57140 254 354 1)
(4781 -79501.2 -59692.5 289 389 0)
(4802 25303.8 -134234 527 627 3)
(4804 -106575 -60431 15 115 0)
(4805 -118844 -31299.7 576 676 1)
(4806 -96491.8 -142893 142 242 1)
(4814 11025.3 80538 108 208 1)
(4822 34216 -8117.63 62 162 3)
(4827 -104530 127578 48 148 3)
(4828 13017.9 147967 505 605 1)
(4829 -8990.77 6920.36 15 115 3)
(4835 -92642.6 71321.5 445 545 1)
(4839 -83513.1 -54577.5 628 728 3)
(4846 -63438.6 139838 601 701 1)
(4852 -21081.5 144762 81 181 1)
(4860 84660.8 -110409 508 608 0)
(4872 109732 40128.1 304 404 3)
(4887 -47163.6 -29236.5 78 178 3)
(4894 -64335.9 46202 482 582 0)
(4895 14172.5 106589 348 448 1)
(4925 1488.36 103229 423 523 1)
(4930 -40071.5 36201.3 144 244 1)
(4931 97884.7 27997 555 655 1)
(4933 -73447.7 -121077 613 713 0)
(4934 -37091.5 -119658 72 172 0)
(4937 -36164 -113951 506 606 0)
(4963 55418.7 -25294 372 472 3)
(4964 -108499 -32291.5 1 101 1)
(4969 93761.4 75379 271 371 1)
(4970 -15032.3 61171.6 141 241 1)
(4976 -79427.5 -100717 119 219 1)
(4980 -20104.8 80348.1 326 426 3)
(4984 31335.1 38214.7 626 726 1)
(4987 36734.6 -27609.5 172 272 3)
(4988 -71377.7 36067.6 453 553 1)
(4990 -101616 51313.6 542 642 1)
(4994 -39249.1 -5215.5 479 579 1)
(4999 43251.9 79339 141 241 1)
