(56003 58396 45084.1 45 145 1)
(56004 101.684 39200.9 331 431 1)
(56010 -8956.81 96386.8 176 276 1)
(56011 -981.169 15966.3 362 462 3)
(56016 -6971.92 27033.1 313 413 1)
(56021 -85566.2 41104.9 625 725 1)
(56030 -39166.8 -63463.4 108 208 3)
(56033 -88565.8 -11187 1 96 3)
(56037 10205.1 -56545.3 303 403 1)
(56058 -124707 13846.8 34 134 0)
(56060 98720.3 2608.69 514 614 1)
(56066 66511.4 88462.9 297 397 1)
(56069 91.7779 -23249.9 569 669 1)
(56092 83543.2 52189 310 410 1)
(56096 11170.6 108587 145 245 1)
(56099 26207.5 -8166.88 211 311 3)
(56105 -20063.6 -59462.6 180 280 3)
(56108 -122653 -10042.8 352 452 1)
(56110 -41184.1 -101777 302 402 0)
(56118 7524.89 61117.3 618 718 1)
(56125 -119657 -135101 577 677 3)
(56134 35358.4 93512 204 304 1)
(56135 -110676 127907 118 218 0)
(56136 -103567 -64530 295 395 3)
(56142 119900 -134072 521 621 1)
(56145 8045.87 -108758 258 358 3)
(56148 -31124.9 -142989 277 377 1)
(56152 78579.2 119700 512 612 1)
(56158 -70355.1 129672 90 190 3)
(56161 90526.3 -10348.6 538 638 3)
(56162 -81673.9 -16275.1 129 229 1)
(56163 12082.9 -102806 462 562 1)
(56164 102532 128672 144 244 1)
(56168 -4818.31 121651 489 589 1)
(56169 -30986.4 -111069 487 587 1)
(56172 77422.2 -13030 180 280 1)
(56175 -117640 17980.9 361 461 3)
(56176 33309 -136090 572 672 1)
(56187 -43344.8 45201.9 175 275 1)
(56197 -23074.1 5925.47 348 448 3)
(56201 14188.5 -10198 508 608 1)
(56203 42309.3 -108909 302 402 1)
(56204 -15035.3 -80614.6 251 351 1)
(56207 -8004.24 -82628.7 612 712 0)
(56214 -74386.4 -85643.2 280 380 1)
(56240 -89557.4 -71542.1 500 600 3)
(56241 -8999.45 -25272.8 142 242 0)
(56242 97734.7 78471.5 602 702 1)
(56245 52242 -54472.7 47 147 1)
(56248 -79472.3 -145995 127 227 1)
(56251 120572 -129822 25 125 3)
(56257 27928.2 -42285.6 263 363 3)
(56258 82543.9 -42345 203 303 1)
(56284 -63335.9 -143065 472 572 1)
(56287 -122758 142754 462 562 1)
(56291 35263.4 -96714.7 196 296 1)
(56294 83596.1 -109867 515 615 3)
(56298 -10039.1 109619 564 664 0)
(56310 121822 105611 619 719 1)
(56318 -78385.2 -22247.8 46 146 1)
(56347 86650.1 36168.6 300 400 3)
(56364 -64167.8 120885 285 385 1)
(56383 -117592 63106.6 175 275 1)
(56392 49391.6 -1133.75 114 214 3)
(56393 -90501.9 -121033 559 659 1)
(56398 42247.6 6891.74 503 603 3)
(56402 113844 74554.4 382 482 0)
(56403 -89524.6 -109837 389 489 1)
(56407 -23727.5 48008.5 82 182 1)
(56414 -86524.9 -138165 628 728 1)
(56423 43.2901 54253.9 129 229 1)
(56430 -106521 -62450.8 40 140 3)
(56472 -49241 -30342.7 256 356 1)
(56489 -39157.3 102512 45 145 3)
(56494 102656 83558.4 170 270 1)
(56514 -115726 -72640.3 518 618 1)
(56521 -12023.2 10935.5 436 536 1)
(56534 84579.8 -49458.9 397 497 1)
(56537 43287.8 37062.6 144 244 1)
(56544 -310.795 113486 437 537 3)
(56553 35338.9 -133045 348 448 0)
(56558 -28166.1 -80545.4 255 355 0)
(56564 -32186.3 -44505.6 617 717 1)
(56571 39267 -61492.4 210 310 1)
(56582 42341.6 -15341.2 475 575 1)
(56593 -46217.8 -10191.2 202 302 1)
(56596 -35184.4 35080 412 512 1)
(56599 59342.4 116678 538 638 0)
(56605 -27004.4 -47508.9 156 256 1)
(56611 -32149.9 62275.5 364 464 1)
(56616 -20019.4 6842.99 511 611 1)
(56617 -116646 -85658.5 292 392 3)
(56618 -22993.2 -89696.6 139 239 1)
(56625 27212.2 78337.9 156 256 1)
(56628 23210.1 -29348 452 552 3)
(56629 14134.2 20939.2 490 590 3)
(56635 110008 91422.9 609 709 3)
(56636 15093.8 -87689.4 258 358 3)
(56640 69653 -64603.9 98 198 1)
(56652 -14055.4 -118038 237 337 1)
(56660 30312.5 -50487 168 268 1)
(56664 12157.4 -80583.9 247 347 1)
(56670 -121552 -30323.2 4 104 0)
(56676 -114727 -108735 399 499 1)
(56681 63529.5 -67596.8 569 669 0)
(56685 46328.3 59241.2 111 211 1)
(56691 -13084.4 110415 288 388 1)
(56697 -91451.8 57404.3 258 358 1)
(56700 -39111 67307.8 139 239 1)
(56703 39328.6 33091.8 262 362 0)
(56709 12122.2 -83574.2 73 173 1)
(56716 11115.5 -34524.8 474 574 1)
(56723 -69341.9 110605 460 560 3)
(56726 -31258.8 -53447 235 335 0)
(56727 34294.8 56240.7 359 459 1)
(56738 -71352.2 129564 3 103 3)
(56750 -59323.3 -85493.8 174 274 3)
(56756 14131.4 -16249.4 459 559 0)
(56758 97643.6 -72558.9 234 334 1)
(56762 100715 -66555.5 382 482 1)
(56775 61519.6 -102852 582 682 0)
(56776 -40021.9 -138307 352 452 1)
(56777 96732.8 140889 298 398 1)
(56781 -70174.2 4923.97 60 160 3)
(56786 -46223.9 -83526.9 55 155 0)
(56795 -22146.5 65303.3 50 150 1)
(56797 113234 125405 295 395 3)
(56800 20224.5 65358.1 362 462 1)
(56801 98789.6 -44529.9 341 441 1)
(56806 -38102.6 54198.4 90 190 1)
(56811 76549.4 43176.8 422 522 0)
(56822 34205 -104631 77 177 1)
(56834 99770.3 -92828.8 561 661 3)
(56838 -1979.07 -94698.9 210 310 1)
(56856 -81515.6 -77701 533 633 1)
(56857 -43248.3 13039.7 25 125 1)
(56862 11110.2 -23369.6 513 613 3)
(56869 -17044.4 -79559.1 78 178 1)
(56871 -29073.9 -110687 94 194 1)
(56874 -90646.1 -31331 79 179 1)
(56877 20205.4 112741 494 594 1)
(56878 -34131.4 -45358.2 44 144 1)
(56888 29488.2 -69265.2 4 104 0)
(56889 -10925.8 -37360.3 474 574 1)
(56893 -82223.7 122800 525 625 0)
(56897 -25105 -81558.5 411 511 0)
(56909 41556.2 -6272.92 51 151 1)
(56924 -30329.8 -53631.6 596 696 3)
(56930 -15969.9 104477 228 328 1)
(56934 -92593.5 -38466 629 729 1)
(56935 27233.8 -107777 267 367 1)
(56936 -79789.7 -50585 307 407 1)
(56943 36316.3 46154.2 20 120 0)
(56945 56374.5 101411 53 153 1)
(56956 32222.4 -111711 8 108 0)
(56964 -7980.37 -12309.8 81 181 1)
(56965 -99396.2 2973.07 324 424 1)
(56984 -38188.3 -35381.3 410 510 3)
(56988 -14019.4 84356.6 61 161 3)
(56994 -38172.7 -127971 370 470 1)
(56997 40339 64268.7 515 615 1)
