(29012 -23095.4 109582 424 524 1)
(29033 -66379.1 -18359.7 148 248 1)
(29036 -35165.9 -63309.2 168 268 0)
(29045 -3994.55 8951.98 86 186 0)
(29054 21257.1 -3188.51 514 614 0)
(29059 54384.6 -53439.5 119 219 0)
(29063 -105661 -62599.3 375 475 3)
(29064 -84426.9 -46392.2 204 304 3)
(29073 40285 65167.5 46 146 3)
(29085 -117555 -74519.8 88 188 1)
(29095 42359.2 -130899 254 354 1)
(29101 -53245.8 -65483.9 105 205 1)
(29107 -76417.3 89419.5 335 435 1)
(29110 -59312.3 -92491.8 50 150 1)
(29111 -123784 -78747.1 619 719 3)
(29112 -120709 37078.5 336 436 3)
(29129 110815 144838 502 602 1)
(29134 29204.2 -139851 271 371 1)
(29140 -96638.1 -80730.9 606 706 1)
(29143 -84525.3 -36367.6 578 678 0)
(29174 -29094.2 49169.1 77 177 1)
(29182 -29413.3 -4891.67 241 341 3)
(29193 -99623.1 140875 604 704 1)
(29205 108718 -95887.2 546 646 3)
(29207 16152.6 -129811 69 169 1)
(29219 -18048.3 125581 214 314 3)
(29239 -112126 65074.2 14 114 0)
(29241 -91554.2 86443.7 277 377 1)
(29261 -27120.8 87338.2 3 103 1)
(29273 -67267.8 85393.9 92 192 1)
(29279 100633 -73583.7 238 338 1)
(29281 -84565.2 143806 313 413 0)
(29285 -5059.78 -86719 562 662 1)
(29286 -73275.7 -110.062 47 147 0)
(29287 72620.7 -73655.7 578 678 3)
(29293 102742 -33406 323 423 3)
(29295 -69589.3 20081.3 450 550 3)
(29312 -115562 -54633.5 96 196 3)
(29317 57384.4 7913.62 91 191 1)
(29322 39298.3 -78515.7 6 106 0)
(29324 118485 134029 323 423 1)
(29327 -100460 -93617.4 46 146 1)
(29338 -56318.9 46189.7 263 363 3)
(29347 17948.1 -120273 445 545 0)
(29353 -30032.5 -96727.8 436 536 1)
(29354 -74419.1 58376 623 723 0)
(29361 44405.3 -65545.7 519 619 0)
(29362 -120674 90410.8 51 151 1)
(29367 62464.8 -43358.9 389 489 1)
(29370 -19003 -57490.8 344 444 3)
(29372 -103609 903.643 496 596 1)
(29378 -57287.3 -111792 248 348 1)
(29380 67386.9 -68485.2 92 192 1)
(29381 50.9662 74364.6 380 480 3)
(29383 -106827 -30454.3 602 702 3)
(29386 35404.8 50150 296 396 1)
(29388 -14986.2 -110820 303 403 3)
(29390 -107439 -18232 121 221 0)
(29391 -96481 -120885 431 531 1)
(29401 71529.8 -76605.1 268 368 0)
(29411 -65464.3 -34483 440 540 0)
(29417 59399.9 -109770 7 107 0)
(29419 40426.6 -82440.5 403 503 1)
(29425 -105712 2876.81 485 585 1)
(29426 -123882 -136128 319 419 3)
(29428 -59273 25082.3 249 349 1)
(29437 72460.6 -5130.62 570 670 3)
(29443 123906 89475.2 458 558 3)
(29447 -71345.8 116518 40 140 0)
(29450 -41274 -95628.3 257 357 1)
(29452 21443.2 101443 376 476 1)
(29462 -85536.8 86399.9 588 688 1)
(29468 -90457.9 78412 172 272 1)
(29481 27219 -85740.1 523 623 1)
(29483 -29141.6 111621 453 553 1)
(29484 94712.6 -62449.2 368 468 1)
(29486 22162.7 -97619.5 232 332 1)
(29499 93854.9 -84645.6 593 693 1)
(29503 -2031.2 114545 11 111 3)
(29505 35258.2 -128902 163 263 3)
(29508 4023.09 120677 510 610 1)
(29514 -27093.3 -13256.2 38 138 1)
(29517 -14992.7 -11172.2 395 495 1)
(29531 98688.5 -58510.7 408 508 3)
(29540 35299.3 -60458.7 398 498 3)
(29560 -9876.69 -83928.9 520 620 1)
(29566 -109573 108742 546 646 0)
(29576 4074.8 -118890 194 294 1)
(29590 -51838.6 60023 319 419 1)
(29592 68461.8 100570 547 647 1)
(29605 -91595 -76597.6 124 224 1)
(29608 -49235.1 -14224.1 234 334 1)
(29617 -3989.44 -149078 356 456 3)
(29620 -58264.3 130629 85 185 1)
(29621 -84387.4 9936.41 108 208 1)
(29629 -9008.81 -21260.1 385 485 3)
(29647 -76446.4 107522 107 207 0)
(29653 23113 15973.3 114 214 1)
(29657 15109.8 -78509.4 243 343 0)
(29660 -78607.2 5805.32 302 402 0)
(29664 -104678 -99725.1 297 397 0)
(29667 -72432.5 -31605.8 343 443 3)
(29670 77476.8 -70511.1 82 182 1)
(29677 105590 -133.02 128 228 0)
(29678 -93531.7 -40408.2 291 391 0)
(29682 -68276 -94650.1 91 191 3)
(29687 86645.5 57351.2 103 203 1)
(29695 43447.8 -79591.1 430 530 0)
(29698 78579.6 851.151 450 550 0)
(29701 -72365.9 121609 32 132 1)
(29703 26216.3 -12210.6 325 425 3)
(29704 -67437.2 10946.4 441 541 1)
(29706 113815 -93804.8 225 325 1)
(29707 17129.7 33900 246 346 1)
(29710 -58276.5 121576 82 182 0)
(29716 36386 -63500.6 451 551 1)
(29717 -34123 -116915 277 377 0)
(29719 -108862 -38370.4 595 695 3)
(29725 -116648 -1180.63 161 261 0)
(29728 -91430.7 -21283.7 99 199 1)
(29730 -7849.81 24067 232 332 1)
(29740 -17067.2 6921.78 415 515 1)
(29750 5094.61 59275 484 584 0)
(29751 2876.63 -47692.2 19 119 3)
(29755 -41179.2 -100652 52 152 3)
(29760 74550.9 -60443.9 77 177 1)
(29763 -37112.4 -28299.7 103 203 1)
(29767 25242.7 -112927 561 661 1)
(29770 82537.4 137703 272 372 1)
(29776 -32123.8 -12025.6 221 321 0)
(29783 -1940.16 60207.8 429 529 0)
(29784 62320.6 53387.9 483 583 0)
(29791 -73430.3 29223.1 203 303 0)
(29794 -50259.3 -132055 525 625 1)
(29798 -63314.5 78374.6 533 633 1)
(29806 75560.4 -149241 584 684 1)
(29822 58476.2 122701 514 614 3)
(29823 55390.1 -11152.6 80 180 1)
(29835 -51220.4 -119753 16 116 1)
(29836 -71447.6 -114869 416 516 0)
(29839 -19049.2 95546.4 379 479 3)
(29868 -111681 997.859 136 236 1)
(29876 79709.7 -35341.4 529 629 3)
(29878 -24066.1 31080.9 456 556 1)
(29888 -99480.7 -65473.4 246 346 1)
(29898 -61311.2 -133967 297 397 1)
(29929 -80120.9 128687 237 337 1)
(29934 -124673 -111765 282 382 1)
(29941 -1934.72 -130783 1 93 1)
(29943 2089.27 -70595.3 412 512 1)
(29946 -28977.4 120828 225 325 3)
(29951 31286.2 -72552.4 64 164 1)
(29958 111864 -81649.5 568 668 0)
(29962 -66359.8 65280.5 432 532 3)
(29966 -53242 92613.4 6 106 1)
(29972 -94467.6 34104.1 247 347 1)
(29974 98798.1 84486 491 591 1)
(29979 -9990.69 68324.5 567 667 3)
(29983 -55458.5 11922.3 626 726 1)
