(35009 -46422.1 51281 264 364 1)
(35010 25084.6 -141032 400 500 1)
(35033 -121610 -96675.9 156 256 1)
(35034 86548.2 84299 205 305 1)
(35036 -52338.9 5835.61 527 627 1)
(35045 -41431.4 14929.3 563 663 0)
(35053 60467.8 73259.3 563 663 1)
(35054 -49271.6 -26308.3 471 571 3)
(35058 50278.1 102473 115 215 1)
(35060 -12050.8 -43403.1 448 548 1)
(35061 118829 51222.6 496 596 0)
(35067 1090.69 -64558.5 237 337 1)
(35084 -65376.5 -110987 518 618 1)
(35085 84550.6 -78544 89 189 3)
(35087 82619 11037.5 536 636 1)
(35093 111853 -112922 432 532 1)
(35104 -76404.3 -42366.5 95 195 1)
(35111 122984 -38402.6 568 668 1)
(35118 55454.6 112747 434 534 1)
(35120 80611.7 -119872 272 372 3)
(35124 -88469.1 -83701.6 522 622 1)
(35126 97647.4 -38325.2 229 329 0)
(35134 -99615.1 107456 208 308 1)
(35138 -3935.26 -42429.4 573 673 1)
(35143 52337.8 -23245.8 37 137 1)
(35148 -17047.7 -52440.7 214 314 1)
(35156 -67361.2 -51437.6 226 326 1)
(35180 -80407.1 -62608.6 148 248 1)
(35182 2144.17 100551 312 412 3)
(35201 -121743 -147961 249 349 1)
(35212 99545.3 45150.4 420 520 0)
(35213 -70484.9 -55413.1 293 393 3)
(35214 66437.7 -2150.8 195 295 1)
(35216 -31155.1 -50548.1 482 582 1)
(35225 -96795.7 -4221.2 549 649 0)
(35230 -16894.8 80408.7 497 597 3)
(35235 -51326.6 -119626 344 444 3)
(35242 -29146.8 -11197.7 413 513 1)
(35248 -72351.2 -55375.2 47 147 1)
(35253 -39169.6 -23269.7 281 381 1)
(35254 79582.3 -51427.4 407 507 3)
(35262 -99190.5 -83705.3 107 207 3)
(35263 -34178.4 -4212.32 593 693 3)
(35265 -75408.8 -96880.3 61 161 3)
(35266 34256.1 -107852 362 462 3)
(35276 41303.2 -34485.4 124 224 1)
(35284 -57360 -91655.9 508 608 0)
(35285 13992.4 -109679 94 194 1)
(35288 75836.4 52246.9 197 297 1)
(35306 -114742 53195.2 585 685 1)
(35308 14133.1 -3136.25 184 284 1)
(35312 90594.6 -50447.6 194 294 1)
(35318 44179 29087.6 251 351 0)
(35338 -84476.9 -97732.7 337 437 1)
(35340 106552 -31442.3 149 249 1)
(35342 -47270.8 -85723.9 540 640 1)
(35346 -104522 140618 35 135 1)
(35347 121955 90269.9 317 417 1)
(35356 -119717 -75677.5 445 545 1)
(35359 -52241.9 121614 301 401 1)
(35373 -102494 -20372.8 375 475 1)
(35374 -312.486 26940.5 230 330 1)
(35390 -114709 -16249.8 480 580 1)
(35394 85624.9 -106850 349 449 1)
(35406 -120699 -99764.9 308 408 1)
(35408 -121722 -23243.3 361 461 3)
(35416 -96469.2 87328.3 140 240 1)
(35418 -54204 143887 603 703 1)
(35420 -31161.5 46195.7 157 257 0)
(35421 -11999.1 -84692.2 555 655 1)
(35422 39320.8 -93612.9 432 532 1)
(35432 -79459.8 -117783 266 366 1)
(35433 118725 112610 216 316 3)
(35441 -63563.5 -90842.7 442 542 1)
(35446 -16060.8 50360.7 628 728 1)
(35465 32354.5 57110.6 289 389 3)
(35467 -82492.4 63315.9 463 563 3)
(35476 -93532.8 -94950.5 601 701 1)
(35483 -27078.1 110564 309 409 3)
(35486 -50475.4 -4155.55 424 524 3)
(35490 -64423.3 -48535.6 548 648 1)
(35493 -19027.9 -53282.3 66 166 1)
(35496 -64377.2 65305 517 617 -1)
(35506 13100.4 -45359.3 588 688 1)
(35509 99773.2 49391.8 491 591 1)
(35510 -42238.9 -128096 625 725 1)
(35512 -9241.67 -13186.6 150 250 3)
(35513 -23092.8 69238 115 215 1)
(35517 -123702 -84679 305 405 1)
(35525 16217.4 -122804 196 296 1)
(35533 14245.9 -1029.64 550 650 3)
(35539 111829 -10165.6 542 642 0)
(35541 -99510.4 -100690 80 180 1)
(35542 45375.5 121698 489 589 1)
(35543 18167.6 -42366.2 10 110 1)
(35552 -33132.1 57230 133 233 3)
(35559 -118748 -110927 570 670 1)
(35565 114270 -82533.6 31 131 1)
(35568 -98538.8 -82672.4 364 464 3)
(35573 -53296.5 13920 539 639 1)
(35580 45383.3 -102689 471 571 0)
(35586 -54330.5 62361.9 247 347 3)
(35597 80633.6 29059.4 528 628 1)
(35604 23226.8 -25219.1 396 496 1)
(35609 102772 39082.3 419 519 0)
(35611 -30124.1 -128892 221 321 1)
(35613 -98597.2 26966 277 377 1)
(35615 -124648 -101503 9 109 1)
(35617 -18065.5 -18262.5 500 600 1)
(35628 16284.8 -7200.67 416 516 1)
(35636 -67302.5 60214.8 23 123 1)
(35640 -11964.1 -83534 1 100 1)
(35641 86682.3 15955.2 612 712 3)
(35643 -66324.4 123555 102 202 1)
(35644 -33147.6 58226.6 177 277 1)
(35647 -18052.4 -121780 79 179 1)
(35648 -40121.9 -36366.2 355 455 1)
(35652 25232 -37373 616 716 3)
(35653 -7982.95 19987.3 281 381 0)
(35659 23136.8 96517 87 187 3)
(35662 23265 4954.14 269 369 3)
(35671 -27137.8 102492 585 685 1)
(35672 -91.4367 -19342.4 255 355 0)
(35680 -59326.5 -6147.84 107 207 1)
(35690 49409.6 -14305 106 206 1)
(35693 -47307.5 -120752 14 114 1)
(35699 71555.8 120709 518 618 1)
(35700 3104.15 -130988 420 520 3)
(35703 36361 -80611 548 648 1)
(35713 -9995.86 106511 28 128 1)
(35717 -873.423 -95852.4 538 638 1)
(35719 -94018.1 -72536.7 288 388 3)
(35722 -97528.1 -131919 192 292 3)
(35727 -44369.3 -11033.9 262 362 0)
(35736 -3149.6 31890.2 98 198 1)
(35738 109605 -44410.7 76 176 3)
(35748 71524.2 62334 443 543 3)
(35750 17156.8 60218.8 33 133 1)
(35752 121742 -71495.5 108 208 1)
(35753 -9013.26 -13232.7 439 539 1)
(35757 -30252.3 42380.2 608 708 1)
(35766 21156.9 12890.1 414 514 3)
(35767 38185.3 -73426.9 237 337 1)
(35768 108954 3470.27 15 115 1)
(35772 -99647.6 23036.3 357 457 0)
(35780 -124803 -104823 360 460 3)
(35785 -92368.1 23946.1 6 106 1)
(35786 -30150.1 -19205.7 507 607 1)
(35792 43044.5 -103812 515 615 3)
(35793 21138.7 -100675 115 215 3)
(35796 37416.7 108689 578 678 1)
(35802 87727.1 -118954 486 586 3)
(35808 -60362.3 119688 397 497 3)
(35813 -51264.9 7926.18 444 544 1)
(35827 -6963.51 107518 107 207 1)
(35828 66471.9 -9293.96 293 393 1)
(35830 78594.6 -108865 424 524 1)
(35840 119895 -87775.2 565 665 1)
(35848 72492.2 -66620 573 673 1)
(35871 53577.7 -87581.7 611 711 1)
(35875 5077.86 28001.7 213 313 3)
(35876 -109519 2891.03 106 206 3)
(35878 -26986.5 -2143.44 489 589 3)
(35889 118810 11960.5 354 454 1)
(35891 -34201.6 -81393.4 256 356 3)
(35895 -72446.3 -35391.4 522 622 1)
(35899 19130.9 -44455.4 525 625 1)
(35902 34439.3 -14178.7 229 329 1)
(35909 60404.2 -88711.6 126 226 1)
(35913 -87509.3 -28307.9 400 500 3)
(35915 78748 68421.3 74 174 3)
(35918 -58380.3 -117983 626 726 3)
(35932 -88472.6 101487 181 281 1)
(35947 30141.6 106385 54 154 1)
(35951 74587.7 -98803.1 504 604 3)
(35964 -30507.5 125679 110 210 1)
(35967 -28115.9 -18262.4 495 595 1)
(35968 69497.2 -85685.1 233 333 1)
(35982 -22198.9 -41384.1 528 628 3)
(35984 -53274.7 -73620 602 702 1)
