(113001 119816 -1202.21 238 338 0)
(113003 79724 89677.3 494 594 1)
(113010 14009 96453.6 383 483 1)
(113012 -99600.1 -106749 289 389 0)
(113016 65761.4 -71742 599 699 0)
(113022 -61301.8 -146926 242 342 1)
(113026 -72396.8 -100788 382 482 1)
(113035 -92530.9 -87698.3 333 433 3)
(113038 -10933.2 92523.9 619 719 1)
(113039 55406.9 -104798 111 211 0)
(113041 -107603 -145011 268 368 0)
(113043 -20044.2 123601 161 261 1)
(113052 -15033.9 -3178.56 464 564 3)
(113053 121718 -38323.6 47 147 1)
(113054 86704.1 -27330 559 659 1)
(113059 103529 137727 284 384 1)
(113069 -67228.9 -3613.43 600 700 1)
(113074 -25091.5 67333.6 492 592 1)
(113077 21254.1 -142132 461 561 3)
(113087 -100297 108355 77 177 1)
(113088 -79323.6 -108726 99 199 0)
(113092 -52295.5 -43294.3 10 110 1)
(113098 -30119.5 -2137.61 304 404 1)
(113101 -1958.93 55194.7 584 684 3)
(113108 -63283.6 55099 221 321 1)
(113112 -43316.7 -148191 378 478 3)
(113113 -54267.3 120664 111 211 1)
(113114 -84699.2 -27436.1 590 690 0)
(113126 105666 -20244.9 148 248 1)
(113132 -19999.4 27989.7 121 221 3)
(113135 25742.7 -102579 119 219 1)
(113148 -86088.3 25858.9 40 140 0)
(113150 42540.4 -143322 620 720 3)
(113155 -73420.3 -110876 476 576 3)
(113162 -104559 -12130.5 433 533 1)
(113177 -121685 -97738.3 278 378 0)
(113178 18206.8 -66630.9 615 715 3)
(113180 -11211.8 25054.7 257 357 1)
(113192 58372.8 44095.6 167 267 1)
(113202 15156.6 104520 241 341 1)
(113203 2169.43 56048.5 225 325 3)
(113208 111840 116670 534 634 1)
(113210 -65429.3 -34420.6 518 618 3)
(113221 95055.2 78101 89 189 0)
(113224 69450.8 61202.3 273 373 1)
(113231 80546.1 -59449 194 294 1)
(113235 67553.1 15856.6 447 547 1)
(113240 81504.9 109507 14 114 3)
(113241 55498.3 -41363.6 324 424 0)
(113243 110584 134588 252 352 1)
(113248 99748.5 -109874 473 573 1)
(113249 123509 -141709 1 97 1)
(113251 38476.9 39944.1 562 662 1)
(113257 19190.1 77285.1 14 114 3)
(113264 -95550 97491.1 375 475 3)
(113279 -34125.8 -34308.6 119 219 1)
(113280 40268.3 -50425.4 229 329 1)
(113281 67547.9 -42461.1 617 717 1)
(113284 67553.3 -57316.9 79 179 1)
(113292 -85536.2 65368.5 388 488 0)
(113297 -77401.4 74255.1 110 210 1)
(113302 -29106.5 -3325.36 61 161 0)
(113309 -84584.9 -76688.6 467 567 1)
(113315 -91577.1 -141096 513 613 1)
(113318 82820.5 92289 607 707 1)
(113321 101713 28043 282 382 1)
(113329 48390.2 -133146 599 699 0)
(113330 81630.3 -63522 539 639 1)
(113335 37196.1 14070.9 429 529 1)
(113336 -112859 -84767.4 358 458 1)
(113345 -120602 109463 6 106 3)
(113348 15948.6 -111945 431 531 1)
(113351 -70371.6 83398.2 238 338 1)
(113358 56437.2 33956.6 223 323 3)
(113361 -124834 50109.5 450 550 3)
(113370 -87453.2 42129.9 97 197 3)
(113379 -22083.5 -14218.8 281 381 3)
(113382 8143.56 83416 528 628 1)
(113383 -90445.5 105512 42 142 1)
(113385 3130.24 65290.9 299 399 1)
(113387 -52307 8912.34 463 563 1)
(113388 2048.45 -130085 530 630 3)
(113393 49278 -16135.1 64 164 1)
(113397 -101613 -14220.2 406 506 1)
(113400 -49246 -45522.8 418 518 1)
(113404 -15013.5 -91631.3 75 175 3)
(113416 60360.4 70273.7 1 94 1)
(113418 49319.9 -90637.6 176 276 1)
(113422 -37160.4 -51385.8 51 151 1)
(113423 -100451 -110865 434 534 1)
(113427 -98551.3 -111800 253 353 3)
(113435 64360.3 -107928 459 559 1)
(113442 106512 -15292.7 169 269 1)
(113444 6024.31 -62512 507 607 1)
(113448 -119653 -13204.1 237 337 3)
(113459 -19066 -51476.1 457 557 3)
(113461 2078.89 -58416.6 32 132 3)
(113472 -76318.9 -5132.34 159 259 1)
(113473 -38823.4 -96504.2 552 652 1)
(113474 -68416.5 -84759.7 613 713 1)
(113480 48507.3 1787.64 265 365 1)
(113491 -29090.5 -79047.5 435 535 3)
(113492 -6989.99 137815 570 670 3)
(113493 62533 -143920 165 265 1)
(113498 10199.1 34126.8 459 559 1)
(113501 37247.6 -32351.3 186 286 1)
(113507 26110 7882.11 70 170 0)
(113508 -87465.2 -60476.6 177 277 1)
(113514 -117888 70534.8 411 511 1)
(113528 26114.7 36920.3 267 367 1)
(113536 42436 -73688.5 458 558 3)
(113540 23201 117501 196 296 3)
(113547 -121759 124701 532 632 0)
(113558 112767 107552 329 429 1)
(113562 106730 -20263.4 59 159 1)
(113578 29354.6 132790 548 648 1)
(113582 -120729 92625.7 621 721 1)
(113590 66486.1 -85792.1 524 624 0)
(113593 -97459.6 -27230.2 38 138 3)
(113600 11191.2 -73555.1 540 640 1)
(113605 21472.3 -32695.8 582 682 0)
(113616 -44926.6 33013.3 303 403 3)
(113621 65468.8 63332 229 329 1)
(113624 63414.9 -5161.28 66 166 1)
(113627 52367.4 -78560.8 142 242 1)
(113629 -10981.6 134711 386 486 0)
(113633 24316.3 -3192.62 560 660 0)
(113636 -111791 -140065 599 699 1)
(113638 81506.8 54152.7 126 226 3)
(113639 101748 17009.8 622 722 3)
(113651 19189.9 -140035 384 484 0)
(113653 16201.2 -136892 146 246 1)
(113668 -79326.4 78557.5 9 109 1)
(113669 47410.7 98609.8 181 281 3)
(113673 -4960.94 -39292.9 2 102 1)
(113674 40434.5 65356.2 103 203 1)
(113695 -87588.9 -111956 436 536 1)
(113699 85563.1 20980.1 315 415 1)
(113707 -119623 -27311.9 149 249 1)
(113710 112824 114558 546 646 0)
(113730 51444.7 122635 243 343 1)
(113734 -50547.8 -81704.9 498 598 1)
(113738 32211.6 109599 265 365 3)
(113749 53256.4 -74515.5 2 102 1)
(113750 -78496.6 -11232.6 614 714 3)
(113758 16146.7 107613 229 329 1)
(113759 -3974.43 -35309.5 67 167 1)
(113766 -929.427 -40407.3 193 293 1)
(113773 -69428.4 -101846 504 604 1)
(113774 -58233.7 -34366.1 242 342 1)
(113779 45322.2 -144955 168 268 1)
(113782 33121.7 -81654.2 351 451 0)
(113791 1076.99 -9204.77 578 678 1)
(113794 33264.9 -40373.4 269 369 0)
(113795 6224.16 -86773.7 420 520 0)
(113801 -98666.1 -42424.6 627 727 1)
(113807 -53244.7 13925.5 125 225 0)
(113813 57396.5 -7260.06 119 219 1)
(113815 119751 109317 56 156 1)
(113818 -48315.7 112718 233 333 3)
(113820 -35956.2 -25369.5 336 436 0)
(113829 15103.6 -97631 10 110 1)
(113833 -105680 -106877 551 651 1)
(113840 -74350.8 123684 303 403 1)
(113841 -9016.94 141919 601 701 1)
(113842 -3967.56 -79678.7 491 591 3)
(113846 47425.8 -70622.1 561 661 1)
(113848 -36151.3 -92717.7 404 504 3)
(113858 -47203.2 -43409.1 313 413 3)
(113862 -115660 -87721.3 597 697 1)
(113872 106784 149889 509 609 1)
(113887 -38188.3 108634 335 435 1)
(113889 78538.9 -24457.2 527 627 1)
(113890 -83571.2 -105906 480 580 3)
(113899 67477.1 46244.3 17 117 3)
(113901 -14052.1 54212.7 293 393 1)
(113905 8901.92 -131760 129 229 3)
(113909 42485 -96854.1 527 627 3)
(113911 51398.4 99449 25 125 0)
(113914 -1018.4 49259 583 683 1)
(113922 -69317.7 -57399 9 109 0)
(113930 61452.6 43155.2 25 125 1)
(113939 -35144.7 -47417 338 438 1)
(113945 6181.12 -123787 623 723 1)
(113951 18187.9 34116 576 676 1)
(113963 -100561 -7148.9 305 405 1)
(113972 -37217.5 -50336.7 189 289 1)
(113975 -32180.7 -25216.4 487 587 1)
(113987 -49248.9 21993.4 1 93 1)
(113989 42361.5 -130999 328 428 1)
