(9001 -55809.6 -106360 363 463 1)
(9013 103682 105528 286 386 1)
(9014 34890.1 8642.14 548 648 3)
(9020 -93433.1 -135937 220 320 1)
(9021 -62412.6 -96913.2 598 698 0)
(9024 -10079.6 125518 169 269 1)
(9035 59483.9 -73672.3 208 308 1)
(9037 85499.9 -13211.6 239 339 3)
(9042 12182.5 -147889 26 126 1)
(9046 20046.2 31107.8 193 293 1)
(9048 83599.6 -19246.3 499 599 3)
(9050 -45211.4 50194.2 354 454 1)
(9055 -77317.6 -10168.5 246 346 1)
(9067 -19042.5 -29317.8 550 650 3)
(9073 -49218.7 93401.9 46 146 3)
(9079 -107681 34037.2 432 532 1)
(9096 -30139.7 -77658.6 459 559 1)
(9098 100637 -39376.9 218 318 1)
(9112 17563.9 -113979 92 192 1)
(9124 -89295.7 -75266 134 234 0)
(9133 3096.55 -39439.9 415 515 0)
(9145 90676.2 -21250.5 489 589 1)
(9148 70380.6 -126821 87 187 0)
(9154 8085.69 28087.5 457 557 3)
(9155 76532 -28480.1 276 376 0)
(9156 -63383.2 -136036 411 511 0)
(9161 -41161.8 -147092 324 424 3)
(9162 -30105.8 -29280.3 111 211 1)
(9163 -74470.9 91577.1 196 296 0)
(9176 33091 -65489.8 200 300 0)
(9181 5137.46 32051.7 251 351 3)
(9189 -22057.7 -38332 177 277 1)
(9190 116748 -125884 249 349 3)
(9193 37225.7 -36375.1 627 727 3)
(9198 110659 -63456.3 52 152 1)
(9200 -108726 -30212.3 382 482 3)
(9210 38241.8 -47405.2 221 321 1)
(9213 -45090.4 47278.3 430 530 3)
(9220 67447.3 62229.4 150 250 1)
(9224 -51298.7 -51546.2 488 588 -1)
(9227 84676.9 34102.3 629 729 1)
(9232 -16044.1 -109873 461 561 3)
(9240 -2884.96 -104849 461 561 3)
(9244 33248.6 48196.6 63 163 3)
(9255 -25245.7 -13146.9 250 350 1)
(9270 -5965.7 -116966 512 612 1)
(9278 13077.5 -85765.7 452 552 1)
(9288 -70341 -40338.2 252 352 1)
(9292 -49463.7 25238.2 252 352 1)
(9296 -50268 -3096.94 228 328 1)
(9306 -28974.5 -140810 172 272 0)
(9309 -71488.5 -117162 465 565 1)
(9321 -79480.9 -121967 497 597 1)
(9325 59411.1 -26312.5 445 545 3)
(9332 -16059.2 -42466.7 398 498 1)
(9333 87574.5 -48344.9 67 167 1)
(9350 48353.7 -82629 161 261 1)
(9361 -116727 -120085 629 729 0)
(9370 -81423.9 19972.3 192 292 1)
(9371 27242.9 -144061 283 383 1)
(9382 15186.1 -85738.4 533 633 1)
(9401 29311.4 -114058 569 669 3)
(9403 12146.2 -124017 625 725 1)
(9412 -45211 71387.2 473 573 1)
(9414 10086.9 12975.3 353 453 3)
(9415 93604.6 -22246.6 290 390 3)
(9420 -91445.5 140727 288 388 0)
(9422 -52373.9 66204.6 175 275 3)
(9424 40351.8 -88781.4 604 704 3)
(9428 -72365.1 110435 213 313 1)
(9444 24182.6 46210.4 514 614 0)
(9445 84679.7 54214.7 567 667 3)
(9448 51441.7 84510.3 611 711 3)
(9453 111752 -43408.4 321 421 1)
(9456 -69530.3 -96723.3 327 427 0)
(9457 74759.2 91380.7 602 702 1)
(9459 -11082.2 127761 617 717 3)
(9462 85521.4 -38333.6 59 159 1)
(9463 115931 34062.7 304 404 1)
(9466 19198 -115660 40 140 1)
(9467 38289 28062.5 396 496 0)
(9477 -75646.8 -25215.4 486 586 1)
(9486 37443.5 -123957 404 504 0)
(9495 36336.6 9139.02 589 689 1)
(9496 54589.1 4930.14 621 721 0)
(9514 -111672 39113.7 439 539 1)
(9522 16134.2 -46401.5 146 246 1)
(9525 -61381.4 69489.4 149 249 1)
(9529 -115656 54191.1 239 339 1)
(9532 41300.7 41123.2 204 304 3)
(9533 27175.2 6879.97 240 340 1)
(9540 -73406.4 -63380.6 123 223 1)
(9545 -16050.2 -144022 257 357 1)
(9547 -85522.1 -148025 301 401 1)
(9549 45274.4 -109870 277 377 1)
(9555 -93531.9 120728 214 314 1)
(9556 -18029.7 -56461.8 75 175 0)
(9557 116892 37049.1 394 494 3)
(9558 -11994.9 -108696 1 95 3)
(9561 -12049.3 -32.9939 585 685 1)
(9568 -33099.8 -88830.4 177 277 1)
(9574 -85515.5 -43395.8 386 486 3)
(9580 76564.8 -63461.7 271 371 3)
(9588 92686.8 -108885 412 512 3)
(9590 113770 -12185.2 369 469 0)
(9593 -15322.9 -22382.9 110 210 3)
(9595 80706.1 115621 320 420 -1)
(9598 105769 -121036 620 720 1)
(9609 7107.13 -138863 1 99 3)
(9617 100710 -114865 339 439 1)
(9628 -11937.8 -7507.45 478 578 1)
(9635 68549.3 -96688.7 490 590 1)
(9643 -63406.4 821.138 449 549 1)
(9658 38436.4 -62580.1 313 413 1)
(9667 -83521.8 21989.7 532 632 3)
(9678 109751 -66450.9 153 253 1)
(9679 48246.4 19054.8 248 348 1)
(9686 29024 -51398.9 221 321 0)
(9688 33300.5 42182.6 408 508 1)
(9689 38069.7 -142456 531 631 3)
(9691 -59385 83471.7 558 658 3)
(9693 16154.8 6841.85 120 220 1)
(9696 -79391.4 -37443.1 452 552 3)
(9713 -92480.8 -72696.4 423 523 0)
(9725 -50177.4 83293.3 107 207 1)
(9726 -24101.2 89389.1 116 216 3)
(9728 -28100.8 -77593.5 204 304 3)
(9733 -48321 85525.1 532 632 1)
(9741 79764.4 79483.4 312 412 1)
(9742 -89495.1 -32321.2 280 380 1)
(9753 115799 -41534.4 282 382 3)
(9754 -124686 -118895 335 435 1)
(9764 -15051.5 -48399.6 57 157 1)
(9767 -6964.64 11018.3 229 329 1)
(9770 77514.1 -101724 186 286 3)
(9787 -118612 91392.9 122 222 1)
(9804 57462.3 -52485.3 274 374 1)
(9823 -49381.6 19952.1 580 680 1)
(9827 -123627 -6051.04 221 321 1)
(9828 48310.1 12969.2 348 448 1)
(9835 -96529.7 -68508.9 196 296 1)
(9837 38328 48730.9 124 224 0)
(9839 -97765.8 -138084 325 425 0)
(9842 -116636 -64513.3 18 118 1)
(9850 -120750 6885.62 409 509 1)
(9851 -31817.8 77598.3 114 214 3)
(9859 -5962.65 -142851 142 242 3)
(9867 -16004 129675 394 494 1)
(9870 46612.7 111194 620 720 3)
(9871 -114633 -61327.5 68 168 3)
(9874 -80606.9 -91930.7 359 459 1)
(9877 -119736 93463.5 440 540 0)
(9878 45433.6 -149317 554 654 0)
(9879 -3944.51 -126990 422 522 1)
(9880 93723.7 -33344.4 472 572 3)
(9885 -82459.4 -77624.9 391 491 3)
(9892 33291.1 -136055 449 549 3)
(9893 -56355.6 43112.1 429 529 1)
(9899 -58358.6 39237.8 176 276 1)
(9905 4095.7 -54404.3 151 251 1)
(9908 -45279.3 128773 602 702 1)
(9913 69414.2 -146995 131 231 0)
(9915 -49197.4 48177.6 61 161 1)
(9945 117656 9890.78 55 155 1)
(9960 23261 26051.2 43 143 3)
(9962 25321.8 -115829 12 112 1)
(9964 -106590 60250 227 327 0)
(9972 -38197.3 18004.7 170 270 1)
(9975 8069.56 34121 449 549 3)
(9976 -91535.3 -120046 513 613 1)
(9986 46408.9 122660 114 214 3)
(9988 -114635 15899.3 385 485 3)
(9991 -114673 -5204.99 402 502 1)
(9994 -952.536 -53371.4 8 108 1)
(9999 71586.5 -111859 486 586 0)
