(89004 -24157.7 61277.9 429 529 0)
(89005 -7932.45 137689 140 240 1)
(89017 78649.3 27063 221 321 0)
(89019 92636.2 79163.8 261 361 1)
(89020 41238.1 20072.7 492 592 1)
(89023 -7928.1 -146925 29 129 1)
(89028 -36117 37168.5 306 406 1)
(89041 -59378 33102.3 539 639 3)
(89045 83580.4 18969.7 289 389 3)
(89047 66474.7 -11431.9 581 681 1)
(89061 28161.3 -127066 623 723 1)
(89062 -62351.8 -112926 590 690 1)
(89066 88066.6 99515.6 320 420 1)
(89069 92657 -144206 619 719 1)
(89070 -39378.1 -55313.5 224 324 3)
(89081 18177.7 -143042 352 452 1)
(89087 -17037.8 -120895 243 343 1)
(89090 17174.6 -88640.3 168 268 1)
(89101 115825 -3126.5 262 362 0)
(89107 118697 -120859 131 231 1)
(89108 21130.9 -60490.7 18 118 0)
(89115 -96438 43301.9 189 289 1)
(89123 120700 64227.2 15 115 1)
(89126 35250.5 70293.5 81 181 0)
(89129 -70391.6 -49435.3 392 492 1)
(89143 77508.9 -122850 139 239 0)
(89146 -23022.1 61268.2 355 455 0)
(89147 15135.3 -130230 471 571 1)
(89171 105687 97448.8 171 271 1)
(89178 -80454.2 121515 108 208 1)
(89181 -75433 -57516.9 371 471 1)
(89192 28262.8 -141117 395 495 3)
(89193 87571 25052.2 84 184 3)
(89194 -46257.7 -47442.8 106 206 1)
(89195 -18979.3 132630 139 239 3)
(89208 -63372.7 9930.4 520 620 3)
(89213 20228.1 107589 377 477 1)
(89225 59342 -129879 53 153 3)
(89231 -22080.3 -22270.5 309 409 1)
(89234 122144 70032.1 422 522 1)
(89240 29914.3 22953 324 424 1)
(89247 17549.8 50241.5 24 124 1)
(89250 114929 -17281.5 413 513 0)
(89254 106731 125648 309 409 0)
(89256 -76357.9 41085.2 489 589 1)
(89258 -107656 -7270.9 607 707 1)
(89266 -71303.4 -26165.7 481 581 3)
(89268 -37130.3 -82664.6 134 234 3)
(89270 -69273.8 121579 202 302 1)
(89271 -1939.77 105700 411 511 0)
(89278 45505.7 95567.2 348 448 1)
(89280 -53124.5 -53634.4 15 115 0)
(89286 -122775 -95761.1 303 403 3)
(89288 44304.5 -105753 156 256 1)
(89303 66426.8 16967 136 236 1)
(89315 -118526 136624 1 96 3)
(89320 -90516.5 96497.2 159 259 3)
(89322 37249 64245.8 14 114 1)
(89333 -32191.8 -6336.42 178 278 0)
(89340 1091.98 6913.21 323 423 1)
(89342 103875 109541 500 600 0)
(89344 -112659 -85653.8 326 426 3)
(89348 -20070.7 3876.89 353 453 1)
(89351 -50304.7 -130764 6 106 1)
(89352 -90327.7 -44530 355 455 0)
(89355 13146.1 79421.1 64 164 1)
(89359 -48963.1 -100779 393 493 1)
(89360 -37194 14941.6 603 703 1)
(89361 -42229.2 99611.2 296 396 1)
(89362 97757.2 -121978 533 633 0)
(89365 9107.54 -12178.5 1 99 3)
(89369 40383.3 26058.7 624 724 0)
(89370 -13985.9 -129842 133 233 3)
(89371 -31223 -13339.8 316 416 1)
(89381 -63283.4 -129894 93 193 1)
(89387 -55321.1 -149120 618 718 1)
(89392 44395.8 37128.6 394 494 0)
(89402 15821.8 -136713 231 331 0)
(89403 12313.7 -99738.9 233 333 0)
(89411 -89528.2 -97794.1 430 530 1)
(89412 40399.7 -139306 534 634 1)
(89416 -4028.89 -130936 260 360 1)
(89421 -118688 -17260.4 334 434 1)
(89423 77273.4 -26704.8 293 393 1)
(89426 40228.5 -43388.9 21 121 3)
(89443 33136.4 -69543.4 457 557 3)
(89446 -46113 -113898 392 492 3)
(89453 74503.6 64505.1 543 643 1)
(89456 65344.5 93533.9 29 129 0)
(89462 -10012.7 8917.05 351 451 1)
(89486 -101703 34082 517 617 1)
(89491 -21096 -47366.7 315 415 1)
(89495 27359.2 -67695 576 676 1)
(89496 123815 -1041.14 1 96 1)
(89498 -22101.9 26037.2 594 694 3)
(89513 -8991.67 -13217.9 166 266 1)
(89515 35232 -138697 166 266 1)
(89516 -121547 112719 226 326 0)
(89519 -78420.5 -127978 392 492 1)
(89523 -43123.8 115593 46 146 1)
(89533 44363.7 -8151.69 480 580 1)
(89536 5992.95 -148928 488 588 1)
(89539 43339.1 -111968 33 133 0)
(89546 42319.4 -3241.73 607 707 1)
(89547 -958.987 -96788.2 377 477 1)
(89552 79492.7 -24386.2 120 220 1)
(89556 57488.7 -35366.2 519 619 1)
(89557 -110607 114676 499 599 3)
(89558 -87712.1 -91688.1 319 419 1)
(89577 37274.5 52179.6 37 137 3)
(89578 -44927.3 21150 9 109 0)
(89584 -80450.1 -141053 422 522 1)
(89596 -114501 -3257.61 178 278 1)
(89598 74622.7 -98758.2 417 517 0)
(89601 -108725 -39402.3 629 729 3)
(89615 -120905 17050.2 387 487 3)
(89620 -17010.7 37215.8 175 275 3)
(89623 -26705 14424.4 1 97 3)
(89626 -71486.4 -16260 619 719 1)
(89630 14156.7 -87700.9 392 492 1)
(89632 -100439 -9148.79 259 359 1)
(89644 -37155 -40366.2 216 316 1)
(89649 -45857.8 -41390.9 559 659 1)
(89651 -106604 -91814.8 446 546 3)
(89654 35292.4 -79645.1 211 311 1)
(89673 50270.2 124660 258 358 1)
(89674 -67592.6 -129252 581 681 3)
(89675 68386.8 -139165 192 292 1)
(89683 30279.7 64287.2 383 483 1)
(89689 12166.8 -32363.4 539 639 1)
(89696 106683 -80618.1 195 295 1)
(89701 -26093.9 -20281.8 32 132 1)
(89704 -106623 -7191.75 590 690 3)
(89706 -75427.5 -63561.7 395 495 1)
(89707 -47228.4 79356.8 291 391 1)
(89715 76525.7 -134935 242 342 3)
(89737 81477.1 -13168.7 118 218 3)
(89741 -99509 -137904 149 249 1)
(89765 111791 -57460.9 172 272 1)
(89769 27178 89686 231 331 3)
(89770 -52464.9 -135014 597 697 1)
(89776 -98587.8 87450.7 521 621 1)
(89784 -44229.7 72339.3 373 473 0)
(89791 30263.4 -72417 281 381 1)
(89792 -6010.2 117621 355 455 1)
(89799 -82385.8 -116748 2 102 3)
(89811 78583.1 -12379.9 533 633 1)
(89815 -108744 72280.8 454 554 3)
(89821 -7951.54 -96541.8 59 159 1)
(89839 -107650 -56429.8 404 504 0)
(89844 112881 -82634.6 404 504 3)
(89855 -47126.3 -66444.9 245 345 1)
(89870 124556 104738 255 355 1)
(89876 40321.7 90520.1 423 523 1)
(89885 34262.8 -16275.3 385 485 1)
(89890 -32171.8 -51505.4 511 611 1)
(89894 -56208.3 -23066.6 427 527 0)
(89895 9131.61 -42723 546 646 1)
(89896 62643.4 85527 286 386 1)
(89904 12143.4 138711 143 243 1)
(89907 71421.7 -136039 621 721 3)
(89908 89630.4 107601 99 199 0)
(89909 116676 65243.1 61 161 1)
(89912 85601.8 -132959 106 206 3)
(89913 -15981.5 -85724.4 468 568 0)
(89918 -23083.4 99443 30 130 1)
(89931 -58320.8 -57507.5 335 435 0)
(89935 -56262.8 -12263.5 258 358 3)
(89943 25246.8 89387.9 260 360 1)
(89985 33278.9 -20283.2 378 478 1)
(89987 -88437.1 124617 171 271 3)
(89991 50336.1 -81599 175 275 1)
(89992 124840 -62568.5 181 281 1)
(89993 -48246.9 32105.1 89 189 1)
