(42003 11100.5 32070.2 377 477 0)
(42010 -25058.5 -33339.6 570 670 1)
(42024 103671 -5113.78 29 129 1)
(42033 -45249.4 -6173.18 388 488 1)
(42034 -10180.2 -35288.5 105 205 0)
(42035 -96598.7 -34394.1 532 632 3)
(42039 -80462.7 133700 393 493 0)
(42042 -101535 -47410.9 197 297 3)
(42049 115841 -19212.5 333 433 1)
(42050 70512.8 57186.4 147 247 1)
(42061 -4004.33 -27112.8 125 225 3)
(42067 -16983.5 -53508.4 343 443 0)
(42069 15152.6 130827 514 614 1)
(42070 -19145.5 -61647 437 537 3)
(42071 53446.6 8905.14 508 608 1)
(42079 53405.8 -9218.14 383 483 1)
(42087 75423.2 -49368.4 10 110 1)
(42092 -38129.5 -51358.9 1 96 1)
(42093 67435.8 -115828 1 96 1)
(42103 -943.307 105528 190 290 1)
(42107 42265.6 91602 26 126 1)
(42116 -56320.1 70332.1 425 525 1)
(42122 114714 -124802 42 142 3)
(42125 -37112 -38443.5 573 673 0)
(42148 38396.9 -93586.4 581 681 3)
(42168 -87521.4 144896 543 643 1)
(42177 -25095.9 87444.8 87 187 1)
(42178 -60183.7 -37337.5 45 145 1)
(42185 71492.9 -22224.8 174 274 1)
(42192 -20048.3 14014.3 1 101 1)
(42196 -9912.72 72560.6 589 689 0)
(42197 -69402.7 58252.6 535 635 3)
(42205 -108728 -39355.1 312 412 1)
(42212 -97608.5 -59575.9 545 645 1)
(42235 -62456.2 -90934.4 586 686 1)
(42242 57454 -114904 466 566 1)
(42249 -62386.2 4883.75 393 493 1)
(42255 -41295.4 63340.7 612 712 3)
(42257 65580.1 -135180 457 557 0)
(42285 -8030.63 -92795.1 589 689 1)
(42287 19163.8 47058.9 127 227 1)
(42290 -56228.5 -101727 41 141 1)
(42299 -12005.4 -137071 586 686 1)
(42307 95590.9 -74520.8 238 338 1)
(42314 41356.3 3865.08 596 696 0)
(42315 -2175.85 -84734.4 511 611 0)
(42317 12141.9 134706 108 208 1)
(42318 -11080.5 -131305 502 602 1)
(42324 -116760 -51526 606 706 1)
(42328 107904 132820 428 528 1)
(42331 -67335.7 104578 427 527 3)
(42338 -5465.65 9681.55 395 495 0)
(42341 -69351.7 18059.8 354 454 1)
(42343 -84379.8 6962.44 201 301 1)
(42347 7158.2 -69544.3 153 253 1)
(42354 59498.2 -50566.2 548 648 1)
(42365 5094.58 59233.1 235 335 1)
(42371 -16018.7 -137039 330 430 0)
(42375 -73957.4 52396.2 44 144 1)
(42377 123610 -4217.41 581 681 0)
(42383 37351.7 -118039 89 189 0)
(42410 100571 -12117.9 50 150 1)
(42419 -30220.8 120639 330 430 1)
(42424 -76489.8 -88869.7 520 620 3)
(42428 -52224.2 -46303.6 61 161 1)
(42443 18182.2 -138969 320 420 0)
(42445 -112649 69341.8 314 414 1)
(42462 114873 -21466.8 600 700 0)
(42463 93855.6 -2294.86 305 405 1)
(42474 39188.8 103465 353 453 0)
(42478 6103.07 -71621.1 512 612 0)
(42484 -99694.4 -10054.4 590 690 1)
(42493 -1924.08 -52473.4 295 395 1)
(42494 -36164.1 73362.8 488 588 3)
(42496 51347.4 877.234 1 101 1)
(42502 -47230.7 -142111 427 527 0)
(42506 -86678.5 23125.2 414 514 1)
(42507 68289.8 -11161.1 180 280 1)
(42515 -112635 -3132.66 109 209 1)
(42522 -120037 111845 106 206 0)
(42530 25197.7 -131831 62 162 1)
(42545 -75394.2 80370.1 389 489 3)
(42555 14126 21034.5 250 350 1)
(42562 -9837.94 -59568.2 262 362 1)
(42569 -26996.2 13029.8 297 397 0)
(42571 -105557 49136.6 203 303 1)
(42577 -9887.54 -125937 502 602 1)
(42579 87589.8 35151.8 138 238 1)
(42582 65479.1 61291.1 557 657 1)
(42587 -74354.3 74308.4 35 135 1)
(42606 -64435.1 -33323.7 322 422 3)
(42615 63517.3 93385.1 372 472 1)
(42624 96634.2 54210.7 279 379 1)
(42627 33272.3 31003.8 295 395 1)
(42635 15164.7 -76610.9 398 498 1)
(42639 -918.088 124835 524 624 1)
(42658 102488 70270.9 157 257 0)
(42659 -109648 68298 351 451 1)
(42665 5185.99 -58468.3 103 203 0)
(42672 -88495.8 -72583.8 115 215 0)
(42676 112603 -56378.3 3 103 1)
(42679 -120602 -128799 72 172 1)
(42680 72.3099 79385.7 535 635 3)
(42681 -82496.9 -98809.9 542 642 3)
(42684 -82584.6 -47420.2 342 442 1)
(42687 18203.6 -78657.4 361 461 0)
(42688 -38198.7 -65577 486 586 1)
(42693 -6981.1 -54503.5 407 507 1)
(42695 71951.4 27147.3 593 693 1)
(42696 61795.3 122902 622 722 0)
(42698 -88415.9 70346.2 147 247 3)
(42708 35299.4 3836.24 180 280 3)
(42718 -24137.4 -84685.5 439 539 0)
(42725 -15038.5 -144004 288 388 1)
(42727 -10071.7 -36512 337 437 0)
(42733 103717 -144037 265 365 3)
(42742 -84629.8 -11116.6 346 446 1)
(42750 -98510.6 -43378.2 78 178 1)
(42771 -26111 76302.3 14 114 1)
(42776 27237.3 99420.8 1 96 1)
(42781 65469.3 -32332.6 330 430 3)
(42785 45471.6 -41370.5 537 637 0)
(42790 -72393.6 5953.24 348 448 1)
(42792 6122.69 -100764 399 499 1)
(42794 -78457.8 57300.3 552 652 0)
(42797 58415.9 -26332.9 201 301 3)
(42799 -15032.8 -34332.6 64 164 1)
(42809 30245.9 -136018 500 600 1)
(42813 18193.4 -26306 451 551 1)
(42833 29288.5 44179.4 242 342 1)
(42840 36287.4 30003.6 433 533 1)
(42842 -996.228 75385.1 273 373 0)
(42844 -62355.8 -86608.3 86 186 3)
(42847 86601.1 -117831 230 330 1)
(42855 21205.9 -104830 448 548 1)
(42856 121733 66252.4 155 255 1)
(42860 102635 -37922.8 130 230 3)
(42865 41292.1 -80579.8 132 232 0)
(42867 -117626 -48399.5 471 571 3)
(42870 110829 56194.3 606 706 1)
(42880 -101474 -121733 31 131 1)
(42891 -113562 36085.8 3 103 3)
(42906 6118.59 85542.1 311 411 1)
(42908 115881 -1140.45 547 647 3)
(42913 55451.6 61327.6 437 537 1)
(42914 -20109 46229.8 239 339 1)
(42916 50417.1 21010 515 615 1)
(42920 -114744 -92769 435 535 1)
(42922 -949.369 46155.1 163 263 1)
(42938 43389.3 -21306.2 231 331 0)
(42943 -23077.6 42158.2 485 585 1)
(42949 -45506.5 -131178 512 612 0)
(42951 82548.9 27007.8 129 229 1)
(42954 -81462.3 -40437 262 362 1)
(42955 53421.3 -86701.9 312 412 0)
(42966 109755 -142086 489 589 0)
(42970 -62279.5 35068.6 132 232 1)
(42991 -108727 -126393 126 226 1)
(42994 -123658 -81572.5 169 269 1)
