(132005 20179.9 -61509.9 273 373 1)
(132016 92567.5 20081.6 129 229 1)
(132024 -27112.4 -99870 384 484 0)
(132026 69533.9 -51482.8 522 622 3)
(132035 31270.5 69283.8 365 465 0)
(132044 -40215.5 126704 581 681 1)
(132047 40297.6 125635 239 339 3)
(132051 -115582 18029.4 62 162 1)
(132052 -62358.6 -79686.6 616 716 3)
(132066 -55218.1 -146906 17 117 3)
(132069 30161.4 144888 381 481 1)
(132070 -83269 -145884 31 131 1)
(132071 -34440.4 -64512.3 26 126 0)
(132078 -6166.04 16031.7 598 698 3)
(132085 13151.6 11982.2 611 711 3)
(132086 73460.6 99412.7 30 130 3)
(132095 -77472.1 -36264.5 507 607 1)
(132096 62437.6 -86671 166 266 3)
(132097 9159.13 -51577.5 611 711 1)
(132099 894.353 74364.1 151 251 3)
(132104 -124680 8911.63 371 471 3)
(132106 -104656 -103849 531 631 1)
(132107 51406 -17203.8 144 244 1)
(132108 -23040.1 25208.9 347 447 1)
(132113 -109643 -58519.5 408 508 1)
(132124 82699.8 17994.6 618 718 1)
(132133 -113550 -91590.6 1 98 1)
(132136 122828 -126925 624 724 3)
(132137 124837 110548 316 416 1)
(132143 58428.5 -96854.7 345 445 1)
(132148 31055.6 88635.9 486 586 1)
(132151 -112560 46078.2 8 108 1)
(132155 -28145.8 101502 169 269 1)
(132163 107632 27037.3 15 115 1)
(132165 -51214.8 -140935 95 195 3)
(132166 58355.3 116549 32 132 1)
(132179 -101552 -18280.9 96 196 3)
(132196 119749 97405.4 101 201 3)
(132199 123882 -116936 565 665 1)
(132202 -14069.3 19042.5 303 403 1)
(132215 -49234.1 -125812 172 272 3)
(132217 -19540.6 42282 29 129 0)
(132220 86616 -144059 367 467 1)
(132228 -25046.1 56321.6 415 515 1)
(132241 91046.7 34117.4 156 256 1)
(132244 -67342.4 -7166.54 254 354 0)
(132249 -3967.83 31079.1 589 689 1)
(132251 -23109 -103833 470 570 1)
(132255 -16144.5 -40312.8 111 211 1)
(132258 -22921.5 -97899.3 573 673 1)
(132259 114693 -140874 53 153 1)
(132261 123289 -78382.4 555 655 1)
(132266 8116.82 8902.44 390 490 1)
(132272 47397 40104 621 721 0)
(132277 117833 -76720.5 594 694 1)
(132278 -8165.23 -99934.6 582 682 3)
(132280 -26180.9 54257.4 522 622 1)
(132288 -20079.4 112464 43 143 1)
(132319 -48209.7 -55427.4 130 230 1)
(132322 36381.8 -47417.8 110 210 0)
(132328 -38123.8 145645 41 141 1)
(132329 -97613.3 23059 514 614 0)
(132330 -8940.96 -11287.3 415 515 1)
(132332 -23097.1 25033.9 417 517 1)
(132337 -13014.8 -20310.5 581 681 0)
(132341 5090.24 -12197.3 596 696 1)
(132343 41278.4 4906.91 14 114 3)
(132344 36666.1 -36415.9 557 657 0)
(132349 86519.5 135745 476 576 1)
(132359 -15955.8 -85712.5 531 631 3)
(132368 112999 25028.6 288 388 3)
(132372 -17015.7 -63526.4 368 468 0)
(132377 77439.5 -132896 123 223 0)
(132387 52375.4 -125940 271 371 1)
(132389 108802 -43385.7 313 413 3)
(132398 55568.2 -39355.9 443 543 0)
(132399 124726 -106745 312 412 3)
(132404 17118.9 4902.55 269 369 0)
(132427 65390.7 138598 19 119 3)
(132428 178.901 -30356.7 477 577 1)
(132430 120888 -137038 496 596 1)
(132448 53365.1 -35321.9 166 266 1)
(132451 17146.2 139671 178 278 1)
(132452 -45374.8 17979.7 472 572 0)
(132457 -56358.2 -28290 493 593 1)
(132460 93835.3 105561 353 453 1)
(132475 -122792 -110877 437 537 3)
(132479 53451.9 96356.3 169 269 3)
(132480 -67666.5 -10303.2 452 552 1)
(132492 11049.8 -143074 420 520 0)
(132494 118740 -135846 127 227 1)
(132500 59366.2 -2140.29 123 223 3)
(132505 -13021.4 89502 593 693 1)
(132513 -109546 15975.4 4 104 1)
(132517 -87530.7 -122769 216 316 3)
(132519 78659.7 -21286.6 576 676 1)
(132521 -16045.8 -31460.1 262 362 3)
(132538 -26081.3 49178.4 146 246 1)
(132545 -119909 -134892 326 426 1)
(132546 10264.9 93735.5 547 647 1)
(132550 34028.2 -3209.26 414 514 3)
(132554 32235.3 3932.45 3 103 1)
(132555 26260.5 -61471.5 457 557 1)
(132563 98972.5 -127046 564 664 3)
(132564 -49265.3 103463 565 665 1)
(132569 104663 -57462.2 139 239 1)
(132571 68538 -5260.07 443 543 1)
(132576 32271 62252.2 219 319 1)
(132585 147.028 -61572.3 386 486 1)
(132588 19190.2 -56592.2 544 644 1)
(132589 -80466.2 -105897 524 624 3)
(132593 -96536.4 64265.9 256 356 3)
(132600 -26093.7 -147890 305 405 1)
(132604 -41199.3 -102805 418 518 0)
(132605 -9944.95 -105049 165 265 1)
(132608 29234.7 -10228.2 514 614 3)
(132618 -95490.6 73401.7 239 339 1)
(132622 50412.1 -16229.5 289 389 3)
(132632 84531.2 2829.65 445 545 0)
(132635 52368.1 -114816 223 323 1)
(132642 -71325.3 27859.4 483 583 3)
(132649 95722 -72632.2 542 642 1)
(132651 -61389.5 59720.5 515 615 0)
(132652 -952.213 -94659.5 89 189 1)
(132655 -24091.8 16970.5 558 658 1)
(132660 12089.4 149811 234 334 1)
(132662 -89518 42154.1 69 169 1)
(132666 -11740.3 79509.7 589 689 1)
(132675 91723.2 82490.5 546 646 1)
(132688 18164.9 -2160.98 445 545 3)
(132702 -90530.6 -111851 429 529 1)
(132705 116910 41161.8 628 728 1)
(132706 6335.91 -30539.1 540 640 0)
(132707 101498 -14132.7 59 159 3)
(132710 40296.7 -58451 104 204 1)
(132717 -4962.84 119511 30 130 1)
(132729 -60220.2 -12098.4 459 559 1)
(132740 -3974.22 97519.6 497 597 0)
(132744 81467.8 68277.3 52 152 1)
(132745 -76393.4 -15217.6 205 305 1)
(132749 -89513.3 -99812.6 462 562 1)
(132750 -77384.8 -59466.7 154 254 1)
(132752 55437.6 -30346.8 452 552 1)
(132754 -114795 76327 470 570 1)
(132770 94639.9 141729 276 376 1)
(132772 10067.4 -43379 126 226 0)
(132779 58442.7 27040.7 270 370 1)
(132789 -21086.2 8899.3 1 101 1)
(132799 106622 -65521.3 82 182 0)
(132802 -80578.3 79310.7 170 270 1)
(132810 -49171.3 -51560.9 453 553 0)
(132811 122734 -57492.2 106 206 1)
(132822 60467.9 -121959 473 573 3)
(132829 107778 50197.6 381 481 3)
(132831 73605.9 -70532.4 387 487 1)
(132834 118719 -42314.1 14 114 1)
(132836 -84492.1 -75640.3 429 529 3)
(132838 19190.9 -136071 472 572 1)
(132847 68489.6 -50431.6 388 488 1)
(132848 -55320.3 -4185.98 567 667 3)
(132862 57427.8 -46414.7 29 129 1)
(132866 94595.4 -45352.2 121 221 3)
(132870 -18034.5 -40352.1 95 195 1)
(132880 -101317 111602 252 352 1)
(132881 44337 148791 183 283 1)
(132882 -73521.1 109659 365 465 1)
(132886 -97489.4 -119777 46 146 1)
(132888 -54280.6 -2114.51 282 382 0)
(132894 85616.8 41037.8 377 477 3)
(132902 -45200 89412.9 234 334 1)
(132921 -58292.6 -122734 18 118 1)
(132922 -36001.4 26081 194 294 3)
(132928 35405 59193.6 618 718 1)
(132929 14147.6 100572 31 131 0)
(132936 -84396.5 82373.7 257 357 1)
(132943 19129.4 -22173.2 273 373 1)
(132957 28277.9 90523.7 614 714 1)
(132959 111798 -89627.8 242 342 0)
(132960 70609 -55455.1 594 694 3)
(132961 123741 30976.4 170 270 3)
(132972 49452.5 25018.8 446 546 3)
(132980 -107794 -7256.71 610 710 1)
(132981 -86365.5 -55368.2 322 422 1)
(132988 -105415 49297.1 407 507 1)
(132989 15176.6 -140080 380 480 1)
(132990 51342.4 -28266.9 121 221 1)
(132991 -100332 3054.62 72 172 1)
(132996 6171.56 -35408.7 42 142 0)
