(123011 64534.3 -142228 535 635 3)
(123012 58396.7 45101.4 567 667 1)
(123025 -112596 121573 137 237 1)
(123031 -6066.96 -137023 302 402 0)
(123033 -5956.3 926.435 25 125 1)
(123034 9084.79 139701 165 265 3)
(123041 -15025.8 -26359 586 686 1)
(123042 -21088.2 -71686.1 627 727 1)
(123045 41280.9 -114019 560 660 1)
(123055 -11219.6 -44475.6 597 697 0)
(123056 -54183.8 14000.6 246 346 3)
(123060 -67252 -22286.5 55 155 1)
(123066 105704 -101720 217 317 1)
(123070 -21075.4 -26246 270 370 1)
(123094 94562.9 -126850 103 203 1)
(123098 124775 -43342.5 161 261 1)
(123125 36304.7 -98750.2 347 447 3)
(123137 119753 -42508.7 152 252 1)
(123139 66405.9 4935.61 207 307 1)
(123142 -17052 102387 22 122 1)
(123144 16194.5 -95683.8 269 369 1)
(123150 -31963.1 -1094.84 308 408 1)
(123157 -119711 -11164.2 328 428 1)
(123166 -122615 23041.6 308 408 1)
(123174 115693 139685 212 312 1)
(123180 -99716.3 91493 518 618 3)
(123185 45349.4 -91728 191 291 1)
(123194 -105633 138723 308 408 1)
(123205 69810.4 -66337.8 458 558 1)
(123208 -11997 -33264.7 21 121 1)
(123209 20212.1 -86775.2 448 548 1)
(123214 6095.77 19063.2 55 155 1)
(123219 113720 74502 207 307 0)
(123234 45387.6 -50423.4 531 631 3)
(123243 -18033.1 -58401.3 184 284 3)
(123256 -58664.4 93576.3 543 643 1)
(123257 18182 101483 352 452 0)
(123270 62531.8 77395.4 464 564 1)
(123280 43270.5 -17173.6 105 205 1)
(123284 79509.6 -95659.6 133 233 1)
(123286 -66373 -128124 592 692 0)
(123292 -119694 91502.3 416 516 1)
(123294 -110582 -59456.3 237 337 1)
(123306 124059 -24464.4 286 386 1)
(123321 121871 111600 452 552 3)
(123329 -2859.04 115733 476 576 0)
(123335 41428 67282 490 590 1)
(123341 -40125.8 -47445.4 245 345 1)
(123357 -33153.9 80382.1 447 547 1)
(123358 -13033.4 22021.7 20 120 3)
(123363 -55407.5 121784 463 563 1)
(123366 89679.6 23060.4 152 252 1)
(123374 13166.3 -154.055 253 353 1)
(123380 -22156.4 -11144.7 466 566 1)
(123386 29242 -47467.5 117 217 1)
(123390 88477.4 55294.6 451 551 1)
(123392 42289.4 131647 197 297 0)
(123396 120791 133698 307 407 1)
(123397 104839 -23267.9 481 581 0)
(123399 -111902 -48405.6 447 547 0)
(123407 12368.7 -24320.7 260 360 0)
(123408 119910 -100797 465 565 1)
(123417 -15074.6 -23244.5 213 313 1)
(123420 -83476.2 135605 341 441 1)
(123429 32204.1 90391.3 18 118 3)
(123431 72510.1 120780 416 516 1)
(123436 -103335 85400 463 563 1)
(123438 -112702 26047.3 515 615 1)
(123439 -16002 -124920 381 481 3)
(123440 -56368.3 -72549.5 221 321 1)
(123446 117935 28073 554 654 3)
(123451 -22109.5 -119868 258 358 3)
(123460 -10907.1 47265 422 522 3)
(123463 -44187.8 129605 91 191 1)
(123467 -9034.22 137530 41 141 1)
(123475 2058.05 38119.5 36 136 0)
(123481 -31110.3 63265.4 37 137 3)
(123487 8112.86 146851 529 629 3)
(123494 -63284.6 -51187.3 1 101 1)
(123512 83536.6 -55474 312 412 0)
(123520 -27021.1 114546 214 314 3)
(123522 5062.49 -31279.9 7 107 3)
(123523 53361 -22246.2 250 350 1)
(123528 -93566.7 -69609.5 495 595 1)
(123532 -20096.8 72251.9 282 382 1)
(123548 43261.4 -49419.6 284 384 1)
(123554 21127.7 134707 109 209 0)
(123565 -39151.6 -42457.7 303 403 0)
(123570 -2912.84 37064.1 92 192 3)
(123572 -109516 114605 119 219 1)
(123580 88859.3 76457.6 324 424 1)
(123586 -10117.9 129643 84 184 0)
(123604 -111660 -137968 357 457 1)
(123609 -64236.2 -29252.8 210 310 1)
(123614 48450.7 21059.9 515 615 1)
(123615 -81605.3 129802 436 536 0)
(123620 -68396.8 5904.8 460 560 3)
(123626 -90472.3 -57453.8 17 117 3)
(123627 -84316.1 5179.98 1 95 3)
(123632 -52418.8 2975.35 469 569 0)
(123647 81565.6 -97626 278 378 0)
(123650 -112788 -148082 484 584 3)
(123654 31267.4 -61530 418 518 1)
(123655 27279.4 -65446.4 108 208 1)
(123657 -15031.4 34107.7 116 216 3)
(123660 53279.9 24079.8 90 190 0)
(123670 92598.9 -97785.3 241 341 3)
(123674 -69711.8 96561.3 503 603 1)
(123680 -5902.35 -40223.7 1 99 1)
(123685 93722.9 -32376.3 614 714 3)
(123691 118815 -27191.6 99 199 1)
(123697 -33201.1 -66544.8 262 362 1)
(123701 -1944.22 -123974 418 518 1)
(123706 -111660 47287.5 141 241 0)
(123711 109392 -53379.3 178 278 1)
(123728 3226.72 -83657.8 496 596 0)
(123730 -67365.4 89415.8 231 331 1)
(123738 -106581 -98726.2 150 250 3)
(123740 107809 95319.2 190 290 0)
(123741 1079.42 -103848 498 598 3)
(123745 -4942.98 -119897 385 485 1)
(123749 -74377.7 -51423.1 549 649 1)
(123750 8137.14 -56543.7 538 638 3)
(123763 52433 11949.7 564 664 3)
(123766 53414 21059.5 442 542 3)
(123773 13189.8 16940.3 358 458 1)
(123779 -19053 -61569.9 500 600 0)
(123781 -58349.7 18983.6 435 535 1)
(123785 -65421.9 -3203.67 516 616 1)
(123786 -45236.6 18956.8 158 258 1)
(123789 38278 42120.8 125 225 1)
(123792 90505.7 48162.8 251 351 1)
(123794 118911 -49515.9 618 718 1)
(123798 -38206.5 97556.4 454 554 1)
(123801 56391.1 -44544.7 413 513 3)
(123802 -84516.2 32099.4 559 659 1)
(123811 -29100.2 -13226.8 148 248 1)
(123815 30279.3 18978.4 255 355 1)
(123823 -114704 49303.8 330 430 0)
(123864 89704.5 -122031 622 722 1)
(123867 -12967.1 148882 330 430 1)
(123868 -34163.6 77330.2 436 536 1)
(123872 -3708.61 29287.9 523 623 1)
(123886 87492.3 -48406 27 127 1)
(123889 68597.8 24083.3 552 652 3)
(123909 25235.8 -31358.2 492 592 1)
(123915 -86332.1 53979.6 419 519 1)
(123916 90556.4 -60564.3 228 328 1)
(123917 -114759 -78585.9 598 698 1)
(123925 -51273.6 -77589.6 49 149 1)
(123932 26170.8 93480.6 19 119 1)
(123941 69411.5 -17136.4 132 232 3)
(123948 -73415.3 85425.3 148 248 1)
(123955 -25130.3 -8179.47 596 696 1)
(123960 -95527.2 -135999 387 487 1)
(123970 -46190.1 -39360.6 222 322 1)
(123971 -115807 20949.3 252 352 1)
(123976 52319.5 4973.83 11 111 3)
(123977 -79263.4 -142181 263 363 1)
(123979 -56274.4 -13270.8 356 456 1)
(123983 -9986.6 -21262.1 366 466 1)
(123984 -92595.6 -21244 547 647 1)
(123985 16131.1 -24299.6 376 476 1)
(123989 38343.7 -108912 557 657 3)
(123992 -92538.3 25946 300 400 0)
(123994 120819 -65648.2 288 388 1)
(123998 14192.2 -10417.2 355 455 1)
