(128002 -4942.55 -3148.66 550 650 3)
(128004 -101750 -107849 255 355 3)
(128007 81531.7 -8072.72 298 398 3)
(128008 21150.9 -94915.3 110 210 0)
(128012 102530 71338.7 156 256 1)
(128016 31248.2 27064.7 367 467 0)
(128019 106708 30036.7 228 328 3)
(128023 -19122.4 114618 362 462 1)
(128025 -77545 -12214.3 604 704 0)
(128043 -923.087 30254.9 487 587 1)
(128046 1105.82 119660 270 370 0)
(128050 -22080.2 54251.9 490 590 3)
(128064 7113.82 -20247.5 322 422 1)
(128066 77601.6 103521 402 502 1)
(128091 34252.7 -59484 299 399 1)
(128095 -77317.4 38192.3 450 550 1)
(128102 90608.3 -30393.3 592 692 1)
(128109 -87451.3 28026.9 190 290 1)
(128122 -59255.7 -140847 34 134 1)
(128127 94589.2 5964.76 1 96 0)
(128133 -50307.9 102535 208 308 3)
(128139 -50211.4 -32311.6 321 421 1)
(128141 100737 70310 411 511 1)
(128142 9266.6 71358.6 313 413 3)
(128146 -121538 -82481.5 218 318 3)
(128147 -95490.8 -28244.3 326 426 3)
(128149 -69267.8 93435.5 117 217 3)
(128151 24237 -140945 225 325 1)
(128152 -35237.1 34079.9 147 247 1)
(128154 -62271.1 73307.4 50 150 3)
(128157 -45241.3 146886 472 572 1)
(128167 6106.47 -93808.5 524 624 0)
(128168 -98491.9 -116924 478 578 1)
(128169 -42011.3 -143875 29 129 1)
(128176 -19088.2 -33291.1 200 300 1)
(128180 -111595 -128760 22 122 0)
(128183 64531.5 34098.8 407 507 3)
(128187 84530.4 -57423.8 42 142 1)
(128189 -38280.9 91574.4 629 729 1)
(128208 61513.3 -27323.6 493 593 1)
(128209 62532.7 -132000 448 548 1)
(128214 34335.5 33099.6 435 535 1)
(128226 102752 33086 414 514 1)
(128231 -79354.1 -133869 81 181 1)
(128237 92567.6 99470.5 136 236 1)
(128249 113658 55180.5 1 98 3)
(128260 64489.7 -114864 312 412 1)
(128266 9160 22970 578 678 3)
(128268 -59366 20048.3 384 484 3)
(128273 -39202.4 -146044 331 431 1)
(128284 92522.2 94843.9 343 443 1)
(128286 -26087.6 -129.509 78 178 1)
(128288 14166.6 -20267.9 134 234 3)
(128301 94596.2 -114777 129 229 1)
(128307 -81418.4 122539 70 170 0)
(128315 -118701 28279.1 1 93 3)
(128337 -7059.22 55137.3 41 141 1)
(128356 -42200.9 128603 157 257 1)
(128361 -95522 91424.3 244 344 1)
(128366 4067.3 93429.6 15 115 0)
(128367 -73528.2 -15172.9 281 381 1)
(128386 115733 8891.17 7 107 1)
(128388 -113691 -94724.5 427 527 3)
(128390 -950.81 -133815 5 105 1)
(128392 49443.8 -142117 551 651 3)
(128401 -11004.8 109522 313 413 1)
(128406 -70371.4 97382 508 608 0)
(128408 -48248.2 -107860 425 525 1)
(128415 81618.4 -102713 366 466 0)
(128418 -10007.4 76349.7 249 349 3)
(128421 -21031.2 -92711.5 320 420 3)
(128425 -69491.3 -29404.4 537 637 1)
(128439 -22950.1 99432.5 223 323 0)
(128445 1093.44 49159.6 278 378 3)
(128463 -64161 40221.7 248 348 0)
(128466 59442.5 138700 292 392 1)
(128467 98552.2 139698 156 256 1)
(128482 -38275.6 38131.3 340 440 3)
(128489 45487.4 13908.6 528 628 3)
(128490 24153 -69458.8 27 127 1)
(128491 -16055.8 89524.9 538 638 1)
(128518 53424.4 -7144.81 222 322 1)
(128530 -26126.9 -104651 41 141 3)
(128534 35328.4 67376.9 462 562 3)
(128541 12018.4 15006.9 237 337 3)
(128542 -104575 3901.6 209 309 1)
(128547 -90633 -68721.1 401 501 3)
(128548 -114500 35999.3 250 350 0)
(128551 -26106.9 -67560.4 317 417 1)
(128553 -65335.4 42131.2 329 429 1)
(128555 -120654 -69609 330 430 1)
(128560 -97515 -149911 156 256 1)
(128569 -10014.7 75340.9 239 339 1)
(128573 -13003.3 41175 194 294 3)
(128583 31188.7 16043.2 207 307 1)
(128593 -2958.06 -33319.9 215 315 1)
(128596 -73396.8 118606 234 334 1)
(128599 73597.2 8887.42 6 106 3)
(128605 -9988 68310.3 480 580 0)
(128616 -58329.7 -23284.2 262 362 3)
(128619 -28169.1 -121515 42 142 1)
(128621 123909 54229.5 483 583 1)
(128623 -59406.8 57313 479 579 3)
(128624 -100581 -67613.5 527 627 3)
(128625 26255.6 -108826 309 409 1)
(128630 31216.9 98485.5 181 281 1)
(128634 -15043.2 -53483.4 379 479 1)
(128637 -26105.3 -143027 277 377 0)
(128638 -50221.1 -63407.5 414 514 3)
(128639 -10020.6 10923.7 13 113 1)
(128646 24097 70312.6 153 253 1)
(128653 -82437.1 107473 109 209 1)
(128658 5094.87 -116890 374 474 1)
(128663 -96557.8 12055.3 246 346 1)
(128669 56424 -149071 372 472 1)
(128670 -96572.2 -32329.8 338 438 1)
(128685 -123671 -143928 150 250 3)
(128702 11283.3 -109995 550 650 1)
(128703 110037 63321.1 626 726 0)
(128710 -64384.8 -78.0976 401 501 3)
(128714 86675.9 137536 231 331 1)
(128715 -95425.7 29164.1 458 558 1)
(128723 26084.6 125874 617 717 1)
(128734 -60239.5 121629 87 187 1)
(128743 40302 30103.3 353 453 3)
(128744 60444.6 -42273.4 1 101 1)
(128749 52601.3 -77379.5 269 369 1)
(128762 -23100 -34316.9 122 222 1)
(128763 38328.4 -86742.3 469 569 1)
(128774 -79433 51192.7 154 254 1)
(128776 108706 106467 113 213 3)
(128783 24184.1 -135077 528 628 1)
(128786 3109.74 -112850 376 476 3)
(128787 89751.2 -38441.1 429 529 3)
(128789 41273.6 72288.7 9 109 3)
(128793 -73391.7 -115927 583 683 1)
(128794 74595.8 -14195.2 464 564 3)
(128795 83624.9 41053.2 277 377 1)
(128799 14103.8 111694 362 462 3)
(128813 93757.4 -55587.8 608 708 1)
(128823 -106617 -16221.1 42 142 1)
(128834 24234 59265.9 485 585 1)
(128837 90731.4 15836.6 335 435 0)
(128852 -63431.9 -57606.5 364 464 1)
(128857 -115655 37222.3 87 187 1)
(128873 23.8378 -55418.4 83 183 1)
(128874 26238.4 -124994 442 542 3)
(128878 -33163.3 76360.2 288 388 1)
(128886 35237.1 -7126.26 18 118 0)
(128888 -72429.8 2859.06 119 219 1)
(128890 119002 77427.1 604 704 3)
(128896 113698 23011.1 75 175 1)
(128902 -23219.1 81599.6 37 137 1)
(128905 -54579 -38334.4 319 419 1)
(128915 79547 119632 292 392 1)
(128918 -97476.8 -56523.6 466 566 3)
(128919 -75368.2 133843 284 384 1)
(128923 -49156.4 19057.7 186 286 1)
(128924 33377 -84695.3 447 547 3)
(128931 13145.8 -17203.7 69 169 1)
(128942 -84452.9 -112733 173 273 1)
(128951 83642.3 112662 468 568 1)
(128969 -77412.7 -55538.2 417 517 1)
(128971 -88714.4 23012 421 521 1)
(128981 1067.48 99414.8 1 96 1)
(128987 -36074.7 54003.8 179 279 1)
(128989 26110 28122.2 34 134 1)
(128996 -44192 -106677 7 107 0)
(128999 -110574 133442 60 160 1)
