(95000 -108655 149862 469 569 1)
(95002 -36150 -45356.3 31 131 3)
(95022 -68393.9 103657 381 481 3)
(95037 80468 99472.1 1 97 1)
(95040 -103643 21071.8 415 515 3)
(95043 64378.2 10932.2 1 94 0)
(95061 34407.5 -120015 537 637 3)
(95062 -56335.7 -16311 451 551 1)
(95063 59482.6 -43450.7 547 647 0)
(95065 24878.8 -80691.9 347 447 3)
(95066 33251.2 97605.8 535 635 1)
(95067 -104560 -23274.1 174 274 1)
(95072 -74259.6 66267 74 174 1)
(95074 -28089.1 29010.3 234 334 1)
(95075 1987.77 -70528.8 308 408 1)
(95077 -77444.2 -47402.9 436 536 0)
(95082 -22151.6 1061.53 629 729 1)
(95084 -65199.8 -105792 252 352 3)
(95086 91547.1 117500 16 116 1)
(95094 54502.1 15994.2 529 629 3)
(95100 -95513.5 -80605.1 220 320 1)
(95103 -34161 148806 219 319 1)
(95104 108578 -86630.1 105 205 1)
(95109 85738.4 -74757.1 587 687 0)
(95112 39330.6 12911.3 326 426 3)
(95116 18100.4 -5326.34 118 218 1)
(95126 22048.1 137641 108 208 3)
(95130 5096.92 -99689.2 31 131 0)
(95137 -71397.5 34064.2 364 464 1)
(95141 53310.5 -5145.7 6 106 0)
(95150 50361.8 -18274 152 252 0)
(95161 -18001 -70570.2 384 484 1)
(95168 117823 -91626.4 152 252 1)
(95173 -12020.9 -16275.6 588 688 1)
(95174 -67423.3 72367.8 152 252 3)
(95176 60462.9 -94745 460 560 1)
(95178 -76230.9 -3685.33 465 565 1)
(95191 111872 -55511.4 489 589 3)
(95197 -83456.2 -26360.6 439 539 1)
(95201 70590.2 105580 600 700 1)
(95205 120892 -65563.6 487 587 0)
(95207 -53271.5 -3134.88 240 340 1)
(95209 16122.7 43140.1 389 489 0)
(95212 47328.7 -149978 190 290 1)
(95213 -29099.7 -145047 308 408 0)
(95214 -44249.3 69227.9 200 300 1)
(95222 48296.7 51117 521 621 3)
(95227 -56293.9 40120.2 258 358 1)
(95230 58463.1 -134979 337 437 1)
(95242 95664.9 -70471.9 27 127 0)
(95257 -37312.5 -1319.89 306 406 1)
(95259 121885 -49468.2 515 615 1)
(95261 -49240.3 50118.7 83 183 1)
(95268 -34165.1 26064.9 282 382 3)
(95269 -21010.8 -15196.2 460 560 3)
(95271 -120749 -138054 450 550 1)
(95278 82570.1 125673 252 352 1)
(95283 -80692.4 -101724 103 203 3)
(95290 98792.5 -137697 186 286 1)
(95291 -9986.73 127615 1 99 3)
(95297 100169 35385.8 547 647 1)
(95315 53452.4 52223.3 615 715 1)
(95354 90632 56234 290 390 1)
(95357 -89563.7 -112966 494 594 1)
(95363 39382.8 -114943 498 598 1)
(95367 -22171.9 65330.9 520 620 1)
(95380 -120685 -85027.5 530 630 0)
(95383 -62354.4 130706 259 359 3)
(95399 51461.2 60314.3 595 695 3)
(95402 84424.9 -38346.7 143 243 1)
(95410 4926 -60514.8 613 713 1)
(95411 -7802.52 15884.4 261 361 1)
(95412 -11006.5 148836 467 567 1)
(95413 -35212.3 -42403.1 570 670 1)
(95415 121870 16090 555 655 1)
(95418 71415.7 -95559.7 48 148 3)
(95419 -55297.5 10904.2 509 609 1)
(95432 -30136.9 -67538.4 268 368 1)
(95438 -15003.2 112530 158 258 1)
(95442 19207.3 -13246 577 677 1)
(95447 -24107.2 -86569.5 163 263 1)
(95453 -16013.8 -77700 514 614 1)
(95464 -64286.5 -25261.5 131 231 0)
(95465 -87579 42227 348 448 3)
(95467 27202.7 108729 619 719 1)
(95468 52410.2 31110.8 505 605 0)
(95469 9712.32 -76566.3 55 155 1)
(95501 -122826 -6151.69 335 435 0)
(95507 -50311.9 22989.5 206 306 0)
(95511 -38186.5 36094.4 106 206 1)
(95519 -60368.6 74380.8 263 363 1)
(95521 119699 136668 146 246 3)
(95527 -10178.1 7687.21 49 149 1)
(95529 114740 -86611.6 260 360 1)
(95531 120827 -49461.9 388 488 1)
(95537 27223 -99646.8 20 120 1)
(95539 -22864.2 66235.2 456 556 0)
(95558 35270.7 -52402.4 26 126 3)
(95575 -50374.3 56204.9 619 719 3)
(95577 6226.3 -52877.9 575 675 0)
(95581 50359.4 -128913 362 462 1)
(95586 84575.5 140639 23 123 3)
(95587 74548 10016 88 188 1)
(95602 90608.8 34940.2 224 324 3)
(95603 -106642 39093.1 286 386 0)
(95618 61535.5 -137163 542 642 1)
(95621 43322 -30211.4 1 95 1)
(95622 81647.7 -81689.5 347 447 0)
(95626 69819.6 33861.8 192 292 0)
(95630 -36112.9 -41369.7 29 129 1)
(95634 16170.1 -41400.1 472 572 1)
(95637 -60300.7 -125827 155 255 1)
(95639 -55213.3 -143013 400 500 1)
(95644 33333.1 -33304 262 362 1)
(95647 -63351.6 59256.4 414 514 3)
(95651 25202 105549 344 444 0)
(95657 -7089.43 100444 320 420 1)
(95659 94801.2 111406 332 432 1)
(95661 -30127 -62605.1 609 709 1)
(95663 5121.06 13955.1 601 701 3)
(95667 -10022.8 65266.6 200 300 1)
(95677 -79440.1 45141.2 1 95 3)
(95686 114827 74332.2 278 378 1)
(95695 -60337 56248.1 510 610 3)
(95703 94733.7 24028.9 566 666 3)
(95717 -114744 -83677.2 533 633 1)
(95718 18138.3 -119927 190 290 0)
(95724 -38227 -147085 317 417 1)
(95728 51397.4 24038.7 288 388 1)
(95731 -114822 61331.6 554 654 3)
(95738 44359.5 14953 432 532 1)
(95740 -78521.4 11014.9 560 660 1)
(95749 7090.96 75395.6 558 658 0)
(95751 -121718 -83674.4 401 501 1)
(95761 94511.5 -12164.7 376 476 1)
(95762 116880 -40352.3 259 359 1)
(95764 -107523 -42363 95 195 3)
(95766 23224.7 94511.3 266 366 1)
(95772 -1888.95 -106798 233 333 1)
(95773 -39193.3 -139085 428 528 3)
(95783 -35057 28190.8 63 163 3)
(95791 -41224.3 -131058 587 687 1)
(95799 34254.8 -113821 331 431 1)
(95812 80989.7 -19022.3 587 687 0)
(95836 -18492.7 52035.2 465 565 0)
(95841 67380.3 86371.7 103 203 1)
(95853 108736 -94696.4 200 300 1)
(95856 49427 70371 611 711 1)
(95858 -40516.6 77396.2 165 265 1)
(95872 -13924.2 -26862.3 35 135 1)
(95876 -8053.39 -145974 15 115 1)
(95879 -25118.9 130957 586 686 1)
(95882 -77452 -87708.7 395 495 1)
(95886 48387 128744 576 676 1)
(95889 -118115 38195.6 214 314 1)
(95893 -108665 69407 8 108 3)
(95897 -25096.7 70262.8 40 140 1)
(95915 -118607 99657.1 331 431 0)
(95919 -98482 133604 47 147 1)
(95921 69464.8 -47343.7 259 359 1)
(95927 22198.7 -21263.3 497 597 1)
(95941 44383.9 -84702.2 492 592 1)
(95946 106628 -13209 90 190 0)
(95955 -26133 68262.6 417 517 1)
(95960 93685.5 7938.82 280 380 0)
(95964 103779 -55379.4 92 192 1)
(95982 -56435 18036.9 363 463 3)
(95988 36142.5 2947.5 44 144 1)
(95993 59417 144650 278 378 3)
(95994 -30114.6 133794 483 583 1)
