(32006 -120713 89476.9 261 361 1)
(32011 57424.6 140839 256 356 1)
(32012 36283.7 -109822 139 239 3)
(32017 91965.4 24917.3 423 523 3)
(32033 123861 -81662.3 380 480 1)
(32038 43284.3 73426.6 617 717 1)
(32039 11148.1 29097.7 430 530 1)
(32047 -12017.5 45136.5 148 248 1)
(32052 -59290.1 -101771 328 428 3)
(32065 118844 -36365.8 456 556 1)
(32068 26217.3 -49432.8 493 593 3)
(32070 114724 41064.2 454 554 1)
(32074 -15059.1 69297.4 490 590 1)
(32081 76466.2 -111721 38 138 1)
(32083 65909.9 -140225 613 713 0)
(32087 -92505.1 -87691.3 278 378 1)
(32090 -30044.5 -123858 167 267 0)
(32091 94655.8 48006.6 265 365 0)
(32093 107750 -108773 210 310 1)
(32099 18239 -70671 448 548 1)
(32104 19100.6 -56442.3 116 216 1)
(32110 35155.3 12824 360 460 3)
(32112 71553.5 -136064 493 593 1)
(32117 -73451.3 -41422.8 481 581 1)
(32122 5263.23 45109.1 316 416 0)
(32127 37138.1 -67421 116 216 1)
(32131 -116741 83475.9 556 656 3)
(32132 21339.9 57153.3 76 176 0)
(32146 97569 -138940 129 229 1)
(32149 23275 -84739.9 476 576 1)
(32151 -94492 -55217.1 437 537 1)
(32156 111829 18996.7 587 687 1)
(32157 -42195.2 -74564.7 210 310 1)
(32159 124808 -8175.11 205 305 1)
(32160 81700.5 -103912 402 502 1)
(32169 18259.6 -204.234 603 703 3)
(32170 85469.9 -118749 49 149 1)
(32175 -28113.6 -103734 204 304 1)
(32179 11094.4 -137183 555 655 1)
(32193 42309.7 57211.1 170 270 3)
(32200 4180.01 -63482.3 27 127 1)
(32205 10257 -46538.6 363 463 3)
(32206 39351.5 135730 483 583 1)
(32212 116860 -79591.3 281 381 1)
(32218 -12039.9 -124904 318 418 1)
(32224 18459.7 50256.2 501 601 1)
(32227 -99546.2 -16062.1 570 670 0)
(32238 -83454.2 17079.3 54 154 1)
(32243 -11028.9 108351 62 162 1)
(32253 11025.8 -12132.2 522 622 1)
(32271 -51253.8 -7138.09 20 120 3)
(32282 61296.4 118360 100 200 1)
(32293 -17.0641 5954.64 52 152 1)
(32296 -123760 -38530 352 452 1)
(32302 -2948.18 -20258.2 355 455 1)
(32316 93685.8 44240 350 450 3)
(32332 -25095.1 43143.2 190 290 1)
(32334 96731.7 -83700 481 581 1)
(32351 101743 41210.9 269 369 1)
(32352 -65388.8 -43379.7 133 233 0)
(32361 -87672.1 95510.9 602 702 3)
(32362 42334.4 15954.6 99 199 1)
(32368 -55327.6 -104859 480 580 1)
(32370 -30147.3 -86615.7 327 427 1)
(32381 103604 -138836 1 95 3)
(32383 -38156.9 -110681 23 123 0)
(32388 -17041.3 90495.4 122 222 3)
(32392 -10024.1 -103.188 86 186 1)
(32394 114826 56251.8 266 366 3)
(32397 -38200.8 -23278.9 576 676 1)
(32406 -26146.9 65298.2 431 531 1)
(32414 -92578.3 99384.4 300 400 3)
(32423 -50260.7 -36348 233 333 1)
(32433 19257.6 25046.4 512 612 0)
(32444 7100.05 -75554.4 234 334 3)
(32463 -99560.1 -35355.6 356 456 1)
(32469 -74338.8 44193.1 324 424 0)
(32477 68555.4 -123982 544 644 1)
(32481 90685.2 87488.4 482 582 1)
(32483 -19113.4 14045.1 404 504 1)
(32496 -123638 2893.18 100 200 1)
(32528 66590.2 23030.2 361 461 3)
(32531 -34222.2 -132.562 88 188 0)
(32533 -71406.8 -126922 127 227 1)
(32536 32220.6 -121774 38 138 1)
(32547 36251.5 -81614.1 247 347 1)
(32549 -122524 115621 506 606 1)
(32560 79526.4 -79595.7 217 317 1)
(32566 -64440.5 -137099 540 640 1)
(32576 37376.7 -26253.2 327 427 0)
(32577 14079.5 54285.9 424 524 0)
(32578 -120766 -149437 390 490 1)
(32581 -80393.4 35111.1 91 191 1)
(32587 -44272.6 -60502.4 562 662 1)
(32588 -115634 129719 319 419 0)
(32592 66502.7 97499.6 393 493 1)
(32593 95584.5 39087.1 428 528 1)
(32611 93887.8 -44696 450 550 0)
(32615 17127.2 -14213.4 342 442 1)
(32620 -46201.1 -60416 49 149 0)
(32624 7103.83 -49436.3 297 397 1)
(32626 -82556.4 -24393.2 591 691 1)
(32639 -103732 -22367.6 628 728 1)
(32648 98632.8 17098.9 79 179 1)
(32649 -75613 -40423.8 260 360 1)
(32652 3066.95 35073.6 176 276 3)
(32653 -115836 -134223 525 625 1)
(32659 87505.2 -134879 384 484 1)
(32666 -1105.03 -88927.2 435 535 1)
(32674 -76399.4 -33314.7 228 328 3)
(32677 75646.6 -55492.1 629 729 0)
(32682 -77429.1 -52473.3 377 477 1)
(32683 37476.2 -113742 523 623 0)
(32684 29260.9 -4169.46 562 662 1)
(32695 -91502.3 37257.6 458 558 3)
(32702 101821 108843 603 703 1)
(32709 80812.3 49208.6 88 188 0)
(32717 37305.2 34111.6 591 691 0)
(32719 72500.5 -141114 497 597 0)
(32740 -62323.9 -57564.5 440 540 3)
(32749 40338.1 64272 547 647 1)
(32750 -69446.8 -97565.5 86 186 1)
(32759 -44030.5 21839.7 72 172 1)
(32775 65447.2 -4164.24 1 99 3)
(32778 -91539 20000.3 312 412 1)
(32788 21569.5 27272.5 415 515 1)
(32793 77.7831 -118893 394 494 1)
(32798 -2968.54 -130108 577 677 1)
(32802 -57196.2 4900.02 24 124 1)
(32806 -3939.14 -86728.8 506 606 3)
(32810 -13017.4 -117983 564 664 0)
(32811 -61363.4 -124965 507 607 1)
(32819 -98587.7 -66596.2 340 440 1)
(32831 -22068.7 24021.8 515 615 1)
(32842 71505.9 -141956 222 322 3)
(32847 -114645 -118842 343 443 3)
(32863 -72468.6 48181.7 350 450 1)
(32868 101758 35112.8 525 625 1)
(32873 -87307.9 -31253.3 94 194 1)
(32878 -25096.4 -40394.7 387 487 1)
(32880 17190.1 91566.6 622 722 1)
(32885 -9017.31 -29163.1 182 282 3)
(32888 -46201.9 85237.4 239 339 1)
(32892 -87542.2 122654 314 414 1)
(32897 -24096 27046.7 476 576 1)
(32909 98655.4 88376.3 478 578 3)
(32925 79598.6 -98707.2 301 401 1)
(32933 94590 -125.657 118 218 3)
(32943 64413.1 66532.2 250 350 0)
(32945 42205.9 74741.5 151 251 0)
(32951 -39254.8 -93866.3 498 598 1)
(32959 51386.1 -102826 544 644 0)
(32966 -45108 96524 127 227 3)
(32978 17187.8 -32390 604 704 1)
(32981 8094.55 40136.4 129 229 1)
(32982 102723 -113892 413 513 1)
(32984 -123680 79367.4 256 356 1)
(32988 -69356.6 54200.2 61 161 3)
(32997 104604 -47386.8 32 132 1)
