(137011 -43122.4 109745 627 727 1)
(137022 12140.8 108547 332 432 1)
(137029 13954.4 -142937 31 131 1)
(137040 39336.1 -131999 441 541 3)
(137049 -70424.6 -105786 319 419 1)
(137050 -28119.2 90405.4 9 109 1)
(137053 -67387.2 46768.4 109 209 3)
(137057 -26100.2 59200.1 44 144 0)
(137060 104.661 112458 8 108 1)
(137067 71461.2 -3144.58 133 233 3)
(137072 18125 -51422.2 147 247 0)
(137080 46430.2 -19251.1 270 370 0)
(137112 -44265 -132859 525 625 3)
(137113 -2801.67 30221.4 509 609 3)
(137114 -25092.9 -14201.7 340 440 3)
(137133 -103589 -111842 334 434 3)
(137134 -63422.2 -119798 450 550 0)
(137137 -76672.4 -30235 9 109 1)
(137145 117797 868.104 342 442 1)
(137146 -116752 101558 513 613 1)
(137147 28288.8 -40369.8 439 539 0)
(137149 -100554 130740 425 525 1)
(137158 -67404.7 130662 443 543 1)
(137159 -54429.5 -56630 16 116 3)
(137169 -9911.3 -7214.81 420 520 1)
(137171 64481.7 -58491.9 328 428 3)
(137176 -14028.9 58266.4 362 462 1)
(137185 32308.2 -146014 361 461 3)
(137193 50346.9 -52403.2 160 260 0)
(137223 -94490.2 36115.1 278 378 1)
(137226 -89578.2 -132026 455 555 3)
(137227 5123.86 51203.5 588 688 1)
(137229 -121562 79440.4 31 131 1)
(137245 -72419.5 -80565.1 25 125 -1)
(137262 -40172.3 -62476.3 95 195 3)
(137269 -97559.9 -6200.01 581 681 1)
(137281 -42215.3 -54582.8 577 677 0)
(137283 99661.6 -62495.8 245 345 1)
(137298 90684.5 84417.1 215 315 1)
(137300 -35098.9 -104953 278 378 0)
(137307 24185.8 -44367.2 216 316 1)
(137310 -88782.3 -92689.3 403 503 3)
(137311 -49237.8 71264.3 162 262 3)
(137327 -105440 -90601.2 147 247 0)
(137330 22161.8 36042 75 175 0)
(137335 -85516.8 98532.3 553 653 1)
(137342 -939.512 -95727 330 430 1)
(137343 -55218.5 16628.7 347 447 3)
(137344 -8171.87 -75668 357 457 0)
(137358 -55360.2 -73634.9 500 600 0)
(137374 34220.1 94447.6 313 413 1)
(137375 68410.4 80346.6 22 122 1)
(137376 -106700 90169.2 368 468 1)
(137378 -43245.5 81221.3 255 355 3)
(137381 55474.5 -4193.48 263 363 1)
(137391 41343 -103792 276 376 1)
(137393 106729 -87686.2 362 462 1)
(137394 -65400.3 -6189.42 467 567 1)
(137405 -48240.3 47184.9 402 502 1)
(137409 -102498 -102599 48 148 3)
(137416 -110565 45154.5 147 247 1)
(137419 89721.5 14027.6 487 587 1)
(137421 4254.59 -99633.6 270 370 3)
(137424 -110606 28081.3 202 302 1)
(137433 -58265.8 -108726 102 202 1)
(137439 30280.4 -25349 382 482 3)
(137447 18012.6 -94644 449 549 1)
(137451 101632 128695 229 329 3)
(137454 -21003.7 52147.9 120 220 1)
(137456 -24245 23074.3 466 566 3)
(137465 31298.4 -78674.7 559 659 1)
(137473 69729.6 -17168.3 339 439 0)
(137513 15217.4 -129994 433 533 1)
(137522 40334.1 878.337 365 465 0)
(137529 -56416.7 -36352.7 332 432 1)
(137530 -77463.3 14108.2 104 204 0)
(137537 -35988.6 41108.3 98 198 0)
(137541 -32084.6 108666 622 722 3)
(137543 -86476.8 126670 267 367 1)
(137544 -69302.1 -70420.4 37 137 1)
(137555 -92526.5 -21241.4 309 409 3)
(137559 4039.52 -111971 575 675 1)
(137574 64496.8 -117918 445 545 1)
(137579 -76502.4 59072.6 612 712 0)
(137586 47466 -17147.7 489 589 1)
(137590 92767.8 149795 479 579 3)
(137611 -117770 -115996 276 376 1)
(137624 -12961.4 -61535.2 368 468 0)
(137625 60415 108525 202 302 3)
(137669 41529.8 21300.7 93 193 1)
(137672 -26179.6 40097.9 303 403 1)
(137673 -6993.01 -121131 605 705 1)
(137674 2059 106510 229 329 1)
(137680 100650 -72521.9 309 409 1)
(137681 -24085.6 -117779 115 215 1)
(137684 -40124.1 -86652.3 136 236 1)
(137695 -102633 15981.5 487 587 1)
(137696 67467.1 -134995 337 437 1)
(137697 4019.12 -80542 376 476 0)
(137704 -5021.83 5780.45 213 313 3)
(137717 97797.3 26085.8 552 652 0)
(137727 98710.3 -29229.8 400 500 0)
(137734 103589 -69464.1 117 217 1)
(137736 16165.8 -119755 72 172 1)
(137746 40341.8 -61516.9 328 428 0)
(137753 108733 -42417.9 341 441 0)
(137755 -29095.4 30069.1 129 229 1)
(137757 26300.2 68069.2 220 320 0)
(137775 69544.9 77271.7 446 546 3)
(137792 -7877.73 -135278 542 642 1)
(137796 -117694 25021.2 397 497 1)
(137800 -55223.3 103452 3 103 1)
(137804 42395.7 -9125.82 558 658 3)
(137805 -29200 -11178.2 339 439 1)
(137806 -37220.9 -29268.5 1 96 1)
(137814 14143.8 37079.6 71 171 3)
(137817 -40138.5 -40345.9 525 625 1)
(137823 -45102.8 53066.9 317 417 1)
(137836 2907.65 822.265 186 286 1)
(137839 120863 4972.01 403 503 3)
(137840 -100529 -2132.7 175 275 3)
(137851 -3966.4 -138932 179 279 0)
(137854 56481.4 -15187.7 499 599 1)
(137866 11118.4 80411.5 573 673 1)
(137867 -24097.9 36102.9 51 151 1)
(137870 -11143.4 -36287.6 583 683 0)
(137874 118912 -2097.38 460 560 3)
(137880 114886 -107811 345 445 0)
(137883 124833 26061.7 2 102 0)
(137885 -59349.1 148900 404 504 0)
(137886 99708.5 -46402.6 364 464 1)
(137889 -92655.1 -44419.5 629 729 0)
(137890 -46293.3 -13215.8 51 151 3)
(137891 1077.21 -75683.4 472 572 1)
(137895 2161.56 139789 576 676 1)
(137905 -45112.8 -68897.3 557 657 0)
(137906 -82740 49199.9 292 392 1)
(137911 102412 -128847 269 369 1)
(137914 -22084.6 100301 550 650 0)
(137918 -103723 116441 29 129 1)
(137920 -79404.3 -35315.4 182 282 3)
(137929 115692 -137987 366 466 1)
(137931 -85397.4 -35348.3 273 373 1)
(137940 -72210.5 107669 25 125 0)
(137952 -45246.5 13967.3 565 665 1)
(137953 -81420.6 -44456.5 131 231 3)
(137955 -112622 -26257.2 318 418 1)
(137956 -2996.85 -7167.28 247 347 1)
(137957 -67394.2 148772 265 365 1)
(137960 37215.7 -115780 184 284 1)
(137966 8965.59 -2156.83 101 201 1)
(137969 77574.6 -125765 136 236 1)
(137991 87579.4 29072.7 211 311 3)
(137996 -43258.5 76426 475 575 0)
