(15003 65475.5 -47437.1 78 178 1)
(15011 59376.9 -43372.2 79 179 1)
(15017 -102546 -93586.5 72 172 1)
(15022 -5951.44 -9179.36 227 327 1)
(15027 -121770 44294.5 263 363 0)
(15034 -67411.7 -40400.2 439 539 3)
(15043 41322.9 -59582.9 432 532 1)
(15046 -37150.9 -147081 430 530 1)
(15050 -64292.9 53176.5 148 248 1)
(15055 105920 139732 521 621 0)
(15060 -22028.6 100502 18 118 1)
(15068 -120583 -24908 181 281 3)
(15075 -100543 54276.2 119 219 0)
(15078 76605.8 -40398.8 318 418 1)
(15079 -92633.9 3829.57 610 710 1)
(15101 -121704 -11205.5 100 200 3)
(15104 -94534.1 -44417.1 360 460 1)
(15105 -9998.34 122560 81 181 1)
(15109 -56317.5 -133065 199 299 0)
(15118 124839 16966.5 237 337 1)
(15119 -99541.9 107538 318 418 3)
(15120 100722 -114802 330 430 1)
(15121 -81473 27057.4 250 350 1)
(15122 27233.4 -138040 493 593 1)
(15135 53453.9 54262.4 505 605 1)
(15136 63445 -74514.5 168 268 1)
(15137 -83138.6 -107651 453 553 1)
(15147 64469.1 -23550.4 478 578 1)
(15150 -29121.1 32105.1 580 680 0)
(15166 -14037.6 -11172.6 126 226 1)
(15170 -49263.8 20989.7 240 340 1)
(15174 -73395.2 -43424.6 273 373 3)
(15181 33210.7 -93804.7 443 543 1)
(15184 25172.9 -105676 86 186 1)
(15189 -50194.7 -89517.8 117 217 1)
(15200 -101558 4943.76 457 557 0)
(15202 81709.4 -137210 239 339 0)
(15206 -4970.79 -26255.3 41 141 -1)
(15217 -8999.08 -22279.6 168 268 1)
(15218 53642.7 65652.1 575 675 0)
(15221 -37205.9 49204.3 346 446 1)
(15234 -27099.8 14911.4 386 486 1)
(15248 48496.1 33025.8 409 509 0)
(15252 -27036.4 -74776 612 712 3)
(15255 70410.7 -106724 134 234 1)
(15257 -111735 -18226.4 616 716 3)
(15264 106817 -33397 539 639 1)
(15287 30123.9 119624 291 391 1)
(15294 -31130.7 14973.9 553 653 1)
(15297 40325.2 -9021.2 462 562 3)
(15299 115761 80206.4 340 440 3)
(15303 35255.9 -96627.9 3 103 3)
(15304 -10014.7 -68576.8 329 429 1)
(15307 79617 -14258 493 593 1)
(15317 28290.4 48274.5 601 701 1)
(15324 -9238.03 -130794 500 600 3)
(15337 97788.2 -139175 364 464 1)
(15338 -26101.8 124582 153 253 1)
(15345 -115509 -52436.9 190 290 1)
(15360 -29099.2 25023.6 19 119 1)
(15361 -87537.1 -78713.1 508 608 1)
(15388 -19102.7 -4284.42 458 558 1)
(15399 82417 21082 204 304 3)
(15400 -29134.1 -54492.8 421 521 3)
(15403 -81454.7 32081.5 365 465 1)
(15406 -64301.9 51439.5 89 189 1)
(15409 -123.833 77289.6 283 383 1)
(15410 -85453.3 23056 169 269 0)
(15416 -111535 99532.6 143 243 1)
(15425 81595.2 -53511.1 139 239 1)
(15428 -64286.1 -10877.7 149 249 3)
(15431 45342.8 73304.1 227 327 1)
(15432 77462.6 -113706 59 159 3)
(15440 -64262.9 -44495.6 230 330 0)
(15444 -31239.9 -49511.1 56 156 3)
(15448 96844.3 -67757.7 615 715 1)
(15451 15158.5 13987.2 622 722 1)
(15454 44411.9 -80862.3 586 686 0)
(15461 98610.7 120567 91 191 1)
(15463 63446.8 113470 33 133 0)
(15466 -50218 125950 546 646 3)
(15470 -20105.5 38115.5 131 231 1)
(15496 65440.8 -52518.2 404 504 1)
(15502 51370.4 113529 132 232 1)
(15506 96831.6 -115010 577 677 3)
(15513 -75432.8 91565.4 624 724 1)
(15514 74606.1 11731.1 243 343 3)
(15517 -76467.6 -33366.1 445 545 1)
(15518 -68360.1 -19214.8 221 321 1)
(15519 -115472 133942 224 324 1)
(15523 -87438.5 -140868 83 183 1)
(15530 -107576 24848.2 186 286 1)
(15532 -12999.6 -23287.4 295 395 3)
(15534 -80412.8 18002.8 172 272 1)
(15537 -16904.9 62433.4 317 417 3)
(15541 -56261.9 -55460.5 209 309 1)
(15549 83551.7 -27286.5 231 331 1)
(15553 112777 -40299 289 389 1)
(15557 -56292.1 109781 431 531 3)
(15562 -89407.6 -82682.2 589 689 1)
(15571 -96573.8 87436.9 329 429 0)
(15582 -34133.2 13901.9 362 462 0)
(15584 74559.7 44110.2 537 637 0)
(15588 41415.6 -93570.3 129 229 1)
(15590 -41123.2 86409.6 127 227 1)
(15592 64447.3 -90732.4 109 209 1)
(15598 104708 9955.81 213 313 1)
(15602 -11026.3 -120775 97 197 1)
(15604 -25979.7 17930.1 171 271 3)
(15624 27261.4 69343.5 501 601 1)
(15628 17172.3 118680 456 556 3)
(15638 -17045.1 89367.1 26 126 3)
(15642 65527 -83600.3 386 486 0)
(15657 78521.5 60239.1 222 322 1)
(15661 -54214.9 79441.9 286 386 3)
(15667 77582.4 -13130.6 231 331 1)
(15673 -100615 92482.3 521 621 3)
(15674 3073.71 -108739 61 161 1)
(15678 100604 -81605 133 233 0)
(15684 -79580.1 7028.91 318 418 0)
(15686 -120224 66475.5 447 547 1)
(15691 123860 -88717.8 387 487 3)
(15693 31197.9 -122910 1 93 0)
(15695 109713 -135936 180 280 1)
(15704 -77457.4 -103795 359 459 3)
(15705 -59238.9 -67472.4 29 129 3)
(15712 17158.5 -58353.8 264 364 0)
(15720 121898 111639 313 413 1)
(15721 84607.5 -17062.3 265 365 1)
(15724 62511 75371.1 465 565 1)
(15729 -81382.1 -69470.4 137 237 1)
(15732 -116694 7834.32 504 604 1)
(15738 -1920.59 -128999 403 503 1)
(15743 41347.5 81391.7 427 527 1)
(15752 -104600 139664 406 506 0)
(15775 12166.1 -89760.8 566 666 3)
(15776 47363.1 54204.1 111 211 3)
(15780 -36119 -29369.4 62 162 1)
(15782 76504.6 66671.2 562 662 1)
(15787 8064.04 8286.73 293 393 1)
(15790 -25074.4 -22234.7 433 533 1)
(15791 -44238.1 -129073 595 695 1)
(15810 62454.6 -87678.6 405 505 1)
(15811 -36096.4 -55286.1 104 204 3)
(15812 28342.9 -47327.9 256 356 1)
(15821 87441.1 8830.7 164 264 0)
(15825 67325.6 102852 241 341 3)
(15827 54339.1 3942.83 69 169 3)
(15831 -114663 62270.5 325 425 1)
(15848 65505.8 73365 480 580 1)
(15855 37284.7 -119868 309 409 1)
(15864 16485.2 -123838 206 306 0)
(15865 -124800 -28194.4 460 560 1)
(15872 57467.4 -41428.5 601 701 1)
(15873 83502.2 -145048 375 475 0)
(15878 59518.1 16005.2 470 570 3)
(15886 -70373.9 -25309.1 107 207 0)
(15896 -59340.3 -108894 527 627 1)
(15898 -12967.7 88392.2 265 365 3)
(15899 -68423.9 22934.3 269 369 0)
(15905 69681.5 -47293.1 609 709 1)
(15910 -72395.5 -16226.6 431 531 1)
(15914 -80370.6 -137822 1 94 3)
(15915 37351.1 74426.6 468 568 1)
(15916 100802 -82497.6 392 492 3)
(15939 61865.8 -3891.63 221 321 3)
(15941 -79458.4 105542 332 432 1)
(15943 -3978.96 -50474.2 569 669 0)
(15951 -34099.6 100647 626 726 3)
(15960 74470 -99673.9 1 94 1)
(15964 -17037.3 6907.53 164 264 3)
(15970 -121725 130708 408 508 1)
(15980 65536.8 -128027 581 681 1)
(15985 -20971 43079.2 92 192 0)
(15986 4070.98 -131082 609 709 1)
(15992 -103907 -124221 542 642 1)
(15996 73385.2 -49470.2 108 208 3)
(15998 -63292.8 -98673 99 199 1)
