(105005 118833 2950.15 495 595 1)
(105008 46365.1 -149093 393 493 1)
(105014 -111737 94559.7 360 460 3)
(105018 -49361.6 17987.4 527 627 1)
(105028 85574.9 108506 210 310 1)
(105030 -9995.86 140835 583 683 1)
(105039 122730 -128903 258 358 1)
(105043 -8937.8 -29305.9 554 654 1)
(105048 79667 -49485 466 566 1)
(105052 -47228.3 -100807 484 584 3)
(105058 54489.2 -107816 389 489 0)
(105069 -16087 34168.8 98 198 1)
(105070 -51294.8 -104823 392 492 0)
(105071 90688.7 -95865.3 535 635 1)
(105077 -102582 -112927 201 301 1)
(105084 33295.6 145835 387 487 1)
(105089 45387.6 17005.9 425 525 0)
(105106 -51231.2 -19356.9 263 363 0)
(105113 -23963.2 -86543.9 51 151 1)
(105114 -11015.1 -128927 284 384 0)
(105117 88763.8 -19215.7 565 665 1)
(105121 6898.58 -41334.2 85 185 1)
(105125 -44226 148837 430 530 1)
(105126 82651 -144105 534 634 1)
(105130 -33135.1 118579 169 269 3)
(105131 -82422.8 133615 199 299 1)
(105134 92651.7 -115491 164 264 3)
(105141 63403 62109.4 197 297 3)
(105142 -22107.9 -77629.1 108 208 1)
(105143 -9968.65 143662 4 104 1)
(105149 -77428.8 -64542.1 490 590 1)
(105154 1062.79 24035.2 180 280 1)
(105157 88618.8 -144254 612 712 3)
(105171 -34158.5 82433.7 148 248 3)
(105173 -106874 105705 171 271 0)
(105183 104674 51229.3 173 273 1)
(105190 24194.1 44139.8 176 276 0)
(105203 -45270.9 -7174.34 558 658 3)
(105204 -93457.1 -83594.7 1 101 0)
(105207 -89420.1 -74536.1 243 343 0)
(105220 11138.6 -101784 353 453 0)
(105222 -59279.1 -18210.1 137 237 1)
(105232 104821 -87649.7 253 353 1)
(105241 8095 -85647.5 198 298 1)
(105244 -35180.2 -91651.3 200 300 1)
(105253 29239 -119998 359 459 0)
(105256 -21143.2 52342.5 3 103 0)
(105257 54357.6 -126905 118 218 1)
(105271 110750 -74609.4 342 442 1)
(105307 -11980.3 42072 341 441 0)
(105316 -75425.6 -42315.8 243 343 1)
(105317 -83498.7 4893.76 473 573 0)
(105319 -53338.2 -184.871 52 152 1)
(105332 83552.9 -121769 16 116 3)
(105334 -60290.5 -26250.5 108 208 0)
(105338 22110.2 -107961 564 664 0)
(105340 17976.4 37953.9 43 143 0)
(105347 -22142 69374 524 624 1)
(105349 -85467.8 -146963 162 262 1)
(105363 -49294.4 44016.5 384 484 1)
(105370 117901 -73543.9 358 458 1)
(105371 -8007.65 -75727.4 594 694 1)
(105378 108927 -132984 609 709 0)
(105388 42212.9 26958.6 428 528 1)
(105390 62483.1 -101815 462 562 1)
(105392 -31146 -19302.5 529 629 3)
(105400 12144.7 -32310.4 228 328 1)
(105417 95715.8 908.871 476 576 1)
(105419 -27099.1 -89664.2 338 438 1)
(105421 58485 16008.7 451 551 3)
(105422 63182.6 41335.5 102 202 1)
(105427 -35961.7 -116841 419 519 1)
(105430 -11016 17983.9 566 666 1)
(105435 -85485.3 -2122.2 220 320 1)
(105439 4165.34 -81667.7 254 354 3)
(105444 -11020.7 -84692.3 406 506 0)
(105445 -97562.3 114595 342 442 1)
(105466 3324.81 103524 78 178 3)
(105470 -10066.6 -98646.7 366 466 0)
(105476 27200.2 -64458.1 41 141 1)
(105481 75504.6 -27358.8 221 321 1)
(105490 -57309.1 1849.09 185 285 1)
(105493 -18111.3 71404.4 435 535 1)
(105509 -99562.8 30093.7 239 339 1)
(105514 12129 -58421.7 42 142 1)
(105519 -46125.2 1917.66 21 121 0)
(105524 10191.4 19911.3 255 355 0)
(105526 93680.7 -51485.3 461 561 1)
(105528 29268.2 -62511 391 491 3)
(105529 -39204.4 -22302.8 569 669 0)
(105537 55342.7 -104846 330 430 1)
(105538 -104760 -71683.8 529 629 1)
(105540 18031.6 -5254.52 278 378 1)
(105548 -12949 110546 47 147 0)
(105550 9109.34 123732 543 643 1)
(105553 22247.2 104413 45 145 0)
(105566 -96485.1 34999 226 326 3)
(105577 11118.2 -38309.8 105 205 3)
(105584 -117769 127612 544 644 1)
(105595 48328.8 -43390.4 182 282 3)
(105597 -51339.8 -74681.2 443 543 1)
(105600 35227 -44349.2 65 165 0)
(105601 27211 1871.45 303 403 1)
(105604 -49217.8 -75629.4 229 329 1)
(105608 -50448.5 44178.6 471 571 1)
(105612 64408.5 11969.9 19 119 1)
(105615 25255.7 -146109 428 528 1)
(105616 -19049.9 -85587.4 148 248 1)
(105619 -84235 22990.3 274 374 1)
(105624 44237.6 19045 180 280 0)
(105626 11220.3 78311.7 109 209 1)
(105634 4096.93 -26274.1 269 369 1)
(105645 -121677 128629 304 404 0)
(105655 89616.9 -123823 180 280 0)
(105656 123909 -81671.5 508 608 1)
(105658 -42182.8 4908.17 123 223 1)
(105671 103636 131648 181 281 1)
(105684 -54894.3 142321 608 708 1)
(105689 197.519 -92572.5 126 226 3)
(105693 62381.4 63232.1 12 112 1)
(105695 -40221.3 146873 114 214 1)
(105707 -106764 -25454.9 560 660 3)
(105708 33293.7 14946.9 446 546 1)
(105711 26253.6 102571 601 701 1)
(105717 67489.9 -146049 342 442 3)
(105718 -42208.5 123622 213 313 3)
(105722 -57263.6 -128815 27 127 1)
(105728 -56275.5 -98709.8 161 261 1)
(105729 86702.6 7936.86 385 485 0)
(105741 71535.9 18021.6 591 691 1)
(105760 -10999.1 -98679.1 132 232 1)
(105767 32257.8 61241.2 268 368 1)
(105770 51336 -37366.7 199 299 3)
(105776 -12937.5 28193.3 445 545 1)
(105779 -89509.5 143852 143 243 3)
(105780 -61374 68346.6 432 532 1)
(105790 -17966.6 -45472.3 31 131 0)
(105792 -18031.7 117559 172 272 1)
(105795 117873 -55481 420 520 1)
(105810 -106605 78341 255 355 3)
(105825 3094.38 -126053 619 719 3)
(105829 -45285.6 -53554.9 112 212 0)
(105834 83262.6 34275.9 491 591 1)
(105835 87611.1 -4280.32 152 252 1)
(105840 -17035.1 -22275.1 557 657 1)
(105844 -19026.6 95463 403 503 1)
(105845 -74321 -116856 375 475 3)
(105849 54361.3 6982.22 209 309 1)
(105852 64441.8 34117.8 127 227 1)
(105855 46440.2 -41558.2 533 633 0)
(105859 135.025 -7068.76 1 101 1)
(105862 -13086.1 -55503.1 433 533 1)
(105863 4223.98 -72500 251 351 1)
(105873 -52206.5 101471 112 212 1)
(105877 59311 47036.8 20 120 1)
(105883 -41191.6 -72529.7 156 256 1)
(105887 106789 74549.4 571 671 1)
(105895 28361.4 -71519.6 489 589 1)
(105897 76596.3 -9544.14 286 386 0)
(105905 41376.9 71284.2 373 473 1)
(105907 -75299.2 92315.3 106 206 1)
(105913 -89273.5 -119217 397 497 0)
(105916 124773 -105734 125 225 1)
(105917 -60290.2 121587 180 280 3)
(105925 50397.7 -125895 326 426 1)
(105943 9125.61 82628.8 553 653 1)
(105945 -42187.6 123652 359 459 3)
(105949 98830 -69816.7 422 522 1)
(105950 -108575 -8232.97 617 717 0)
(105953 -110716 60262.2 541 641 1)
(105959 -102494 -131977 170 270 3)
(105961 10079.7 147751 500 600 0)
(105962 28283.7 75401.8 475 575 3)
(105963 -34156.9 85416.9 350 450 3)
(105979 -114747 -52534.4 506 606 1)
(105984 -34459.8 -141763 344 444 3)
(105994 28103.3 -34327.9 563 663 1)
(105995 51423.2 -79698.4 585 685 1)
