(126002 -69287 -15210.8 56 156 3)
(126003 -48208.1 1882.11 115 215 3)
(126019 -55321.1 97537 594 694 1)
(126020 9117.46 -117670 221 321 1)
(126030 -83497.5 47088.2 211 311 1)
(126037 16123.1 14944.7 67 167 1)
(126051 51335.7 -79553 52 152 1)
(126054 -88799.4 -19459.5 445 545 1)
(126056 116773 -67542.9 232 332 1)
(126060 -18018.8 147717 119 219 1)
(126068 52344.2 -92752.1 467 567 1)
(126074 -26071.5 -66470.1 65 165 1)
(126079 106539 10893.1 244 344 1)
(126081 76505.9 -67518.9 283 383 3)
(126084 -20071.6 -103794 354 454 1)
(126086 -5974.89 9948.4 253 353 1)
(126100 -17123 -112810 350 450 3)
(126108 -5911.57 -32374.5 529 629 1)
(126116 81681.9 -118873 460 560 1)
(126130 2041.79 -109692 49 149 1)
(126135 -81492.8 40212.6 580 680 1)
(126137 -33116.5 -27228.3 611 711 0)
(126151 -12038.6 -7150.87 115 215 1)
(126162 -16037.5 -60454.8 111 211 3)
(126173 74468.9 8982.17 79 179 3)
(126174 53381 -85677.4 294 394 0)
(126175 -50241.8 50187.5 18 118 1)
(126178 -47279.2 -52458.4 109 209 0)
(126183 -75349.2 74346.1 296 396 3)
(126193 83716.9 64241.2 304 404 0)
(126194 -43250 -33399.1 414 514 0)
(126196 -59339.5 138899 623 723 1)
(126197 61166.2 145028 352 452 1)
(126199 -120646 -25252.4 10 110 0)
(126203 38405.1 -29379.4 456 556 1)
(126208 -34229.2 38106.8 1 98 0)
(126220 7133.06 -57511.6 358 458 0)
(126227 53382.5 -122785 3 103 3)
(126228 43319.7 -43375.8 6 106 1)
(126240 -24079.9 40128.2 211 311 3)
(126254 -103551 -11190.6 219 319 3)
(126259 -38207.6 4150.27 535 635 3)
(126264 12168.4 -49381.7 74 174 1)
(126273 -99753.8 105232 200 300 1)
(126285 -106533 -7145.79 107 207 1)
(126296 -62260.7 91487.2 310 410 1)
(126300 86655.5 -3175.39 453 553 1)
(126303 82429.7 30902 131 231 1)
(126305 -76315.1 -61410.9 126 226 1)
(126307 80651.3 -65604.7 610 710 1)
(126318 -106571 -110807 237 337 1)
(126320 23168.4 -2141.24 44 144 1)
(126325 -88511.7 38142.4 488 588 1)
(126326 -102694 3897.48 629 729 1)
(126328 105696 132676 216 316 1)
(126350 -4956.68 -59452.7 230 330 1)
(126351 -74323 64231 291 391 3)
(126352 -14031.9 93532.9 509 609 1)
(126353 -48243.4 23200.5 310 410 1)
(126354 -111540 -86589.3 1 94 1)
(126359 114020 -76769.7 589 689 3)
(126360 -102572 -39319.5 78 178 1)
(126361 102598 83302.7 365 465 3)
(126362 10215.3 -31322 68 168 1)
(126363 91636.9 -48405 322 422 1)
(126370 2167.55 -112731 125 225 1)
(126378 -61228.9 -126576 198 298 1)
(126381 -88545.2 -127023 617 717 1)
(126383 -122757 -24311.6 502 602 1)
(126390 -120668 -88767 491 591 1)
(126393 -40100.7 131713 85 185 3)
(126394 95481.1 -18051.5 321 421 0)
(126397 -73373.9 -77571.1 169 269 1)
(126404 -63350.7 34096.1 261 361 1)
(126407 71739.6 70345.5 581 681 0)
(126421 -48232 -116906 184 284 0)
(126427 -35057.6 45207.5 514 614 1)
(126428 -61410.1 126816 534 634 3)
(126429 -118591 -53348.7 17 117 1)
(126434 2080.13 -72584.5 343 443 1)
(126436 -52238.4 85368 185 285 1)
(126440 23180.4 56264.4 606 706 0)
(126453 17145.4 -87628.4 298 398 0)
(126457 -104662 66309.4 566 666 1)
(126465 210.205 21177.3 161 261 3)
(126466 -61402.2 -4067.69 406 506 1)
(126473 78577.3 -70672.4 578 678 1)
(126477 54310.2 121471 99 199 1)
(126481 118718 92400.6 89 189 3)
(126488 -2993.48 -83686 250 350 1)
(126491 18171.4 98532.2 501 601 1)
(126497 -92588.8 14934.5 549 649 1)
(126503 -116707 4931.47 288 388 0)
(126507 23214.2 30058.3 306 406 3)
(126508 -11016.1 7936.03 213 313 1)
(126510 -12016.4 67348.9 193 293 1)
(126512 21081.9 -110205 440 540 3)
(126514 -2002.32 -139023 339 439 1)
(126519 -13024.7 -118910 361 461 0)
(126523 -80400.3 122778 564 664 3)
(126549 -60170 -59534.3 415 515 1)
(126561 -77408.8 -145010 282 382 3)
(126569 5108.26 -112872 391 491 1)
(126573 55469.2 -48481.3 472 572 3)
(126579 11182.3 -117778 364 464 0)
(126580 -71435.8 56270.6 481 581 1)
(126593 -92441.2 -16190.2 1 99 1)
(126599 -72349.5 77467.9 575 675 1)
(126616 -26071.5 106564 583 683 3)
(126617 -33160.4 -13189.1 204 304 3)
(126628 115862 144838 205 305 3)
(126634 -58315.2 -132023 487 587 1)
(126645 -107678 -116996 596 696 1)
(126649 51358.3 94412.4 178 278 1)
(126650 78446.8 -14245.3 27 127 1)
(126654 -67402.5 2929.23 348 448 3)
(126656 101447 -31392.1 148 248 1)
(126657 25222.3 45179.6 512 612 3)
(126665 -75548.4 105359 21 121 0)
(126668 -29000.6 -4106.02 113 213 1)
(126673 60534.9 -81647.2 74 174 1)
(126676 103452 -104733 68 168 3)
(126683 -48330 -55518 224 324 1)
(126686 62382.9 123525 81 181 3)
(126691 -40266.2 131985 626 726 1)
(126699 -31145.8 -49413.2 307 407 1)
(126708 -30136.9 -142138 490 590 0)
(126714 -33155.8 -70453.8 250 350 1)
(126715 96711.8 -14129.8 611 711 1)
(126720 -101425 33288.6 197 297 1)
(126744 -7033.55 123682 56 156 1)
(126750 -65337.2 57215.5 398 498 1)
(126751 -120687 -8139.63 283 383 0)
(126757 -121558 -103850 40 140 1)
(126770 -107423 -50434.3 171 271 1)
(126773 -98414.6 -68723.6 227 327 0)
(126776 -10129.9 143925 282 382 1)
(126780 80681.4 -101849 625 725 1)
(126785 -32111.5 36090.3 537 637 3)
(126787 61387.9 58232.5 69 169 1)
(126788 8065.61 92432 378 478 1)
(126793 -81404.1 -26253.2 119 219 1)
(126801 59542.9 13942.4 563 663 0)
(126805 -50175.6 -31318.8 227 327 1)
(126807 96701.4 -4173.47 237 337 1)
(126809 -82605.9 24330.5 511 611 1)
(126821 -112631 -100790 350 450 1)
(126825 -102471 -146876 46 146 1)
(126829 19220.4 34126.5 532 632 1)
(126832 50469.8 -133844 606 706 1)
(126838 -45226.3 -147224 497 597 1)
(126841 16148.5 73272.8 8 108 1)
(126846 24230 -139108 575 675 1)
(126853 -38354.2 -53907.3 461 561 1)
(126864 -74441 -93625.6 131 231 3)
(126873 -66342.9 36104.2 337 437 3)
(126875 114839 -4026.47 284 384 0)
(126881 120844 -138060 533 633 0)
(126883 31292.9 31083.4 563 663 1)
(126889 77748.1 -99835.3 537 637 1)
(126898 -109603 -23254.9 614 714 1)
(126899 -10985.2 27019.8 258 358 1)
(126915 -32095.3 -45355.1 10 110 1)
(126922 103737 -116801 125 225 0)
(126924 113890 74434.2 605 705 0)
(126932 -62268.1 -7210.05 352 452 1)
(126935 47373.6 28058.6 496 596 3)
(126940 101726 -100732 266 366 1)
(126941 -12007.9 -103726 169 269 1)
(126945 30219.4 10942.2 90 190 0)
(126946 46378.6 -35138.1 400 500 0)
(126960 113690 -76537.5 91 191 0)
(126968 34279.5 3885.33 143 243 1)
(126972 8139.96 -23249.4 563 663 1)
(126974 82639.4 -25361.4 590 690 1)
(126977 49463 71417.6 610 710 3)
(126979 124753 88424.8 248 348 1)
(126989 5828.44 -125113 318 418 3)
(126994 -13002.7 20085.7 254 354 1)
