(84008 -12958.6 -56649.2 282 382 1)
(84021 -18039.8 -29300.8 254 354 1)
(84026 -72514.2 95750.8 246 346 1)
(84027 94656.5 -33312.7 267 367 1)
(84035 -3089.08 13793.7 22 122 0)
(84046 119008 77458.7 625 725 0)
(84047 -73336.3 7952.44 91 191 1)
(84050 48307.5 53024.9 141 241 1)
(84063 30313.1 85412.4 485 585 1)
(84068 -116735 15989.4 331 431 3)
(84069 -77443.3 15946 441 541 1)
(84071 -994.663 126723 210 310 1)
(84075 77503.1 -57533.7 407 507 1)
(84083 -113785 96856.9 570 670 0)
(84085 49239.3 -108709 272 372 3)
(84087 79522.2 78304.5 56 156 0)
(84093 97837.1 -83801.1 550 650 1)
(84094 -92461.3 -10170.8 71 171 1)
(84096 -64339.3 -42372.9 245 345 1)
(84098 55374.5 -42363.6 86 186 3)
(84108 98671.3 12010.8 250 350 1)
(84114 -39167.4 63479.9 539 639 3)
(84115 74482.2 141734 276 376 3)
(84118 16159.4 -10185.3 74 174 1)
(84121 -75286.6 130596 114 214 1)
(84130 7122.81 -55430.3 474 574 1)
(84132 -4959.07 -4244.34 409 509 1)
(84135 -114589 129703 81 181 1)
(84138 -28189.9 -60483 297 397 3)
(84142 33302.5 -111921 545 645 1)
(84144 -89325.4 -116715 131 231 3)
(84145 97682.7 91466.6 450 550 0)
(84146 -84492.3 -84540.6 24 124 1)
(84149 -34124.1 -130900 313 413 0)
(84151 -101491 17958.2 225 325 3)
(84166 56386.5 4910.75 170 270 1)
(84175 124932 144977 453 553 0)
(84176 31487.9 -55343.8 15 115 1)
(84178 -102594 68266 247 347 1)
(84179 11129.2 106487 266 366 1)
(84183 -59318 -145171 572 672 1)
(84188 31317.8 21042.8 602 702 1)
(84209 72484.6 -37346.9 267 367 3)
(84227 -18105.7 39099.8 339 439 3)
(84230 -123744 -49455.8 360 460 0)
(84233 -113689 -22459.3 415 515 3)
(84244 -103704 48317.9 369 469 1)
(84247 109610 46122.1 1 101 1)
(84250 -59253.6 -23399 59 159 0)
(84266 -40178.8 87423.7 250 350 1)
(84267 -26101.8 -14256.4 310 410 0)
(84268 -109657 -4258.34 337 437 1)
(84271 56308.5 -16102.4 71 171 1)
(84275 -6207.32 -108309 185 285 3)
(84278 -53182.7 -73584.4 327 427 1)
(84292 68586.1 -93820.2 558 658 1)
(84296 100830 -87679.8 324 424 0)
(84298 -61345.1 -72527.1 36 136 1)
(84305 57275.1 21004.4 625 725 0)
(84313 -37446.2 -76947.6 305 405 0)
(84317 -35223.8 -115722 130 230 1)
(84323 -83472.8 -66587.2 440 540 1)
(84328 124792 -87683.8 369 469 3)
(84333 112710 -117814 233 333 1)
(84337 109869 25067.2 552 652 1)
(84340 2096.36 -72519.4 374 474 1)
(84351 -96476.3 -21229.4 339 439 3)
(84355 31258.7 26055.2 251 351 3)
(84356 -77395.6 -101505 255 355 1)
(84357 124937 -21308.3 535 635 1)
(84366 -12953.9 -39506.2 359 459 0)
(84372 -114906 -51360.8 501 601 1)
(84384 -25058.4 40153.5 551 651 3)
(84388 -109760 -17267.7 595 695 3)
(84389 92543.6 -124778 45 145 1)
(84394 78733.7 -89714.8 442 542 3)
(84399 -54317.7 -77699.9 601 701 1)
(84401 73489.6 -106729 32 132 0)
(84407 -2969.22 -36328.8 74 174 3)
(84409 78586.9 1024.32 574 674 0)
(84415 -1997.49 21996.7 547 647 1)
(84426 -51279.4 -99760.9 144 244 1)
(84432 61456.8 -39374.1 402 502 3)
(84433 103627 4921.01 20 120 0)
(84435 -57387 -103838 587 687 3)
(84437 -80548.4 -65609.9 555 655 1)
(84444 -79453 -83671.4 406 506 1)
(84449 84707.8 37058.8 534 634 1)
(84451 -36125.7 82325.1 3 103 1)
(84456 61466.2 58255.6 198 298 0)
(84457 -2010.45 -9367.7 222 322 1)
(84458 -111639 -63566.3 519 619 1)
(84465 -93439.5 -74271.1 284 384 1)
(84466 124518 -88711.6 44 144 3)
(84473 -94536.8 16860.5 271 371 1)
(84475 -33165.5 -19285.7 604 704 1)
(84478 104690 -67434.1 133 233 1)
(84482 -66314.4 -22307.2 184 284 1)
(84483 64807.9 -135889 489 589 3)
(84494 62494.2 58260.2 382 482 1)
(84497 -69485.7 12969.9 186 286 1)
(84498 -70371.5 -86585.6 129 229 0)
(84507 -91540.9 -93714.4 315 415 3)
(84517 -43158.3 -6125.12 2 102 1)
(84519 -31122.9 -30301 161 261 3)
(84527 11157.6 68315.8 465 565 0)
(84528 -79468.2 112593 166 266 0)
(84530 84452.3 19857.2 422 522 1)
(84537 62564.8 -86809.4 601 701 1)
(84543 -75381.4 17991.6 92 192 1)
(84544 75421.6 36041.9 470 570 3)
(84554 94683.2 80389.8 589 689 3)
(84561 -97582.1 -2277.41 370 470 1)
(84562 -81477.9 63592.1 391 491 1)
(84563 -108791 136721 523 623 0)
(84569 -13061 -38334.7 508 608 1)
(84573 85698.4 -19280.3 417 517 1)
(84578 -44210.8 29049.1 254 354 1)
(84579 -55368.7 71313 123 223 3)
(84585 -98446.3 61225.4 78 178 1)
(84587 -119826 -12265.7 593 693 3)
(84589 26317.6 115706 15 115 3)
(84591 -36168 146781 233 333 3)
(84594 68513.3 13979 275 375 3)
(84596 2087.36 67329.6 559 659 1)
(84600 -47214 -54487.7 277 377 1)
(84606 -76574.5 65251.9 425 525 3)
(84611 -42280.4 4812.51 310 410 1)
(84620 -61316 111540 161 261 1)
(84627 122817 -133947 299 399 3)
(84628 36290.8 -69651.9 447 547 0)
(84629 10146.8 -120753 81 181 1)
(84632 58373.3 -50400.5 61 161 1)
(84637 23357.5 56332.4 280 380 0)
(84640 32326.4 96444.3 434 534 3)
(84641 70499.8 115609 170 270 0)
(84645 38295.8 -35351.2 160 260 3)
(84661 -118837 -92743.6 584 684 0)
(84664 -23083.1 -62530.4 500 600 3)
(84669 23204 -114994 516 616 1)
(84671 58372 -77537.7 22 122 1)
(84676 41387.6 32150 420 520 1)
(84679 40567.5 -62486.9 491 591 1)
(84680 -26625.4 -46487.3 206 306 1)
(84688 -20022.3 -39319.3 204 304 0)
(84703 -65395.9 10927.2 356 456 1)
(84704 25214.4 96600.6 335 435 1)
(84719 80562.7 -87702.7 186 286 0)
(84721 -16020.2 29077.2 5 105 1)
(84726 -58316.8 78415.2 278 378 1)
(84728 71307.3 -113108 156 256 0)
(84735 -63343.6 -82619.3 1 101 1)
(84737 -96673.4 -30282.3 291 391 1)
(84738 105717 70325.3 276 376 1)
(84740 71316.1 -81711.3 497 597 3)
(84744 43368.6 -47455 31 131 1)
(84746 -59142.6 -93112.2 240 340 1)
(84747 -111727 -42535.5 63 163 1)
(84754 -76439.9 -116968 579 679 1)
(84758 69455.6 -50426.9 126 226 1)
(84759 -86500.1 -86757.2 551 651 1)
(84764 17203 -38392.3 361 461 1)
(84766 -121741 -68552.4 382 482 1)
(84779 21211.1 88590.6 504 604 3)
(84780 103704 124649 301 401 1)
(84783 82505.8 -23247.5 71 171 3)
(84791 -98553.6 -39253.7 83 183 1)
(84795 -120612 135669 55 155 1)
(84802 -49260.9 116656 605 705 1)
(84806 19012.3 31990.6 543 643 1)
(84807 -114630 -145074 423 523 0)
(84820 -6992.49 58261.8 29 129 1)
(84834 70519.4 48211.8 369 469 1)
(84835 -18039.7 -51466.9 270 370 1)
(84837 51.2631 -104793 350 450 1)
(84838 -40132.4 -37393 189 289 1)
(84839 -55265.3 -84632.9 524 624 0)
(84846 84583.8 -15231.3 318 418 1)
(84858 76635.7 -106936 542 642 0)
(84859 -8880.21 -115828 314 414 1)
(84863 -34141.5 71303.2 279 379 1)
(84868 97681.8 -75549.9 277 377 1)
(84875 68520.1 -16197.8 213 313 0)
(84876 123866 30378 164 264 3)
(84884 -20150.8 108409 462 562 1)
(84886 -42300.9 50264.4 535 635 3)
(84899 -61317.8 -29282.9 164 264 1)
(84904 -90440.7 5913.67 112 212 3)
(84905 -101495 46128.8 90 190 1)
(84919 124839 115592 308 408 1)
(84921 -55250.8 -148943 103 203 1)
(84936 31254.5 -24242.5 269 369 1)
(84939 65468.4 -55494.2 307 407 3)
(84943 60429.6 55194.3 248 348 0)
(84952 26264.5 -42319.3 100 200 0)
(84968 95561.2 138679 2 102 1)
(84974 -33137.4 -32313.2 196 296 1)
(84979 -3933.75 40163 277 377 1)
(84997 -106444 109365 148 248 1)
