(107003 -47237.9 -101853 475 575 1)
(107008 -33134.3 -25347 126 226 3)
(107016 -104592 21039.7 341 441 0)
(107020 -49316.1 -108640 8 108 1)
(107023 -66309.4 -49325.4 70 170 1)
(107024 27298.7 94575.2 582 682 1)
(107026 -91425.4 -37314 54 154 1)
(107034 -10006.7 -91689.3 226 326 3)
(107038 77692.9 -61638 520 620 1)
(107043 -3012.32 -104750 212 312 1)
(107049 46377.4 15978.1 247 347 1)
(107056 -35084.5 -19484.9 231 331 0)
(107063 -91614 14062.8 219 319 0)
(107064 -33107.1 -220.684 559 659 1)
(107069 -108701 115735 604 704 3)
(107072 22233 -74657.3 480 580 3)
(107075 -31040.5 15916.9 303 403 1)
(107076 7085.77 -49447.9 353 453 1)
(107080 -92691.3 -42460.7 598 698 1)
(107087 115717 -134865 132 232 3)
(107088 77635.3 -74618.7 588 688 1)
(107098 -28087 78382.4 173 273 1)
(107102 83581.9 -99732.4 200 300 1)
(107110 -59272.7 12952.4 100 200 1)
(107114 8219.3 -59592.8 583 683 1)
(107115 -53561.9 -77907.3 545 645 3)
(107120 25207.6 125627 14 114 0)
(107123 -4056.74 -21330.6 616 716 1)
(107125 55457.6 -119919 434 534 1)
(107126 6070.48 -123798 3 103 1)
(107127 -6980.78 -61494.3 224 324 1)
(107129 -124723 -132965 453 553 0)
(107132 -22027.8 -86585.7 140 240 1)
(107133 123843 -89709 413 513 1)
(107154 -73439.7 123659 454 554 1)
(107163 24216.9 -4043.31 49 149 3)
(107166 -65301.6 -50408.8 67 167 1)
(107179 -88442.9 -41372.3 98 198 1)
(107185 26211 -64611.1 519 619 0)
(107199 89719 75359.9 613 713 1)
(107201 -70343.5 -143109 138 238 3)
(107209 52470.1 46215 535 635 1)
(107211 92508.4 -147942 7 107 1)
(107212 1025.21 28803.6 329 429 0)
(107213 103668 20997.9 58 158 3)
(107214 -70312.8 -67460.9 48 148 1)
(107221 44293.6 5882.82 151 251 1)
(107234 8093.79 88400.8 34 134 1)
(107241 -25099.5 -15236.5 483 583 1)
(107243 62111.5 48059.9 18 118 3)
(107244 -44160.5 2851.2 382 482 1)
(107245 117761 -120814 356 456 1)
(107263 -30428.4 -104759 66 166 1)
(107267 -3955.49 49185.8 532 632 1)
(107292 90696.3 71316.7 527 627 1)
(107298 -115655 -55422.9 242 342 1)
(107302 -47242.8 -124857 262 362 1)
(107309 -95484.1 -63471.5 127 227 0)
(107317 -30785.4 -129651 122 222 1)
(107329 29350.7 36142.6 524 624 0)
(107332 115777 -140030 319 419 1)
(107340 12117.7 78316.9 120 220 1)
(107341 75807.6 52167.1 505 605 1)
(107342 -90517.1 -66540.3 325 425 1)
(107343 71462.5 -102711 105 205 1)
(107349 -94485.9 16885.7 188 288 1)
(107355 -113598 -38253.5 341 441 1)
(107360 2163.16 -16281.5 91 191 0)
(107361 -64316.5 -124053 603 703 1)
(107363 -70423.8 -137861 229 329 1)
(107367 -30061.4 -68545.5 475 575 1)
(107372 71887.8 97577.1 7 107 0)
(107381 -95501.9 83368.1 170 270 1)
(107382 -89523 119655 429 529 1)
(107384 124904 -60558.3 475 575 3)
(107391 -17273 56220.7 95 195 3)
(107397 -57288.1 53243.2 403 503 1)
(107413 24183.1 -119271 604 704 0)
(107415 97702.3 23016.1 341 441 1)
(107418 -106473 128458 13 113 1)
(107419 -78476.2 88418 318 418 1)
(107464 103837 -19161.9 328 428 1)
(107466 -20286.6 2835.42 333 433 1)
(107472 -8943.16 12913.1 204 304 1)
(107474 110673 -57434.1 103 203 1)
(107476 -77250.5 144507 19 119 1)
(107482 19206.6 -91718 264 364 1)
(107485 -96575.2 117530 284 384 0)
(107490 -116627 -104731 159 259 3)
(107494 -104594 -70563 304 404 3)
(107507 -92517.4 -45416.1 345 445 1)
(107517 15164 48169.2 344 444 1)
(107520 -23118.8 -123013 384 484 1)
(107521 -100551 -104664 179 279 3)
(107535 -36101.8 -81700.4 497 597 1)
(107536 123993 -141037 553 653 3)
(107553 -25096.1 130638 177 277 1)
(107554 35353.3 15002.6 612 712 1)
(107566 40631.9 -62634.7 545 645 3)
(107572 -76237.5 -114799 490 590 1)
(107581 60377.2 -29291.2 78 178 1)
(107586 92582.4 -75544.9 55 155 1)
(107598 13133.4 -66.7743 417 517 1)
(107602 -103546 -116753 41 141 3)
(107603 -71432.4 -75566.6 506 606 1)
(107612 121870 -62745.7 439 539 0)
(107618 -32092 -66414.8 112 212 1)
(107619 -30111.7 -77585 213 313 1)
(107624 28394.2 42063.5 360 460 3)
(107629 -106709 2772.69 302 402 0)
(107630 46306.3 10982.7 133 233 1)
(107631 -54423.9 -80763 501 601 0)
(107642 -13992.6 109458 146 246 3)
(107645 -52269.1 -34336.9 320 420 1)
(107647 85533.3 -31307.9 147 247 1)
(107649 -14932.4 -53461.8 147 247 1)
(107650 120942 -31374 593 693 1)
(107652 10117 100482 41 141 1)
(107654 -88425.7 -91619.8 10 110 3)
(107657 -12107.9 133866 434 534 1)
(107666 93747.9 -126023 558 658 1)
(107668 2089.81 -105787 222 322 1)
(107669 -78419.6 35221.2 99 199 1)
(107675 -14040.5 -60490.1 529 629 3)
(107685 -11020.7 -81554.6 73 173 0)
(107689 82533.6 -51386.7 68 168 1)
(107692 14305.3 -133068 490 590 1)
(107699 113167 25080.3 369 469 1)
(107703 10116.6 -29265.6 38 138 0)
(107706 -59275.9 42123.4 269 369 0)
(107712 73538.3 138806 381 481 3)
(107716 57365.3 -112775 146 246 3)
(107722 78468.3 92397.7 82 182 1)
(107723 61447.4 -27294.7 294 394 1)
(107724 15138.8 -124824 58 158 3)
(107725 27274.4 -15201.5 319 419 3)
(107738 81590 23025.8 157 257 0)
(107761 35307.7 -44455 513 613 3)
(107763 66421.2 76292.8 52 152 1)
(107764 -63355.8 119810 317 417 1)
(107766 -25227.9 918.494 497 597 3)
(107779 -58349.5 -130944 594 694 1)
(107781 45367.7 -79624.9 327 427 1)
(107783 121834 109495 50 150 0)
(107785 -86447.5 70301.8 187 287 3)
(107792 48391.7 -113083 568 668 1)
(107793 -940.522 50180.5 297 397 0)
(107800 -4025.63 -77516.9 175 275 3)
(107816 -46249.9 36039.2 136 236 1)
(107829 -101458 56162.9 135 235 1)
(107841 261.228 76350.9 167 267 1)
(107843 76566.1 81664.5 121 221 3)
(107844 93591.5 33088.4 145 245 1)
(107852 116037 36901.4 49 149 1)
(107867 1072.69 -16208.4 357 457 1)
(107870 -118607 121563 17 117 3)
(107871 -19070.9 122699 483 583 1)
(107874 -96583.4 39115.8 379 479 1)
(107875 49374 -90716.5 367 467 1)
(107877 98712.8 92469.1 355 455 3)
(107880 -21045.5 -20206.9 27 127 3)
(107882 61399.5 -139922 86 186 1)
(107884 -70386.2 68423 519 619 1)
(107891 98742.4 21901.4 283 383 1)
(107894 77551.3 -31346.2 447 547 1)
(107896 27252.2 -110841 354 454 1)
(107915 -77390.1 -19115 319 419 1)
(107921 22248.1 89504.7 108 208 3)
(107924 -75406.9 138754 129 229 1)
(107933 -35254.2 140892 60 160 0)
(107938 -72450.2 86396.2 298 398 0)
(107941 -3540.77 -90857 114 214 0)
(107946 39316 45129.5 237 337 1)
(107954 67429.2 -113926 392 492 1)
(107964 -93573.7 -23264.9 419 519 1)
(107973 39358.3 -33378.2 563 663 1)
(107983 -18042.9 -128946 359 459 1)
(107986 -26106 60247.5 426 526 1)
(107996 33218 41098.2 1 93 3)
