(28011 21068.4 -75775.1 500 600 0)
(28012 -101663 48224.9 515 615 3)
(28015 -70394.7 66308.4 331 431 1)
(28021 44477.5 -53597.4 449 549 1)
(28027 -47206.5 -142102 414 514 3)
(28029 -14972.9 -22242 517 617 0)
(28030 2088.6 134711 380 480 1)
(28031 -47346.5 -76755.6 394 494 0)
(28034 -94430.7 -108682 103 203 1)
(28054 -123678 -35471.8 326 426 3)
(28065 -15018.2 114534 182 282 1)
(28067 -105556 30044.3 192 292 1)
(28069 -111645 -59498.3 348 448 3)
(28070 -23920.3 -89782.4 535 635 1)
(28077 -121657 122515 54 154 1)
(28079 -42216.7 -139144 564 664 0)
(28086 -36023.3 115654 265 365 1)
(28090 96720.8 -59587.4 505 605 1)
(28098 72587 -80578.1 423 523 3)
(28101 -121783 -105889 489 589 0)
(28104 -82479.5 -53544.6 605 705 1)
(28106 1041.23 60255.9 511 611 0)
(28108 -94557.4 -74624.2 422 522 1)
(28109 -28098.9 -13221.4 93 193 1)
(28110 112910 -133064 372 472 0)
(28116 58368.9 -76516.7 1 97 1)
(28119 51400.5 113562 248 348 3)
(28126 -89801.8 38210.8 443 543 1)
(28127 -40304.7 81445.1 450 550 1)
(28128 -107644 -89709.4 402 502 3)
(28133 -96610.9 100529 546 646 1)
(28134 -984.859 -31367 489 589 1)
(28137 -90742.6 42128.2 19 119 1)
(28139 48358.1 -73672.6 601 701 1)
(28143 -110918 -90850.8 596 696 1)
(28156 29316.2 11930.6 627 727 3)
(28163 -48247.4 -43402.5 329 429 3)
(28169 -7003.32 -114981 612 712 0)
(28175 -937.162 28039.7 498 598 1)
(28184 -121645 64232.1 34 134 3)
(28186 -9937.06 -129075 435 535 1)
(28187 41340.8 14963.1 378 478 1)
(28191 -54192.3 16933.8 410 510 1)
(28198 -34132.9 44102.8 449 549 0)
(28199 -90671.8 112445 185 285 1)
(28205 122873 -32328.5 263 363 1)
(28209 37221.8 -129918 188 288 0)
(28215 -124543 -95935 392 492 1)
(28218 -75492.7 -93726.1 85 185 3)
(28229 -28126.2 -60528.5 440 540 0)
(28233 90673.3 123738 396 496 1)
(28235 -110540 -23444.7 455 555 1)
(28241 21112.8 -115851 301 401 3)
(28244 -93483.3 12947.2 193 293 1)
(28260 -9802.4 -87762.9 441 541 3)
(28267 13155.7 -120963 526 626 1)
(28280 -106642 -118133 614 714 0)
(28284 -40240.9 36158 505 605 1)
(28285 -46128.4 22102 180 280 3)
(28288 111818 -99742.1 388 488 1)
(28290 105776 -84690.2 434 534 1)
(28297 74555.9 -61522.3 347 447 1)
(28298 5100.65 138706 48 148 1)
(28300 -82547.5 -105860 405 505 0)
(28308 43306.2 25052.4 9 109 1)
(28316 -8014.06 1885.93 411 511 3)
(28323 84651.6 63283.2 524 624 1)
(28333 -18032.6 98578.7 557 657 3)
(28336 -84475.5 -37364.8 301 401 3)
(28369 96857.8 133806 393 493 0)
(28370 50314.9 27079.6 364 464 1)
(28371 -78372.3 32137.6 380 480 1)
(28377 -110819 19110 625 725 1)
(28380 -60336.5 -113245 516 616 0)
(28381 93784.3 23656 580 680 3)
(28382 85751.1 133714 627 727 1)
(28384 73.0901 19990.5 94 194 3)
(28392 -81398 9911.42 42 142 3)
(28399 -86417.1 -111788 155 255 3)
(28411 -124781 17957.9 476 576 1)
(28420 40269.3 -42341.6 21 121 3)
(28422 70576.3 21132.5 399 499 3)
(28429 111791 138650 194 294 1)
(28450 43354.4 -86676.9 296 396 1)
(28459 14180.6 -142175 615 715 0)
(28463 -32989.5 40345 343 443 1)
(28464 -12014.5 -65514.1 250 350 3)
(28466 59222 -146991 5 105 3)
(28475 96692.5 146821 404 504 1)
(28481 -86540 67388.2 174 274 0)
(28482 -26074.8 90366 123 223 1)
(28485 26263.9 120760 539 639 1)
(28501 43344.6 -107791 306 406 0)
(28503 95665.9 -25228.4 306 406 1)
(28510 -4957.53 1946.13 23 123 1)
(28522 -9956.31 -69498.7 200 300 0)
(28527 76448.2 -85824.8 450 550 0)
(28532 -41997.2 104788 177 277 3)
(28542 -52285.9 -72639.4 377 477 3)
(28543 -21204.5 13089.7 1 94 0)
(28544 118757 -75523.1 8 108 0)
(28547 72564.4 138827 322 422 0)
(28550 -102675 94328.7 400 500 1)
(28558 58372.8 -66483.9 50 150 1)
(28570 -10012.4 49223.1 566 666 1)
(28571 -117598 -115776 89 189 3)
(28573 -115705 140780 399 499 3)
(28575 -23041.6 -123023 604 704 0)
(28579 67583.5 56271.3 548 648 1)
(28594 19084.3 -109826 352 452 1)
(28599 -100652 -84679.8 542 642 3)
(28604 74406.5 86362 434 534 0)
(28610 -111504 -117809 341 441 1)
(28618 44322.7 -61451.1 91 191 3)
(28623 1099.76 14935.3 105 205 3)
(28626 15064.9 -131774 192 292 1)
(28629 -80429.8 -20301.7 436 536 3)
(28631 19178 17973.2 256 356 1)
(28643 -52152.9 -43344.4 75 175 1)
(28649 14167.1 56228.4 319 419 1)
(28652 -7990.77 124575 2 102 1)
(28682 87846.3 13800.6 328 428 1)
(28697 -88676.2 -141146 555 655 0)
(28712 -21215.5 33128.8 521 621 0)
(28715 -120616 -36412.9 445 545 1)
(28720 -2966.7 -143074 482 582 1)
(28726 89622.8 47196.7 319 419 1)
(28727 15087.3 74332.3 22 122 3)
(28740 -84623 69664 80 180 1)
(28745 -84550.2 96510.6 574 674 1)
(28758 27164.8 -66440 487 587 1)
(28759 -53446.9 70136.6 536 636 3)
(28763 -72354.8 76319.2 134 234 3)
(28766 61515.2 -3144.69 424 524 0)
(28775 -36173.4 -50459.5 182 282 3)
(28777 -68333.7 -64504.4 408 508 1)
(28779 -77402.5 120596 198 298 1)
(28797 -45268.7 -7146.51 548 648 1)
(28802 74455.6 136685 386 486 1)
(28807 -117735 141975 607 707 1)
(28821 104736 -47480.5 481 581 1)
(28842 -69408.1 -86754 451 551 1)
(28848 -93526.4 -133012 348 448 0)
(28854 -73402.7 -11164.9 382 482 1)
(28861 -95566.3 -45444.2 343 443 1)
(28868 -25186.1 55313.2 540 640 0)
(28870 27246.8 144771 403 503 1)
(28873 -23161.9 67318.6 554 654 0)
(28878 12938.1 21025.5 142 242 1)
(28894 105675 -142888 283 383 1)
(28902 -59323.8 -52462.4 516 616 0)
(28922 27231.7 -33344.2 250 350 0)
(28931 -58332.7 -81674.1 415 515 1)
(28932 54368.5 65249.9 74 174 1)
(28933 29282.4 -107838 400 500 1)
(28942 99616.3 69267.2 216 316 3)
(28946 6080.53 28000.8 518 618 1)
(28947 105654 144773 298 398 3)
(28950 51245.7 -82827.4 312 412 1)
(28959 83626 55150.7 75 175 3)
(28960 -91584 48049.2 53 153 3)
(28961 -25235.4 98720.3 629 729 3)
(28963 66256.7 -40736.1 112 212 1)
(28981 8016.63 -67544 327 427 3)
(28991 18230.9 4947.59 82 182 1)
(28996 116875 -36302.5 395 495 3)
