(52017 -14203.2 -47520.1 572 672 1)
(52021 -54246.7 21057.4 216 316 1)
(52030 78540.3 -129789 135 235 1)
(52047 -71444.5 48180.7 487 587 1)
(52054 34302.4 -8279.27 315 415 1)
(52057 -82524.2 -105707 330 430 0)
(52060 36284.4 111610 445 545 1)
(52068 -20082.8 -11182.3 391 491 1)
(52071 -113624 -65505.8 287 387 1)
(52073 118876 139648 52 152 0)
(52090 80630.1 -109894 556 656 3)
(52103 69517.1 975.698 388 488 3)
(52109 -3954.16 -12241.6 614 714 1)
(52110 56513.7 45431.6 567 667 1)
(52118 -50296.3 -87586.6 81 181 3)
(52120 -56282.1 6909.24 263 363 3)
(52136 113875 13034.8 556 656 1)
(52138 67332.7 -111747 55 155 0)
(52145 -89432.1 59212.4 46 146 3)
(52154 12918.4 -141592 1 100 -1)
(52156 8090.81 -99636.9 237 337 1)
(52178 55477.5 -111751 294 394 1)
(52180 121911 -5184.44 500 600 1)
(52192 -83510.8 106608 529 629 1)
(52194 12139.8 103539 362 462 0)
(52202 87512.7 -96619.6 14 114 1)
(52213 124904 123603 324 424 1)
(52215 -35159.2 -66569.4 315 415 0)
(52216 -30111.2 12933.5 1 93 1)
(52218 -52345.5 31893.7 616 716 1)
(52231 -115719 10939.9 561 661 1)
(52244 -4965.48 -32365.2 491 591 1)
(52254 -31159.9 -145011 346 446 1)
(52269 79143.1 99618.6 30 130 3)
(52274 47375.3 23023.4 407 507 1)
(52282 -115776 86533.8 529 629 1)
(52290 25124.2 95445.1 549 649 3)
(52291 56665 -12158.3 477 577 3)
(52295 95630.9 140727 226 326 1)
(52315 4188.77 -10054.2 423 523 1)
(52320 109711 -115834 217 317 3)
(52324 16288 57293.8 461 561 0)
(52329 -82481.2 -21193.5 223 323 1)
(52331 124791 149877 362 462 3)
(52347 5184.84 -1185.2 242 342 0)
(52351 120835 -90697.8 371 471 1)
(52354 41389.6 132740 321 421 1)
(52366 3154.77 16812.2 260 360 3)
(52377 -66334.2 -117810 212 312 1)
(52385 -71323.9 -73537.4 210 310 0)
(52392 -75369.5 21034 432 532 0)
(52402 -73329.4 -104661 34 134 1)
(52407 17308.3 75277.9 519 619 1)
(52414 -74442.5 -108773 249 349 1)
(52415 103733 28041.7 478 578 1)
(52417 -72396.5 26035.7 328 428 1)
(52420 77419.1 -40339.5 148 248 3)
(52426 -55268.1 9979.33 139 239 3)
(52428 53390.1 -74687.8 545 645 1)
(52436 -50286 -116961 478 578 3)
(52440 115839 68702.3 414 514 3)
(52441 40311.8 -131914 70 170 0)
(52447 67406 9881.95 488 588 3)
(52448 -73585.5 109708 468 568 3)
(52451 72395.9 74257.5 52 152 1)
(52453 48731.8 111252 629 729 0)
(52455 122032 27089.7 418 518 0)
(52460 44387.6 -62568.3 570 670 3)
(52475 -97028.2 90553.5 260 360 1)
(52482 -122669 -148004 618 718 1)
(52495 -18035 -117977 543 643 3)
(52508 93610.2 -40319.3 85 185 0)
(52511 25189.3 -64395 103 203 0)
(52534 37260.2 1914.08 141 241 0)
(52538 69413.1 123486 3 103 1)
(52544 -79410 48169.9 192 292 1)
(52547 -37203.5 57219.2 156 256 3)
(52548 8322.36 65070.8 343 443 3)
(52549 92646.4 117569 286 386 1)
(52552 -84557.4 14959 502 602 1)
(52553 108698 2840.36 367 467 1)
(52555 -54243.6 27050.2 338 438 3)
(52558 92679.7 -81648.6 351 451 1)
(52559 91648.9 -23290.1 142 242 1)
(52570 5110.2 -62442.2 74 174 1)
(52586 -61308.4 11941 287 387 0)
(52590 -37153.6 -49407 174 274 3)
(52593 89757.6 21923.5 536 636 1)
(52602 64431.1 139740 207 307 3)
(52604 -31098.9 -16180 91 191 3)
(52609 32270 138755 349 449 1)
(52624 -72360.4 56172 161 261 3)
(52627 -29149.8 42090.3 71 171 3)
(52639 -113834 -109975 317 417 1)
(52648 45343.9 -19310.1 488 588 1)
(52649 -111867 -30224.9 482 582 1)
(52654 29228.6 -76658.3 417 517 1)
(52657 65970.3 76368 396 496 0)
(52659 72435.3 53213.5 27 127 1)
(52663 65458.3 -24239.9 68 168 1)
(52665 20127 -142104 433 533 3)
(52678 -2270.67 -124485 535 635 1)
(52682 -80453.4 -20222.1 408 508 3)
(52684 -122515 103426 16 116 3)
(52688 102664 84339.1 173 273 1)
(52689 23205.7 -3147.98 283 383 1)
(52696 35237.9 -20342.9 570 670 1)
(52702 -85455.6 17984.4 320 420 1)
(52711 62545.4 82351.3 28 128 1)
(52723 35475.8 -77628.9 36 136 3)
(52738 -96561.5 -33355.2 408 508 3)
(52740 6104.73 48121.2 28 128 1)
(52741 -56304.6 91566.6 253 353 1)
(52742 -99590.9 46134.1 279 379 1)
(52749 18151 93396.6 94 194 1)
(52762 -3966.69 -97675.5 454 554 0)
(52765 -85449.9 56237.4 255 355 1)
(52768 103572 -95548.8 19 119 1)
(52774 -18364.2 4339.16 94 194 0)
(52778 -51309.8 66333.2 565 665 1)
(52780 75477.6 -116785 147 247 1)
(52785 119858 112675 485 585 3)
(52786 101842 105649 586 686 3)
(52790 -18124.7 -77624.6 22 122 1)
(52791 -87570.9 -86649.4 120 220 1)
(52792 -104609 -12167.7 327 427 1)
(52798 -42207.4 1881.45 152 252 1)
(52814 19244.5 -142974 193 293 1)
(52836 -40227.1 -27347.3 404 504 1)
(52838 -106527 5922.32 35 135 1)
(52849 18126.6 32108.3 525 625 1)
(52851 -59188 -18087.8 49 149 1)
(52852 4075.57 -121798 75 175 1)
(52857 28190.2 3964.99 82 182 1)
(52859 43321.6 -105767 225 325 1)
(52862 61437.4 -54415.5 181 281 1)
(52865 63410.9 120571 138 238 3)
(52869 118955 139933 579 679 3)
(52888 86598.6 111533 153 253 1)
(52889 55449.8 27016.9 569 669 1)
(52890 -42182.6 -101793 188 288 1)
(52893 -105048 81377.4 194 294 0)
(52902 79528.8 6930.56 199 299 1)
(52909 53501.6 77457.2 532 632 0)
(52911 117819 91437.2 291 391 1)
(52912 -79471.7 20949.3 445 545 1)
(52919 -75513.2 -58521.1 531 631 1)
(52923 48342.9 -101726 187 287 1)
(52928 -78390.2 -9176.9 72 172 1)
(52929 -87402.3 47121.1 25 125 1)
(52933 -95467.8 -71563.3 132 232 3)
(52937 64522.9 14920.9 544 644 0)
(52940 -106528 77240.7 79 179 1)
(52945 91799.7 82491.8 536 636 1)
(52955 -25970.4 -92914 443 543 1)
(52959 -2966.98 45124.3 506 606 3)
(52980 -45050.2 -32788.1 574 674 0)
(52983 -78225.3 -26329.9 84 184 1)
(52984 58.2304 -94606.4 121 221 3)
(52985 43238 -69680.2 154 254 0)
(52991 -68390.5 88441.3 210 310 1)
(52995 -93602.9 33058.6 230 330 3)
(52998 -58347.9 -58570.2 565 665 3)
(52999 60471 -47459.7 447 547 1)
