(122008 -79413.2 111506 347 447 1)
(122015 58385.7 81314.4 466 566 1)
(122017 -55348 -136100 570 670 1)
(122018 61679.6 -38484.4 437 537 0)
(122022 108758 -50436.5 18 118 1)
(122023 102685 13943.7 214 314 1)
(122029 74684.2 99578 532 632 3)
(122038 100893 -86683.5 433 533 0)
(122039 28263.6 -4167.63 369 469 3)
(122041 -101512 53102.2 157 257 3)
(122049 -19135.2 7922 429 529 1)
(122051 -103803 -136108 565 665 3)
(122056 18253 77431.8 624 724 1)
(122057 -30140.6 146876 588 688 1)
(122058 -21038.3 -51477.2 242 342 3)
(122062 -95564.7 -113888 450 550 1)
(122071 -108712 -4302.4 435 535 1)
(122074 82653 100548 401 501 3)
(122089 -67376.6 124710 341 441 1)
(122099 -41185.7 12950.6 376 476 1)
(122103 45388.9 6909.04 572 672 3)
(122116 -116715 -5225.05 438 538 1)
(122117 46355.1 2862.07 253 353 3)
(122121 -1978.81 55180.6 326 426 0)
(122126 -39154.7 -29279.5 11 111 1)
(122130 99769 -126936 267 367 0)
(122134 -86487.8 -193.394 456 556 1)
(122135 -75257.1 -18955.8 588 688 3)
(122136 3062.2 -73520.8 74 174 1)
(122142 46330.6 77425.4 34 134 1)
(122146 63509.3 57273.9 363 463 1)
(122150 -1979.36 -95783.6 601 701 0)
(122156 71587.7 39055.7 544 644 3)
(122162 78534.7 82386.5 299 399 1)
(122165 -56235.5 59270.1 73 173 1)
(122173 -28099.9 -27284.9 614 714 3)
(122174 99612.3 -38300 59 159 1)
(122181 -54555 -105835 547 647 0)
(122190 120867 -64521 380 480 0)
(122195 -64360.7 -38527.1 438 538 1)
(122199 38127.9 -87648.3 100 200 3)
(122211 -37145.1 54192 56 156 1)
(122213 -96590.4 19001 468 568 1)
(122222 116821 -1158.89 375 475 1)
(122225 -99546.9 105476 395 495 1)
(122227 100705 -73571.1 352 452 1)
(122232 -19311.6 26652.9 73 173 3)
(122234 68611.5 -101928 617 717 1)
(122235 24205.9 72305.3 1 100 1)
(122237 -31098.6 -49406.6 110 210 1)
(122240 24208.9 -78510.1 2 102 3)
(122243 -63865.6 -17318.1 371 471 1)
(122245 59443.1 -99808.5 517 617 1)
(122254 -32132.3 7987.21 587 687 3)
(122255 34248.6 -89825.8 472 572 1)
(122259 -3928.46 -102782 455 555 1)
(122263 75540.6 15949.9 347 447 3)
(122264 23222.8 8897.05 291 391 1)
(122287 -12059 94541.6 515 615 3)
(122298 37292.6 -132979 346 446 3)
(122303 109635 -33280.8 50 150 1)
(122325 -66367.8 -100620 185 285 3)
(122328 83550.9 -75441.9 23 123 3)
(122339 -43218.5 -121869 76 176 1)
(122342 -25053.5 143714 158 258 1)
(122356 -112654 -108730 112 212 1)
(122358 -51223.7 -119806 288 388 3)
(122361 7087.14 -38399.5 545 645 1)
(122365 -6887.52 -2082.84 554 654 1)
(122366 -58310.2 112517 74 174 0)
(122370 -25114.5 -67661.6 548 648 1)
(122372 -47245.2 -133998 401 501 1)
(122373 30259.2 -82633.6 350 450 1)
(122380 -46249.5 -17196.6 79 179 1)
(122392 53403.6 27113.7 283 383 1)
(122396 110847 -63593.9 497 597 1)
(122398 -14023.2 32107.7 350 450 1)
(122400 -37215.4 -140360 591 691 1)
(122413 46398.8 -125008 560 660 3)
(122418 12182.3 46212.7 615 715 3)
(122427 31331.9 -51525.6 623 723 0)
(122432 -75365.6 -3072.73 62 162 3)
(122434 93560.8 -85592.7 30 130 3)
(122447 48321.3 -85594.8 349 449 1)
(122449 18200.6 -15185.9 450 550 1)
(122458 -25216.9 -38287.7 547 647 1)
(122489 80582.3 19032.6 568 668 1)
(122490 -54236.2 -81624.5 49 149 1)
(122499 -98464.1 38223.8 193 293 0)
(122503 -25210.3 72274.4 612 712 3)
(122506 -52410.2 54205.3 197 297 1)
(122514 -48208.6 138638 73 173 3)
(122515 -22083.7 857.61 599 699 1)
(122518 10107.7 -129815 31 131 1)
(122520 -6002.24 -9207.11 121 221 1)
(122527 -71392 -132.16 437 537 3)
(122531 102716 -87665.1 453 553 1)
(122533 -120746 -13236.3 473 573 1)
(122541 -1143.35 -106640 308 408 1)
(122550 82124.4 -90709.2 19 119 0)
(122553 -50196.4 -3107.2 58 158 1)
(122554 118890 53229.8 516 616 3)
(122558 55799.8 -38456.8 604 704 0)
(122563 -1720.37 -130080 320 420 3)
(122569 25319.4 121692 573 673 3)
(122571 65461.1 -10128.9 61 161 1)
(122584 13128.8 -5147.8 95 195 1)
(122589 -6906.96 145770 34 134 1)
(122599 -115768 28327.4 391 491 0)
(122600 61593.4 -68621 597 697 3)
(122606 -21068.4 -3163.45 496 596 3)
(122607 -100537 54180.4 185 285 3)
(122610 119810 26910.7 91 191 0)
(122618 59390.5 -122771 148 248 3)
(122619 11135.8 -116953 492 592 3)
(122620 -63276.4 -55441.2 250 350 1)
(122622 -41203.1 10927.9 310 410 1)
(122632 -46217.2 -18238 152 252 3)
(122640 60496 -59334.9 190 290 3)
(122644 -111938 -6109.42 554 654 1)
(122647 -77364.6 -59448.4 38 138 1)
(122649 -59341.7 -74639.4 452 552 1)
(122651 -55293.9 127724 503 603 1)
(122652 -54261.8 -20369.7 604 704 3)
(122657 119111 88697.1 569 669 0)
(122680 -18797.3 -84681.7 399 499 1)
(122682 25173.3 -108885 494 594 1)
(122688 -62352.5 -136073 550 650 1)
(122689 104673 -1070.67 137 237 3)
(122700 -121757 -44356.5 360 460 1)
(122704 -83327.3 63290.6 104 204 3)
(122710 -37173 -98769.6 390 490 1)
(122718 -33143.6 -120002 396 496 0)
(122731 58503.2 -136115 624 724 3)
(122740 -120605 -18215.9 1 97 1)
(122746 -9999.22 99517.7 428 528 1)
(122750 27238 -37379.3 235 335 1)
(122752 118899 -51334.5 316 416 3)
(122768 27228.3 -29431.7 574 674 3)
(122770 -43220.1 -44419.5 340 440 3)
(122771 -114751 -31531 612 712 1)
(122778 53447.4 96525.9 580 680 1)
(122779 112167 30096 58 158 1)
(122785 62449.8 -128888 239 339 0)
(122788 -121700 -68570.9 243 343 1)
(122796 -77354.3 -54397.3 113 213 0)
(122809 -75366.5 -117763 84 184 1)
(122812 74561.8 103568 468 568 1)
(122813 64474.6 -32335.2 399 499 1)
(122815 -9962.48 -105764 181 281 1)
(122825 -8044.74 115720 424 524 1)
(122830 -43252.8 -27287.9 504 604 1)
(122831 -15965.9 -58437.1 536 636 0)
(122844 -23057.4 11970.9 52 152 1)
(122847 -16038.8 -126847 150 250 1)
(122850 109763 31135.1 69 169 3)
(122855 86740.5 -72523.9 158 258 3)
(122861 -69207.5 -126830 86 186 0)
(122877 -70170.2 3596.79 47 147 1)
(122879 76586 -72626 409 509 1)
(122880 -97555.4 -15201.9 144 244 1)
(122885 42367.5 -130975 399 499 1)
(122888 33307.8 -84751.5 378 478 1)
(122898 -51240.1 13990.8 251 351 1)
(122900 -60291.4 81400.6 70 170 0)
(122902 -74463.5 34140.9 543 643 3)
(122907 119756 -129870 114 214 3)
(122909 -80430.7 95836.1 391 491 3)
(122916 -2946.77 -87679.3 312 412 1)
(122924 -10902.1 -145377 606 706 0)
(122926 -29115.2 -125002 514 614 0)
(122927 -105558 -75627.9 245 345 1)
(122931 -7997.11 -62358.9 1 94 3)
(122937 -90467.6 -114103 488 588 1)
(122945 94606.7 -90694.8 86 186 1)
(122947 62378.8 133535 71 171 3)
(122948 33268.9 121618 284 384 3)
(122951 118776 -26340.7 470 570 0)
(122962 -101514 4915.56 96 196 0)
(122967 -24147.9 91497.6 563 663 0)
(122974 14183.3 30140.7 179 279 3)
