(19001 -114664 -45360.1 139 239 1)
(19004 -5961.58 -143133 560 660 1)
(19006 -94404 34051.4 46 146 3)
(19011 48372.5 113521 58 158 0)
(19027 50319.5 -147916 93 193 1)
(19029 -90557.9 -31281.8 538 638 1)
(19036 114730 26053.8 69 169 1)
(19040 -20070.3 -11185.1 52 152 1)
(19043 -14058.4 3939.77 118 218 0)
(19044 25293 -7030.72 239 339 3)
(19070 4108.41 -67624.8 463 563 3)
(19090 17332.2 -8218.86 434 534 3)
(19092 45231.2 78454.2 110 210 0)
(19094 -51308.6 -132081 324 424 1)
(19097 3086.97 -137937 219 319 1)
(19106 -100526 4893.46 239 339 0)
(19123 116839 119658 413 513 1)
(19125 97702.2 -88704.4 359 459 1)
(19127 -78495.6 123780 438 538 1)
(19128 6117.12 73354.7 312 412 1)
(19141 -102658 48206.1 352 452 3)
(19151 -95490 -86590.5 122 222 1)
(19156 -28143.3 45117.2 109 209 1)
(19158 115024 -137220 560 660 1)
(19162 -70390.9 -19178.3 482 582 0)
(19167 25218.7 -48396.5 600 700 0)
(19169 -2933.93 -110815 264 364 3)
(19177 -104635 108591 475 575 3)
(19181 -5985.35 75313.6 16 116 1)
(19184 -26112 -79561.6 9 109 1)
(19185 2069.59 98524.7 598 698 1)
(19196 57490 -51395.8 389 489 3)
(19198 -100710 139843 562 662 1)
(19200 -106603 -108682 24 124 3)
(19204 42479.8 -96925.8 453 553 3)
(19218 -57327.7 -48510.8 614 714 1)
(19220 75279.5 -42437.4 24 124 1)
(19224 68551.6 -72654 599 699 0)
(19233 106847 -37578.8 445 545 1)
(19235 -41487.4 50116.8 589 689 1)
(19239 -44308.5 -67584.5 198 298 1)
(19240 53391.7 -125003 563 663 1)
(19249 -28126 -108856 414 514 1)
(19256 -56235.3 107678 30 130 1)
(19268 -103541 -9133.3 1 97 1)
(19269 -115605 -42228.7 163 263 3)
(19275 -100603 -122779 160 260 3)
(19288 -92508 -24390.2 309 409 1)
(19290 54396.9 -45583.3 394 494 0)
(19291 77435.6 -53279.4 59 159 1)
(19299 -57366.6 20959.8 621 721 3)
(19310 37626.5 -31419.9 557 657 0)
(19312 -75507.2 -104669 241 341 3)
(19317 -99565.3 -88772 524 624 1)
(19324 94841.1 -53372.1 267 367 1)
(19326 -113788 -77830.4 139 239 1)
(19329 -86493.7 -111878 377 477 3)
(19331 -18040.4 14972.9 194 294 3)
(19343 89906.1 -38389.2 534 634 0)
(19350 -52245.1 123634 215 315 3)
(19358 -55329.6 -126008 360 460 1)
(19359 -28136.8 43149 78 178 3)
(19360 -61261.2 24998.2 13 113 1)
(19362 -97785 110302 541 641 1)
(19369 -88502.2 -4176.1 387 487 1)
(19374 44288.2 -16244.5 277 377 3)
(19383 -62303.5 -97596.6 30 130 0)
(19390 -9950.51 -59436.6 62 162 3)
(19397 -50263.2 102498 34 134 1)
(19406 28384.7 -2302.75 9 109 0)
(19408 74562 -34407.3 493 593 3)
(19410 1079.27 -96740.7 381 481 1)
(19421 -70454 -65652.8 554 654 1)
(19430 -89498.1 80360.5 14 114 1)
(19432 -79452.3 135786 492 592 1)
(19436 67474.4 -41529.5 301 401 0)
(19437 8386.24 -43190.3 42 142 3)
(19438 102637 -123816 185 285 3)
(19447 -96938.8 35151.5 116 216 1)
(19455 106585 -11232.2 22 122 1)
(19456 49314.4 -31404.8 197 297 0)
(19469 113743 135831 418 518 1)
(19470 -83447.2 -41348.5 182 282 1)
(19477 -4973.02 -120735 24 124 0)
(19480 -51178.5 23982.6 588 688 1)
(19489 103640 77384.2 73 173 0)
(19494 -23213.6 -106601 502 602 1)
(19502 -41248 -882.167 325 425 0)
(19511 69385.5 18817.2 520 620 1)
(19519 69454.3 -42385.8 64 164 3)
(19523 -75373.1 -63462.7 65 165 3)
(19525 -33220.9 -114947 605 705 3)
(19526 -9895.08 92481 461 561 1)
(19533 102601 -5114.06 41 141 1)
(19543 -92463.3 -21351.4 227 327 3)
(19546 -80382.5 -109730 9 109 1)
(19558 39236.4 -51329 63 163 3)
(19560 88687.7 -127005 525 625 0)
(19564 -72758.8 -97708 407 507 1)
(19566 69472.7 -14211.1 131 231 3)
(19568 -41224.5 -125964 482 582 1)
(19571 -40160.5 73295.8 115 215 1)
(19574 83613.9 -43441.9 494 594 1)
(19579 79554.7 -16283.3 584 684 1)
(19580 -95497.5 -10168.7 177 277 1)
(19583 119930 -72612.4 537 637 3)
(19590 57359.6 6922.69 31 131 0)
(19595 45327 -16337.8 43 143 1)
(19597 -2994.08 -31374.8 355 455 1)
(19605 -49277.7 -129737 19 119 3)
(19615 -73564.9 -7250.2 555 655 1)
(19619 -43185.5 65257.9 265 365 1)
(19624 -37182.9 71337.2 462 562 3)
(19627 83555.5 11946.9 198 298 1)
(19628 -63392.4 -73674 580 680 1)
(19639 -37186.1 107489 36 136 1)
(19643 13264.5 11880 603 703 1)
(19652 -57259.8 -15204.4 64 164 0)
(19653 12083.6 -40440.9 608 708 1)
(19655 -119740 -128901 601 701 1)
(19674 -6981.15 -105909 558 658 1)
(19675 108749 -34444.4 99 199 0)
(19693 -26088.2 -126004 310 410 1)
(19695 -80868.5 -22458 535 635 1)
(19713 -119762 -92793.6 608 708 0)
(19716 87626.8 -3473.08 42 142 1)
(19725 76533.3 -120891 327 427 3)
(19726 -27123 -63586.3 547 647 3)
(19730 -103486 -76614.8 42 142 3)
(19747 72645 28143.3 368 468 0)
(19749 -47205.6 27102.2 134 234 1)
(19750 59514.8 132803 506 606 3)
(19752 102889 -119941 531 631 1)
(19757 29144.4 -67401 77 177 1)
(19759 -64487.1 37256 476 576 1)
(19768 117856 18021.4 427 527 1)
(19784 15149.5 146869 499 599 1)
(19786 -91517.2 -142178 618 718 1)
(19791 -82566.4 -145246 580 680 3)
(19796 -22096.4 -16238 555 655 1)
(19804 -94512 -40293.9 92 192 3)
(19808 20180.5 -45388.4 297 397 1)
(19815 51571.2 100570 501 601 1)
(19829 -110586 39109.2 106 206 3)
(19832 -26073.3 -7073.41 545 645 1)
(19834 45372.3 -138057 424 524 3)
(19835 -102524 -61471 146 246 3)
(19837 27208.6 -60462.6 158 258 1)
(19840 -74499.7 -38429.9 379 479 0)
(19842 -40176.4 16018.9 226 326 1)
(19849 89555.5 24038.8 176 276 0)
(19852 28685.6 -27650.6 323 423 3)
(19860 -74401 -31294 295 395 1)
(19865 62435.4 -27255.5 1 99 3)
(19869 -45265 98567.8 558 658 0)
(19876 -7997.59 -115.659 1 98 3)
(19877 -73355 87402.2 114 214 3)
(19885 96567.1 -14194.1 41 141 1)
(19894 -9008.19 94312.1 1 94 1)
(19906 115848 111603 438 538 0)
(19930 70744.4 97462.1 493 593 0)
(19933 24252.7 -46464.4 527 627 1)
(19949 -74473.2 -113893 392 492 1)
(19951 -90564.7 103553 592 692 1)
(19954 -33178.5 -32306.4 396 496 0)
(19964 -43191.4 -23251.9 68 168 3)
(19972 -54371.2 -49461.2 590 690 1)
(19976 -11025.6 -39447.8 580 680 1)
(19982 -95509.7 -105774 244 344 1)
(19990 27283.4 -20227.6 402 502 0)
(19992 72523.1 -94784.1 430 530 0)
(19998 7158.07 -57531.3 449 549 0)
