(40000 7125.3 -134105 592 692 1)
(40005 -97630.3 -8200.67 609 709 1)
(40022 6083.79 55322.5 575 675 1)
(40033 -91555.4 -44210.3 274 374 1)
(40053 67424.6 -111893 442 542 0)
(40064 -89521.7 63262.1 435 535 1)
(40065 117704 126578 114 214 1)
(40072 15054.9 -13250.1 390 490 3)
(40077 105839 -9943.85 53 153 3)
(40079 90587.1 -18259 126 226 1)
(40080 12220.6 3832.84 331 431 1)
(40086 64969.3 -141086 205 305 1)
(40098 -84477.6 129767 541 641 1)
(40101 -15066.4 -35471.8 350 450 1)
(40105 -13146.2 -77636.6 259 359 0)
(40109 -1037.02 -98720.5 179 279 1)
(40119 12159.4 -56544.3 580 680 1)
(40121 85685.2 39175 584 684 3)
(40122 -25075.3 -77605.8 478 578 0)
(40125 -41220.1 -136123 404 504 3)
(40126 -39195.8 141840 440 540 3)
(40129 24175.3 6863.74 45 145 3)
(40130 -67311.5 -4099.74 23 123 1)
(40142 -71355.7 -147970 162 262 1)
(40154 51336.2 114518 91 191 3)
(40161 -61404.9 55249.2 288 388 1)
(40168 -73535.4 144934 121 221 3)
(40170 14983.2 22931.1 211 311 0)
(40179 -109641 -132978 400 500 1)
(40184 -1978.02 37953.3 131 231 1)
(40190 -30254.5 -126021 515 615 3)
(40197 58546.9 62237.6 607 707 3)
(40201 -70481 -20295.8 328 428 1)
(40207 -19248.8 -100847 610 710 3)
(40218 46636.5 42284.7 469 569 0)
(40227 -51489.8 45051.3 96 196 0)
(40228 -97552.3 108553 322 422 0)
(40232 6116.23 -49396.3 73 173 1)
(40242 -109808 -28366.6 480 580 1)
(40244 -98612.6 -83698.6 493 593 1)
(40255 -5987.22 35117.1 265 365 0)
(40262 -4994.99 79363.7 26 126 3)
(40266 -19052.5 -100656 137 237 3)
(40268 -120785 39127.6 626 726 3)
(40287 97606.3 -85592.2 127 227 3)
(40289 -37027.5 -127907 69 169 0)
(40295 61711 -140067 525 625 1)
(40299 -37114.9 28032.8 59 159 1)
(40303 -10004.4 49190.7 609 709 3)
(40316 -115650 -82689.6 315 415 -1)
(40331 -9988.64 -85674.8 395 495 0)
(40337 -2900.62 -74623.8 389 489 3)
(40342 120752 26065.8 197 297 3)
(40347 -66363 -122901 332 432 1)
(40350 57503.1 88407.7 132 232 3)
(40356 120770 71221.9 302 402 1)
(40357 38421.4 -134120 72 172 1)
(40371 15213.5 144887 265 365 1)
(40372 19160.1 -95722.3 272 372 1)
(40377 -77478.2 1902.17 395 495 3)
(40382 -55336.8 -51550 629 729 1)
(40384 -92628.5 75323 624 724 1)
(40408 -120693 104462 198 298 1)
(40417 -8988.95 -105794 220 320 1)
(40418 -14023.9 102574 541 641 1)
(40420 1111.6 73772.6 263 363 1)
(40421 -12020.6 -105920 621 721 1)
(40422 1178.56 77381.8 329 429 1)
(40434 -73378.6 148772 156 256 1)
(40435 -103704 6951.35 67 167 0)
(40446 -51220.9 7933.51 51 151 1)
(40449 25214.1 -79612.7 279 379 1)
(40455 122977 107467 195 295 3)
(40456 124939 -33342.5 461 561 0)
(40460 -124664 -78498.7 34 134 1)
(40466 -42229 120758 506 606 3)
(40470 4126.27 128724 622 722 1)
(40479 -86424.3 -35321 139 239 3)
(40480 80452 -116720 39 139 1)
(40481 98708.9 -40431.3 279 379 0)
(40500 -113614 -115802 202 302 1)
(40506 113087 114412 552 652 0)
(40507 -86532.5 53294.4 391 491 1)
(40509 -3134.07 123748 423 523 0)
(40513 103697 111523 78 178 0)
(40515 97638.5 96491.6 239 339 1)
(40519 37331.5 41133.3 450 550 1)
(40534 60467.8 -140110 610 710 0)
(40537 119845 -14200.9 532 632 1)
(40545 -25164.7 -26274.4 485 585 1)
(40550 -81480.7 -69600.4 458 558 1)
(40553 -75392.8 -40461 172 272 1)
(40556 -105767 9842.66 334 434 3)
(40563 -26120.7 -103850 544 644 1)
(40567 34270.7 -53490.8 170 270 1)
(40573 -38382.4 14008.1 159 259 0)
(40576 -64227.6 -7059.78 4 104 1)
(40583 -51122 -46307.8 232 332 1)
(40588 45280.7 83398.7 25 125 0)
(40596 -10852.8 50189.5 537 637 3)
(40600 56462.6 -63588.8 569 669 0)
(40605 90810.5 -12262.1 499 599 1)
(40618 -1926.89 -57514.2 567 667 0)
(40627 -96746.5 56198.2 604 704 3)
(40634 -58357.9 49080.2 198 298 1)
(40648 76588.5 -32377.3 569 669 0)
(40658 -123492 45169.1 246 346 3)
(40659 -103612 36100.1 451 551 1)
(40664 -56274.2 46141.1 111 211 1)
(40672 -22265.2 141974 342 442 1)
(40680 45415.2 -31407.2 158 258 3)
(40700 -86542.2 101494 429 529 1)
(40704 -31183.9 -55402.2 543 643 3)
(40705 85614.3 -31340.5 433 533 1)
(40706 43316.8 -64523.3 105 205 1)
(40707 -60324.4 -64513.1 52 152 3)
(40709 -13073.6 74409.4 532 632 1)
(40711 -16998.6 -79705.7 590 690 3)
(40719 16140.1 -23271.9 21 121 1)
(40723 -47296.8 -125982 213 313 1)
(40729 30247.6 19956.6 290 390 1)
(40737 -62400.3 -129988 245 345 1)
(40738 -82375.8 -71499.6 3 103 1)
(40747 -102492 66207.2 98 198 1)
(40751 81522.6 -84.3271 161 261 1)
(40754 -30792.7 147417 204 304 1)
(40762 -60400 67358.9 475 575 0)
(40768 -120690 141838 349 449 1)
(40799 -8944.43 18081.3 1 98 3)
(40800 91488.4 131618 1 97 1)
(40816 9066.72 -14169.7 235 335 3)
(40818 -97644.1 1887.08 624 724 3)
(40822 50358.1 36045.9 18 118 3)
(40830 24306.4 8858.29 491 591 0)
(40835 -35183.5 -45309.8 49 149 1)
(40838 69485.3 61180.1 166 266 1)
(40853 31212 139826 539 639 0)
(40859 -58279.7 -130797 145 245 3)
(40865 2078.75 -115821 166 266 1)
(40866 -11002.2 -98801.9 442 542 0)
(40878 -41199.2 35112.1 223 323 3)
(40889 -44097.8 141878 567 667 1)
(40906 -88553.2 -27327.1 444 544 0)
(40914 -9825.79 27012.4 509 609 0)
(40916 -34018 38165.3 69 169 0)
(40917 -15019.3 42072.2 558 658 1)
(40920 -73339.5 -121854 216 316 1)
(40927 98660.4 34068.9 267 367 1)
(40939 -80437.7 -56514.4 334 434 3)
(40940 39583.9 -89086.7 330 430 1)
(40945 -39169 -142074 391 491 1)
(40954 -68381.5 56237.9 446 546 1)
(40958 32191.1 -46390.9 584 684 3)
(40962 9942.41 -59670.9 390 490 0)
(40963 -45176.8 13954.5 328 428 1)
(40973 -81417.6 -78590.7 235 335 1)
(40977 -4943.75 -148954 103 203 0)
(40978 17121.6 -92468.1 16 116 1)
(40979 -33162.8 -140128 554 654 1)
(40986 -121660 123649 211 311 3)
(40988 -26334.7 30895.3 104 204 1)
(40991 50276.6 -31274.5 61 161 1)
