(45001 -95469.1 -2142.93 90 190 1)
(45009 38340.6 44251.8 564 664 0)
(45018 -61452.4 119705 108 208 1)
(45021 -34245.9 -96768.2 308 408 0)
(45032 -43215.3 -54476.7 482 582 1)
(45042 98912.8 -21293.5 576 676 1)
(45045 122869 -125822 455 555 3)
(45048 -17070.9 -125038 613 713 1)
(45052 86665.3 67304.7 460 560 1)
(45056 -10014.9 114581 320 420 0)
(45057 -83366.9 3660.11 111 211 1)
(45058 -27157.1 -38310.7 98 198 1)
(45071 -75453.8 128785 559 659 3)
(45073 66312.5 54247 50 150 1)
(45075 -34211.3 31179.1 114 214 0)
(45078 24223.9 12954.1 328 428 1)
(45083 37319 -44423.9 382 482 1)
(45098 -78483.1 61351.5 521 621 1)
(45099 87675.6 -37392.7 338 438 1)
(45106 -98574.8 15949.4 410 510 1)
(45108 72567.3 115853 523 623 1)
(45112 112562 -32377 1 98 0)
(45125 28134.9 38191.2 266 366 1)
(45142 86701.4 69318.9 530 630 1)
(45146 -85515.3 -94836.6 617 717 1)
(45166 -107615 -148077 442 542 0)
(45190 -70351.9 20978.6 94 194 3)
(45194 32235.2 -24264 175 275 0)
(45201 -13019.3 -143111 498 598 1)
(45203 -40196.3 89381.7 50 150 1)
(45214 35218.4 -7254.19 467 567 0)
(45235 124869 56233.5 200 300 1)
(45246 -978.329 -85696.6 207 307 1)
(45251 15121.5 121563 42 142 3)
(45255 6155.1 6856.15 462 562 0)
(45259 -26174.3 73315.9 381 481 1)
(45273 -13025.3 -125044 432 532 1)
(45276 9307.52 57906.4 563 663 1)
(45288 -29139.2 -122883 274 374 3)
(45298 103594 21012.7 239 339 3)
(45306 25274.4 -43378.3 395 495 1)
(45310 54416.3 76422.9 244 344 1)
(45326 -84454.2 -7195.23 429 529 1)
(45327 10157.8 -49504.9 1 97 0)
(45331 15142.6 -47415.2 66 166 1)
(45336 18030 105482 101 201 1)
(45342 57409.4 -41370.7 177 277 1)
(45345 -88469.5 120602 250 350 1)
(45349 -51243 -85754.1 449 549 0)
(45355 48335.3 110543 211 311 1)
(45367 47385.9 -63623.7 581 681 1)
(45370 106671 698.297 5 105 3)
(45373 -22008.8 -29239.4 258 358 0)
(45381 -52266 73275.2 40 140 1)
(45386 -77498 -147150 498 598 1)
(45393 -122102 -36381.6 57 157 3)
(45395 55440 -43438.8 456 556 1)
(45398 36269.5 -115758 44 144 1)
(45401 -2035.74 67262.6 355 455 3)
(45402 61444.1 -29308.8 258 358 3)
(45416 -121580 -115058 424 524 1)
(45418 21184.2 -82594 72 172 3)
(45422 -12057.7 -145092 596 696 1)
(45425 -74456.6 17986 615 715 1)
(45433 68512.5 -148102 420 520 3)
(45447 109725 20979.3 239 339 1)
(45455 55515.9 5826.02 308 408 0)
(45467 61278.1 -39324.2 36 136 3)
(45468 14107.1 -109793 194 294 1)
(45469 47414.1 18109.3 172 272 3)
(45472 -62243.4 58258 109 209 1)
(45481 -11967.8 121569 74 174 3)
(45482 -90425.6 -96627 324 424 1)
(45485 71595 -110922 317 417 1)
(45489 -60354.5 -50486.1 527 627 1)
(45492 -50351.5 117612 348 448 3)
(45501 -34923 61326.6 288 388 1)
(45504 -116971 48285 451 551 1)
(45512 106769 -1151.37 477 577 1)
(45518 87600 1862.45 198 298 3)
(45538 96696.6 -4177.21 183 283 1)
(45546 -12087.7 134508 142 242 1)
(45549 76689.5 -130855 58 158 0)
(45553 -92501.2 24050.5 287 387 1)
(45555 41555.4 112092 611 711 1)
(45567 21214.7 -89688.7 314 414 1)
(45569 -25026.3 -34315.5 24 124 3)
(45571 47410.4 -100841 499 599 1)
(45580 -67389.5 -109882 500 600 1)
(45585 107740 -127941 335 435 1)
(45587 29229.5 -1093.88 47 147 0)
(45603 -5963.34 -63609.1 217 317 3)
(45606 46356.7 -74592.6 337 437 1)
(45607 25212.6 -80544 109 209 1)
(45617 106794 -6169.2 447 547 1)
(45618 124105 129713 553 653 1)
(45623 -24077.7 -32454.6 270 370 1)
(45633 101631 4888.33 130 230 1)
(45650 -104510 -15190.4 40 140 3)
(45652 39264.7 102969 363 463 0)
(45654 21195.2 -37299.1 419 519 1)
(45667 40293.3 18856.7 110 210 3)
(45672 108792 68222.7 454 554 1)
(45674 82598.2 -46375.5 562 662 1)
(45683 59458.9 -43412.8 441 541 1)
(45684 21078.7 9172.35 182 282 3)
(45695 36262.4 -41341.8 65 165 3)
(45713 79.8147 -47427.9 336 436 1)
(45717 65483.2 -66567.1 445 545 0)
(45719 -2967.86 -128036 532 632 3)
(45724 -84565.9 -45525 432 532 1)
(45731 -28015 -49357.6 147 247 0)
(45741 37237.1 -31270.3 8 108 1)
(45746 75604.4 -99857.8 67 167 0)
(45748 -32225.6 16841.4 579 679 1)
(45751 -44221.6 -57403.3 74 174 1)
(45755 92698.7 -81598.2 290 390 1)
(45759 -57381.5 88378.4 626 726 0)
(45764 34202.8 -14136.9 42 142 0)
(45769 -37328.7 -64776.4 467 567 1)
(45775 -40169.5 -67516.8 163 263 1)
(45777 119842 -111944 519 619 1)
(45778 -112688 -120947 505 605 0)
(45781 -120679 92513 431 531 1)
(45782 -91431.2 -72322.4 156 256 0)
(45791 75492.9 94457.6 119 219 1)
(45797 35275.8 -132984 360 460 1)
(45802 10160.3 -25323.7 576 676 1)
(45809 -55288.5 -118724 1 98 1)
(45813 24154.3 -13170 240 340 1)
(45816 -111598 -15235.2 244 344 1)
(45826 -54219.9 23914.3 71 171 1)
(45828 32219.7 -78798.3 459 559 3)
(45829 -87551.4 -112024 464 564 1)
(45832 70677.1 27952.2 353 453 3)
(45834 -1008.34 109545 164 264 1)
(45835 102764 -120703 294 394 1)
(45839 -21142.9 -15145.3 373 473 0)
(45842 -98633.5 9916.24 620 720 1)
(45859 -83494.8 -27307.6 459 559 3)
(45868 33119.1 34789.8 567 667 1)
(45880 11164.1 114680 571 671 1)
(45891 -114646 -82670.1 454 554 1)
(45893 74461 -54383.4 28 128 3)
(45896 -49580.9 136091 506 606 0)
(45898 97770.2 1924.36 564 664 1)
(45900 -64366.3 -143037 370 470 1)
(45906 -62303.8 -82599.9 172 272 1)
(45911 -110514 75172.1 331 431 1)
(45916 95639 -66485.3 175 275 0)
(45921 -123743 -139015 518 618 1)
(45922 -22057.3 -58499.7 400 500 1)
(45926 -61612.9 -103852 240 340 1)
(45947 -25946.9 39197.1 429 529 0)
(45948 47362 -15241.2 439 539 1)
(45953 -60372.1 133792 506 606 1)
(45955 81592.1 -116844 345 445 0)
(45959 25211.1 -37317.9 191 291 1)
(45962 1061.64 -89599.8 6 106 1)
(45975 6074.84 -88723.2 441 541 1)
(45978 103630 129594 249 349 3)
(45985 -93265.4 -34343.5 32 132 1)
(45988 -7892.46 1854.83 450 550 0)
(45994 -95517 -131881 151 251 1)
(45999 71396.6 31070.6 120 220 3)
