(135006 -23067 118551 215 315 1)
(135009 115958 40033.1 596 696 1)
(135014 -103574 6934.88 242 342 0)
(135020 103609 109414 1 101 3)
(135022 56334.9 -96634.6 342 442 1)
(135032 -4943.79 -70558.6 245 345 1)
(135034 64.3696 99518.3 239 339 0)
(135056 -104643 18112 401 501 0)
(135059 -24104.4 13951.1 576 676 1)
(135062 83727.9 69022.6 362 462 1)
(135065 72571 -68579.4 183 283 3)
(135084 29255.1 136820 456 556 0)
(135085 -27141.5 93453.6 444 544 1)
(135086 -90523.2 -53483.9 366 466 3)
(135091 46302.1 -134887 2 102 0)
(135094 44976.9 -35491.3 545 645 -1)
(135101 7075.9 -42358.1 53 153 3)
(135113 83487.4 69241.6 60 160 1)
(135114 -43163.4 -128102 413 513 3)
(135117 -79477.3 -117887 305 405 3)
(135121 -57059.7 -98618.6 36 136 1)
(135122 -77487.2 65327.7 616 716 1)
(135123 65775.8 -13307.3 241 341 1)
(135128 81697.3 148623 259 359 1)
(135143 -7829.8 -20172.2 139 239 0)
(135144 -52121.6 46176.8 360 460 3)
(135145 113666 103448 84 184 3)
(135150 115668 119513 40 140 1)
(135169 -81105.6 86276.9 102 202 3)
(135173 5057.75 -83712.6 329 429 0)
(135177 249.81 -95462.6 300 400 3)
(135196 117739 73455.1 230 330 1)
(135200 30254.1 53092.6 210 310 3)
(135205 94681 -9187.33 401 501 1)
(135208 -104621 -86733.6 426 526 1)
(135211 12150.9 136756 417 517 1)
(135218 -70640.7 -66829.9 559 659 1)
(135222 -33162.5 -88777.3 496 596 3)
(135224 34311.1 38130.9 472 572 1)
(135231 119850 -51524 461 561 0)
(135237 -62358.9 33091.3 231 331 1)
(135238 78397.7 13995.5 461 561 0)
(135243 118743 -32315.7 165 265 0)
(135244 -81400.3 48158.3 203 303 1)
(135254 -788.252 -91494.3 3 103 0)
(135263 62468 -134073 521 621 1)
(135287 68537.8 -130026 472 572 1)
(135288 11158.6 -54420 474 574 3)
(135289 56389.4 -101796 231 331 3)
(135295 117813 21976.9 425 525 1)
(135296 10119.9 -64568.9 413 513 1)
(135301 12117.1 -91638.6 152 252 1)
(135302 -41226.1 -71637.1 386 486 1)
(135306 -41251.2 -100759 576 676 1)
(135318 34320.4 -111796 1 101 1)
(135326 56400.2 -79593.9 214 314 0)
(135330 121807 132838 423 523 0)
(135332 25302.6 -105802 605 705 0)
(135353 113858 11039.2 558 658 0)
(135357 -30111.4 49177.1 548 648 1)
(135361 -82471.5 -22313.2 285 385 3)
(135362 43310.4 -48505.3 627 727 0)
(135371 -98583.9 -49481 585 685 1)
(135373 -102618 -17376.3 219 319 1)
(135380 119839 -72497.1 240 340 1)
(135385 -101644 81507.8 312 412 1)
(135388 -76422.5 -88694.1 7 107 0)
(135389 71635.8 98572.3 603 703 1)
(135398 16186.5 1864.55 272 372 1)
(135406 62446.6 -131963 351 451 1)
(135412 63599.6 62226.1 522 622 1)
(135428 48307.3 -33196.2 1 97 1)
(135434 -44878.3 149771 376 476 3)
(135447 90619.1 -44515.1 410 510 1)
(135457 21126.5 -54444.6 66 166 1)
(135466 -19969.7 53244.6 22 122 1)
(135473 99737.3 120677 414 514 3)
(135481 -51259.6 -54481.2 352 452 1)
(135494 15199.6 -43343.5 154 254 1)
(135501 113716 -139823 59 159 3)
(135509 -81362 -80659.4 336 436 1)
(135514 39251.7 -44417.4 207 307 1)
(135515 12034.7 -129809 43 143 1)
(135517 48453.3 -96919.7 584 684 1)
(135518 115993 -18178.3 543 643 0)
(135520 46167 -37110.2 197 297 0)
(135527 20316.8 -79738.8 219 319 0)
(135544 -86488.7 24030.8 310 410 1)
(135546 17186.1 -8139.82 18 118 1)
(135555 -119671 19984.4 303 403 0)
(135564 -88442.9 125604 63 163 1)
(135569 -9903.59 -139050 294 394 3)
(135570 42263.5 42169.8 181 281 1)
(135577 -52191.2 -125790 61 161 1)
(135578 124858 23977.8 230 330 1)
(135580 -15105.8 -27276.5 248 348 1)
(135584 21197.5 115566 192 292 1)
(135591 -14049.9 2887.73 286 386 0)
(135602 89652.9 12906.5 255 355 1)
(135612 -22078.3 -8183.53 66 166 1)
(135621 94597.4 -18247.4 142 242 3)
(135651 -106496 -90947.3 619 719 3)
(135653 -123757 146863 611 711 1)
(135656 46557.5 -56458.5 243 343 3)
(135670 28303.1 36117.2 573 673 3)
(135673 -17054.7 86395.6 72 172 1)
(135675 67469.5 -94673.7 533 633 1)
(135680 54518.7 -61571 629 729 0)
(135683 36256.5 -50400 93 193 1)
(135684 -24107.6 2883.19 27 127 3)
(135685 45348 52202.9 258 358 1)
(135686 -42222 7914.47 442 542 1)
(135697 -78450.2 -72586.8 294 394 1)
(135698 -40205.8 -121956 483 583 1)
(135699 -54390.5 -2266.23 273 373 1)
(135702 -55839.3 3808.88 497 597 0)
(135711 -57335.2 -11028.6 626 726 1)
(135714 -5939.12 -140020 211 311 1)
(135717 -88526.5 127712 472 572 1)
(135719 57378.7 22059.3 261 361 1)
(135721 -43171 -75557.3 262 362 3)
(135730 104783 -23304.8 403 503 0)
(135740 -17640.6 56069.7 106 206 1)
(135746 25062.8 -49528 261 361 1)
(135748 -14933.9 -136961 206 306 0)
(135760 22169 -142913 67 167 1)
(135765 22080.7 -71616.4 347 447 1)
(135766 -113668 108616 558 658 0)
(135775 -27086.9 -135969 208 308 1)
(135789 33251 -15205 192 292 1)
(135810 -65391 68313.9 591 691 1)
(135827 -7919.82 -93592.3 542 642 1)
(135839 69663.4 -57200.7 547 647 0)
(135841 -20082.9 74269.8 1 100 1)
(135847 -64326.7 14972.5 254 354 1)
(135854 -84494 -92748.3 442 542 3)
(135857 -86434.4 -141908 110 210 1)
(135858 45270.4 -11190.6 315 415 3)
(135862 6038.62 35189.5 41 141 0)
(135865 -63354.7 -33383.5 376 476 1)
(135866 -14027.6 -130830 36 136 0)
(135872 -61377.7 37233.1 349 449 1)
(135874 -9986.29 -128839 172 272 1)
(135878 74511.8 -76648.9 259 359 3)
(135880 -70309.3 -69442.2 74 174 1)
(135881 -33999.5 -16054.6 308 408 3)
(135896 122919 97722.1 496 596 3)
(135899 55443.5 -58552.2 586 686 1)
(135904 32452.5 51137.1 443 543 1)
(135909 -123588 -105750 58 158 0)
(135912 100686 84396.7 308 408 0)
(135913 -82576.8 -131092 423 523 3)
(135928 34335 -49385.1 454 554 1)
(135931 -14126.4 -126620 282 382 3)
(135936 31378.6 118660 119 219 0)
(135966 29251.9 -14237.2 558 658 1)
(135973 116842 136739 326 426 3)
(135982 -101612 -31351.4 346 446 3)
(135988 61471.9 34169.2 512 612 1)
