(138008 116946 66259.9 512 612 1)
(138009 -108701 -55391.1 85 185 0)
(138023 42518.6 40207.9 68 168 3)
(138030 51313.4 99412 265 365 3)
(138036 18143 129578 9 109 0)
(138037 -10099.1 -44290.3 65 165 1)
(138046 -2950.14 -134939 354 454 0)
(138047 -64474.1 85504.2 400 500 1)
(138069 81521 116575 17 117 1)
(138077 -119616 -58411.4 36 136 1)
(138104 -76422.7 -90635.8 371 471 0)
(138108 3220.93 -88531.4 210 310 1)
(138110 -83410.1 -132837 82 182 3)
(138113 84684.6 -55528.1 626 726 1)
(138116 108853 45238.2 295 395 0)
(138125 45336.2 -142000 319 419 0)
(138131 49172.7 -104900 127 227 1)
(138137 30261.8 -139045 441 541 1)
(138140 39280.4 -123875 189 289 3)
(138167 -90449.5 -138924 167 267 1)
(138170 -67330 -55485.1 412 512 1)
(138174 -112649 -87685.1 284 384 1)
(138192 -104550 -67524.6 136 236 1)
(138194 83570.6 37114.6 196 296 1)
(138200 74592.1 -58554.3 569 669 3)
(138201 -71425.7 -6038.24 341 441 1)
(138216 -58309.3 85429.8 406 506 1)
(138220 109895 -15074.9 411 511 1)
(138223 1095.79 29124.6 477 577 1)
(138225 -29127.7 -115892 388 488 1)
(138239 78463.7 -44414.9 5 105 0)
(138247 123819 103430 28 128 1)
(138249 81643.7 116636 580 680 1)
(138254 19180.5 -56480 89 189 1)
(138255 -73322.5 -11168.4 1 98 3)
(138260 3083.32 8945.04 553 653 0)
(138263 90564 16963.9 32 132 1)
(138265 -40301.1 106474 9 109 1)
(138266 19203.2 -135091 586 686 1)
(138281 -25988 12949.8 141 241 3)
(138285 45309.8 93425.6 309 409 3)
(138286 -77480.9 -102785 348 448 1)
(138290 -102643 68260.5 254 354 3)
(138300 27237.4 -17194.7 335 435 1)
(138304 103607 -80486.1 107 207 1)
(138305 -58194.2 136872 478 578 1)
(138317 -100684 -65573.1 520 620 3)
(138325 -952.374 -37301.2 4 104 1)
(138326 8117.91 -17208.2 277 377 1)
(138331 94604.3 102386 204 304 0)
(138347 -33156.8 45029.9 246 346 3)
(138350 -101626 -86734.7 493 593 0)
(138358 -104671 -114989 571 671 1)
(138365 48396.2 120687 439 539 1)
(138378 -50239.1 -79500.5 203 303 3)
(138383 64323.3 -63764.5 342 442 0)
(138394 -42133.6 -130763 174 274 0)
(138405 -108734 136737 581 681 0)
(138407 -4942.11 -92582.7 42 142 1)
(138408 -59348.9 -77644.6 525 625 3)
(138414 -31156.9 -133883 198 298 1)
(138417 17215.9 -13227.6 628 728 3)
(138420 -87475.7 72334.2 233 333 3)
(138421 76507.6 -138887 1 94 1)
(138428 -117651 92465.4 479 579 1)
(138429 -25122.9 -38339.2 590 690 1)
(138437 -13012.9 -82603.9 203 303 3)
(138449 97539.8 -126741 43 143 0)
(138460 -19051.3 56221.1 70 170 0)
(138479 -83651.3 57340.3 504 604 3)
(138483 72472.2 -70615.2 332 432 0)
(138488 13184.1 -110927 500 600 1)
(138501 -39152.3 -144007 304 404 1)
(138507 -68319.8 -129090 264 364 1)
(138513 19219.3 -48379.5 203 303 0)
(138531 -105716 -25276.8 508 608 0)
(138532 23299.3 95389.8 9 109 1)
(138535 118731 -57341.6 149 249 3)
(138542 34361.2 -81880.3 281 381 1)
(138548 -53064.4 -30363.6 182 282 0)
(138555 41332.8 -72601.2 375 475 1)
(138559 -68504.6 82212.2 601 701 0)
(138560 -40206.9 -12133.4 91 191 0)
(138562 -81562.7 -40441.1 592 692 1)
(138572 -45227.5 -88660.9 252 352 3)
(138578 -34176.9 -31952.4 601 701 -1)
(138579 60376.4 -131815 109 209 1)
(138585 63490.9 41188.3 384 484 1)
(138587 72524.5 98462 208 308 1)
(138592 111982 45182 509 609 1)
(138601 65559.9 60582 284 384 1)
(138603 17118.3 26007.5 50 150 3)
(138604 78537.8 -75667.7 259 359 3)
(138606 -74404.1 84493.4 317 417 0)
(138607 2141.52 -18227.3 90 190 1)
(138612 -75614.2 -80923.4 109 209 0)
(138619 -28075.9 42146.8 44 144 1)
(138641 60449 32096.6 408 508 1)
(138644 30267.8 112625 497 597 1)
(138653 -66341.9 -28348.5 395 495 1)
(138660 7120.31 43160.1 416 516 1)
(138662 -56318.1 -98879.3 580 680 0)
(138663 4211.7 -110957 476 576 0)
(138669 70366.3 -88689.5 263 363 0)
(138678 5084.87 25993.5 432 532 0)
(138684 -13025.9 117794 500 600 1)
(138685 111855 63263.2 34 134 1)
(138693 -120818 57437.9 267 367 1)
(138718 30269.4 142848 482 582 1)
(138725 111698 127656 207 307 1)
(138734 -84403.2 -116857 336 436 1)
(138745 -15029.8 102565 303 403 0)
(138746 -106696 -74952.5 615 715 0)
(138755 15069.4 83500.9 379 479 1)
(138756 51324.1 81367.2 207 307 0)
(138762 -91537.9 -82680.5 450 550 1)
(138773 -33141.1 -109866 435 535 1)
(138778 -1844.23 24034.8 532 632 1)
(138792 52350.9 25027.6 63 163 3)
(138798 124943 -5146.79 596 696 1)
(138813 3978.42 -132033 382 482 3)
(138816 -70423.8 85439.2 152 252 0)
(138822 -54157.5 7952.74 162 262 3)
(138825 93700.6 -29319.5 223 323 1)
(138840 -1353.28 -80484.1 58 158 3)
(138851 62485.8 60273.7 526 626 1)
(138859 -42284.4 118691 446 546 1)
(138860 -6976.15 -94759.7 419 519 3)
(138865 -36106.9 96935.6 55 155 1)
(138867 -56204.1 -101744 266 366 1)
(138870 6080.27 108527 28 128 1)
(138878 -99532 -94718.7 251 351 1)
(138881 -45123.5 -55496.8 145 245 3)
(138882 -19080.6 -20215.1 113 213 0)
(138888 42293.3 145781 253 353 1)
(138894 85744.5 -103807 556 656 1)
(138900 20148.7 19974.9 211 311 1)
(138913 -39142.6 53256.9 191 291 3)
(138924 99735.6 16899.4 465 565 1)
(138933 -112629 -54439.1 111 211 1)
(138950 71424.9 -116811 129 229 3)
(138963 82560.7 -108748 252 352 0)
(138966 -43215.3 118570 208 308 3)
(138970 -34093.4 4996.4 221 321 3)
(138976 49493.5 -61372.6 259 359 0)
(138978 24569.7 38040.6 443 543 3)
(138986 -43431.1 33018 490 590 0)
