(27000 -32108.1 31088 322 422 0)
(27001 -66448.4 36999.5 377 477 3)
(27002 49369.4 -84657.6 406 506 0)
(27004 46374.9 -120980 499 599 3)
(27008 -18023.7 147843 498 598 1)
(27009 -84500.2 -92557.3 239 339 3)
(27014 -55211.5 678.906 282 382 1)
(27015 -110663 -14214.7 311 411 1)
(27023 -69326.5 28035 202 302 3)
(27028 -3967.51 -11230.7 570 670 1)
(27035 100875 -108883 380 480 1)
(27037 16109.5 -82623.6 260 360 1)
(27038 -18055.6 -72503.8 220 320 1)
(27039 -55284.1 48160.5 252 352 1)
(27046 46076.7 -95719.8 377 477 0)
(27048 67546.8 -34424.4 602 702 1)
(27049 77510.9 -89662.6 138 238 3)
(27052 -100553 117604 262 362 1)
(27059 88706.6 -56433.1 484 584 0)
(27066 -45209.6 -49223.2 610 710 0)
(27067 -34207.1 97368.4 88 188 1)
(27068 -88453.2 -123818 125 225 3)
(27077 90834.3 -109877 12 112 1)
(27080 -122955 -10256.2 556 656 0)
(27081 -80495.3 -32377.8 571 671 0)
(27082 -103726 -18270.2 517 617 3)
(27094 -104712 81461.3 609 709 0)
(27095 -123581 -143068 457 557 3)
(27113 17203 -100786 378 478 3)
(27114 -46187.6 18939.2 487 587 1)
(27120 -41227.6 -40310.5 46 146 3)
(27121 -40264.1 140688 102 202 1)
(27124 105764 -31369.2 526 626 1)
(27125 29.9142 149956 611 711 3)
(27126 34292.9 9886.84 448 548 1)
(27132 5130.18 -114895 471 571 3)
(27147 10126.1 -46407.4 268 368 1)
(27148 124788 84306.3 100 200 3)
(27153 52382.8 -82625.1 243 343 1)
(27160 -95605.2 121706 610 710 3)
(27165 -85408.6 -74536.1 152 252 1)
(27174 67554.3 87442.3 276 376 1)
(27185 -66130.6 131716 14 114 3)
(27193 12219.9 113689 237 337 0)
(27198 37286.2 -28298.8 119 219 0)
(27199 79727.7 145799 489 589 3)
(27212 98738 92463.6 227 327 0)
(27216 -43241.3 9986.64 11 111 1)
(27219 15146.1 -61602.2 549 649 1)
(27221 113728 10955 222 322 1)
(27233 -20151.5 123485 104 204 1)
(27235 17182.5 -105892 549 649 3)
(27238 13210.9 -4207.53 238 338 3)
(27239 27449.1 44352.8 289 389 3)
(27240 -31180.4 -18290 413 513 3)
(27246 14132.3 131552 180 280 1)
(27247 -46247.8 -60487.6 180 280 0)
(27250 25238.7 -14339.4 260 360 3)
(27252 -39089.5 -40362.6 117 217 1)
(27263 -27386.3 66024.2 50 150 3)
(27264 -8979.51 117570 201 301 3)
(27269 -72381.8 -26298.6 397 497 3)
(27274 35244.6 -126798 26 126 3)
(27275 -3783.15 -89834.7 540 640 0)
(27276 -113700 25063.9 90 190 1)
(27277 -30991.8 -25249 536 636 1)
(27280 -104646 17969.8 584 684 1)
(27284 94816.6 -30230.3 362 462 1)
(27296 -75421.8 116567 232 332 3)
(27306 17136 -65461.8 16 116 1)
(27311 -26989.8 -10651.8 66 166 1)
(27316 4991.75 -99005.9 503 603 3)
(27335 -33169 -23290.4 346 446 1)
(27338 -32197 -110924 550 650 0)
(27343 -57245.5 -136926 103 203 1)
(27347 -111583 3893.65 84 184 1)
(27351 -17996.8 -3121.87 2 102 1)
(27353 58320.6 -23577.1 629 729 1)
(27356 -118697 48.6439 573 673 0)
(27357 -90476.7 -112780 194 294 0)
(27364 40588.3 -85618.4 509 609 1)
(27366 119154 1891.88 563 663 0)
(27368 -4951.58 -16147.7 163 263 1)
(27375 -30085.4 -2216.05 359 459 1)
(27386 36296.1 125602 176 276 1)
(27389 -45332.9 14053.8 432 532 1)
(27391 105580 -75600.3 119 219 3)
(27400 115711 100448 106 206 1)
(27403 118837 97502.9 425 525 1)
(27415 111661 -20209.8 1 95 1)
(27429 -31169.3 -65556.1 251 351 1)
(27434 17134.7 -118819 189 289 3)
(27441 -15031.5 107554 316 416 3)
(27442 -13966.9 -119963 470 570 3)
(27444 43299.1 96482.4 72 172 0)
(27447 73871.7 -12575.7 342 442 0)
(27452 93368.4 -20145.3 26 126 1)
(27453 75683.1 36118.4 467 567 3)
(27458 88535.2 55197.6 87 187 1)
(27461 4278.38 -135190 542 642 1)
(27469 39370.5 -114676 249 349 3)
(27472 56384.9 -86693.8 336 436 3)
(27474 85706.1 -134112 589 689 1)
(27476 -80460.9 17024.1 81 181 1)
(27477 -67378.3 -18266.9 428 528 3)
(27484 -40109.6 -128048 528 628 0)
(27489 -29130.3 142728 19 119 1)
(27490 -110605 -117837 224 324 1)
(27503 52394.4 105552 312 412 1)
(27508 -35182.9 89436.1 461 561 1)
(27514 101838 -106814 351 451 1)
(27515 -27130 -72535.7 329 429 1)
(27533 18153.4 4856.9 287 387 1)
(27536 -116777 4062.01 291 391 3)
(27540 72600 -46501.9 561 661 3)
(27541 -10129.6 -18413.6 536 636 0)
(27556 -45197.8 -128973 360 460 3)
(27565 -93562.6 16998.8 182 282 1)
(27571 -75480.6 -40417.6 571 671 3)
(27577 -119643 -74584.2 64 164 3)
(27581 29293.6 103706 587 687 1)
(27607 -64490.2 54025.9 309 409 1)
(27610 -33101.1 -59454 230 330 1)
(27615 -88548.4 76399.2 473 573 0)
(27618 -22226 120744 600 700 0)
(27620 -112814 101671 618 718 3)
(27638 39263.3 -54385.9 10 110 3)
(27642 -78489.3 88447.1 526 626 0)
(27646 110935 -127337 485 585 0)
(27652 68416.1 67238.5 50 150 1)
(27655 100846 61280.7 552 652 3)
(27656 86848.9 -33508.4 467 567 0)
(27661 100564 -22804.4 333 433 3)
(27665 65526.9 -96716.8 287 387 1)
(27668 30237.9 118498 275 375 1)
(27673 -82383.1 124573 28 128 3)
(27678 -63287.5 -40969.1 187 287 1)
(27690 -54279.2 -109759 164 264 1)
(27692 21194.2 -123871 240 340 3)
(27695 -71428.2 -36425.4 502 602 1)
(27708 -52136.6 -119142 493 593 0)
(27718 30281.2 106657 375 475 3)
(27719 -43109.7 32064.2 193 293 0)
(27743 20462.7 7956.88 485 585 3)
(27744 -25128 5941.86 43 143 3)
(27745 -83323.1 -64512.5 248 348 1)
(27755 -104554 -31322 258 358 3)
(27765 8113.25 -66469.1 78 178 0)
(27768 36263 92367.5 1 98 1)
(27769 21166.9 3814.09 327 427 1)
(27771 -84581.5 -70544.2 519 619 1)
(27780 67397.2 -2050.92 188 288 1)
(27787 58435.5 22005.2 373 473 3)
(27789 65438.9 -95648.8 267 367 0)
(27790 109845 -28344 484 584 1)
(27791 87523 -138979 458 558 3)
(27800 -46268.7 -112240 625 725 1)
(27808 12307.2 95386.7 157 257 1)
(27816 110764 -73393.8 398 498 3)
(27824 115951 70371.2 486 586 0)
(27828 -31046.9 -147244 464 564 1)
(27831 72293.6 30801.8 389 489 0)
(27832 -56205.7 -12182.8 339 439 1)
(27834 -60262.8 -87733 411 511 0)
(27844 -37275 -87482.3 123 223 0)
(27848 14137.9 -79587.1 109 209 1)
(27849 -84506.4 -39385.5 110 210 1)
(27855 64416.5 27157 220 320 1)
(27873 -65344.1 -98727.3 291 391 0)
(27883 -2115.25 125528 10 110 1)
(27889 24210.5 -138063 485 585 1)
(27890 -82492.1 20970.9 138 238 1)
(27891 41560.4 -38508.3 545 645 1)
(27892 29201.8 -62482 233 333 0)
(27901 52556.3 13115.8 85 185 3)
(27903 -74487.5 -132772 151 251 1)
(27920 -73464.9 -92721.6 237 337 1)
(27928 -37301.8 41125.4 456 556 1)
(27931 65.9321 -60507.5 333 433 0)
(27932 -78457.7 -97706.5 449 549 1)
(27935 -114645 10939.2 253 353 1)
(27938 -26119 97519.4 466 566 0)
(27943 -86523 -31355.6 515 615 1)
(27951 -75564.6 68478.4 411 511 1)
(27954 -8860.37 -104080 291 391 1)
(27970 -2988.57 59182.1 36 136 1)
(27974 6108.48 146612 160 260 1)
(27977 101570 -12170.6 55 155 1)
(27979 12356.1 99524 272 372 1)
(27990 -5992.14 -93668.4 88 188 1)
(27993 55264.2 10025.6 551 651 3)
(27996 -58323.5 -23277.6 347 447 1)
(27997 -78442.5 11989.4 383 483 1)
