(39001 -35214.4 43191.3 370 470 3)
(39007 40338.6 -39388.9 391 491 3)
(39011 101778 19050.5 551 651 0)
(39012 104609 42215.2 117 217 3)
(39028 -53304.1 27060.4 497 597 1)
(39033 25217.4 -42455.1 303 403 0)
(39039 -72433.9 -148152 496 596 3)
(39044 99820.5 73293.3 557 657 1)
(39045 30201 -143982 424 524 0)
(39049 -96511.3 -123741 96 196 3)
(39050 -38147 -49391.3 124 224 0)
(39051 -15078.5 -109894 548 648 1)
(39053 -83536.3 138747 252 352 1)
(39084 -36167.4 8901.85 215 315 1)
(39095 20151.7 -80796.6 518 618 1)
(39101 -47276.3 -119912 507 607 1)
(39111 -43207.6 -41397.8 299 399 1)
(39119 -115634 34197 123 223 1)
(39123 120029 62396.8 563 663 1)
(39135 -28111.9 -65512.2 411 511 1)
(39138 -74442.4 -36239.9 231 331 3)
(39148 61544.6 27957.7 523 623 -1)
(39155 36299.5 16982.8 237 337 1)
(39165 -104553 -5990.88 349 449 1)
(39167 -70363.2 122533 180 280 0)
(39178 25162.8 -2108.56 350 450 1)
(39179 97765 -117998 588 688 1)
(39184 95622.5 -45344.3 144 244 1)
(39185 -8986.58 -60480.5 131 231 1)
(39186 -113689 1913.57 488 588 1)
(39188 -38157.9 31082 242 342 0)
(39200 -2969.87 -29252.6 411 511 3)
(39202 15070.7 -61778 58 158 3)
(39211 79092.2 -113280 4 104 3)
(39218 23280.1 -114799 270 370 3)
(39226 20089.8 -45381 429 529 3)
(39240 -104646 61270.6 536 636 1)
(39242 -31099.7 117525 53 153 3)
(39248 105622 -74517 13 113 3)
(39255 -16031.3 109478 37 137 1)
(39265 54407.4 -143149 558 658 1)
(39272 -87560.4 132790 617 717 0)
(39273 12206.1 1817.28 625 725 1)
(39276 68406.3 -123817 118 218 1)
(39280 12163.3 -69629.9 480 580 1)
(39284 -102311 89427.8 224 324 0)
(39295 -101721 -3131.86 541 641 3)
(39307 -9015.68 -45414.8 263 363 3)
(39318 -117716 7808.53 594 694 1)
(39320 27085.9 -91568.2 365 465 3)
(39333 73613.5 -4156.32 555 655 3)
(39340 -77292.7 103677 361 461 1)
(39349 -83502.4 101580 184 284 1)
(39357 -23107.2 -55531.1 604 704 1)
(39362 -114616 -149048 485 585 1)
(39364 -93529.8 68368.8 306 406 3)
(39381 -107704 -91594 100 200 0)
(39383 46291.2 146674 41 141 1)
(39385 -67401.5 -38333.2 290 390 3)
(39390 5373.17 20127.7 498 598 0)
(39395 -103604 -99737.5 319 419 3)
(39396 -14040.6 -19237.8 373 473 1)
(39397 49456.8 -98819.1 559 659 0)
(39401 -62292.8 101551 48 148 1)
(39402 -47280.2 10013.1 477 577 1)
(39405 -121657 -8068.49 2 102 1)
(39409 -81458.6 38962.5 130 230 3)
(39413 75683.1 138043 384 484 1)
(39416 -29151.2 109557 218 318 1)
(39417 99793.6 69341 599 699 3)
(39435 1662.82 46151.2 100 200 3)
(39442 -53284.3 -56496.9 612 712 1)
(39443 64317.6 36098 310 410 0)
(39451 -13003 137641 34 134 3)
(39453 117754 -133963 179 279 1)
(39460 102708 -81637.6 327 427 3)
(39461 76505.5 66277.8 246 346 1)
(39462 19217.7 -109882 480 580 3)
(39464 57.359 65360.9 409 509 1)
(39469 27330.5 -75669.2 592 692 1)
(39473 122829 -26324.3 239 339 1)
(39476 112622 -77634.6 438 538 1)
(39481 2113.06 -86678 199 299 0)
(39482 -22190.3 -81626.1 1 96 1)
(39489 -63248 75194.4 208 308 3)
(39504 -53255.6 121594 88 188 1)
(39505 44304.2 -4161.12 345 445 3)
(39515 14144.7 -90645.9 29 129 1)
(39516 91726.2 130655 304 404 1)
(39524 52457.8 -21406.1 588 688 1)
(39528 -68385.3 -94661.4 185 285 1)
(39538 -73412.1 17984.4 489 589 1)
(39541 21.0703 -55404.6 57 157 1)
(39542 -11938.3 -96691.5 58 158 1)
(39545 20121.5 -42415 257 357 0)
(39549 -82449.6 63218.3 187 287 1)
(39565 66486.1 10987.8 357 457 3)
(39567 85357.9 42202.4 203 303 1)
(39590 -80369.1 -32278.6 89 189 0)
(39593 -27092.5 -26334.9 570 670 1)
(39600 -48183.5 26146.5 313 413 -1)
(39604 99636.7 -56127.1 241 341 1)
(39612 -83559.7 -33099.7 480 580 0)
(39616 1064.48 -118871 407 507 3)
(39634 -37124.9 22443.7 299 399 1)
(39640 90718.3 56234.6 367 467 1)
(39647 110964 -63552.2 24 124 1)
(39660 -24191.9 26071 342 442 1)
(39663 26211 33072.7 78 178 1)
(39673 -100560 32165.4 115 215 0)
(39693 43319.9 53201.8 191 291 3)
(39697 97617.8 -7165.67 156 256 1)
(39708 -68365.8 71493.3 386 486 3)
(39711 -47230.6 -46399 235 335 1)
(39722 101738 -8191.72 465 565 1)
(39726 95724.4 -62565.5 493 593 0)
(39729 49299.8 -77616.7 82 182 0)
(39731 -55176.9 -27107.6 261 361 1)
(39736 44331.3 -11262.8 618 718 1)
(39738 -26.6307 58219.5 6 106 0)
(39755 -98580.6 82559.1 216 316 1)
(39761 -87537.7 -69614.1 302 402 0)
(39765 38269.7 -98683.7 204 304 1)
(39769 118393 -23247.7 542 642 0)
(39770 -37163.4 -37514.8 628 728 1)
(39781 -124570 100439 1 101 1)
(39782 -4980.41 61225.8 186 286 1)
(39789 115736 144801 275 375 1)
(39794 -83439 -109741 120 220 1)
(39799 -84553.1 -51464.4 441 541 1)
(39801 -85542.3 -5292.68 272 372 0)
(39815 96846.8 21127.3 573 673 1)
(39816 27311.5 -74623.4 398 498 3)
(39820 68484.6 -67549.1 331 431 1)
(39825 93459.7 44078.7 11 111 1)
(39833 -111741 40011.1 210 310 3)
(39837 -37272.7 118455 24 124 1)
(39846 -33336.9 8041.15 44 144 0)
(39868 -49277.9 -53430 43 143 1)
(39870 -24088.9 -24303 6 106 1)
(39871 -48201.1 -132836 66 166 1)
(39873 -74479.2 86472.9 607 707 1)
(39874 -7010.63 72284.7 132 232 0)
(39879 39350.7 -18268.6 593 693 3)
(39885 -28119.6 -14214.6 257 357 1)
(39889 48379.2 -26487.1 199 299 3)
(39895 55421.9 -22246.1 624 724 1)
(39915 33035.1 148546 115 215 1)
(39923 -110565 103413 1 98 1)
(39931 -99695 -124163 609 709 1)
(39942 -92565 115571 143 243 1)
(39945 70787.5 -101899 368 468 1)
(39959 -96531.7 -52337.4 38 138 1)
(39975 117790 15994.7 97 197 3)
(39976 84496.7 -124957 196 296 0)
(39990 19351.2 57256.8 542 642 3)
(39993 -114866 51347.1 327 427 0)
(39997 -8045.78 -79543.2 222 322 3)
