(110008 85547.1 -54432.6 128 228 1)
(110011 39257.4 57465.4 31 131 0)
(110018 -52210.3 -9260.77 6 106 1)
(110022 -106525 -2118.47 9 109 0)
(110032 45410.8 1628.27 185 285 1)
(110037 32276.7 17977.7 443 543 1)
(110038 59386.9 -103082 370 470 1)
(110040 -34062.2 -57612.1 528 628 1)
(110053 -45204.4 -128876 188 288 0)
(110054 -54310.7 8978.6 197 297 1)
(110060 -107331 38089.8 214 314 1)
(110068 -47161.5 2874.97 194 294 0)
(110072 -120620 -93655 156 256 3)
(110074 106762 -21298.9 384 484 0)
(110083 49388 -97781.4 448 548 3)
(110085 -11005 -130814 41 141 0)
(110086 75728.5 91440.8 51 151 3)
(110087 21115 -136880 139 239 1)
(110089 8062.09 -116854 278 378 0)
(110092 12048 -82591.5 614 714 1)
(110099 68523.6 -72728 183 283 3)
(110100 -64211.8 -74661.8 271 371 0)
(110114 51455.6 123668 467 567 1)
(110117 -105619 147782 222 322 1)
(110120 13193.8 -76706.6 614 714 1)
(110121 -21350 8953.94 342 442 1)
(110129 28217.9 -39350.9 142 242 0)
(110133 -23104.8 21005 304 404 3)
(110138 104850 -21369.3 295 395 3)
(110141 30433.1 3173.31 437 537 1)
(110143 -91632 3963.96 186 286 0)
(110146 -79370 -20167.3 478 578 1)
(110147 -19077.8 -96871.3 449 549 1)
(110149 -111658 115586 274 374 0)
(110163 -6980.25 -68556 173 273 0)
(110166 -13880.8 -29248 497 597 3)
(110167 -57371.8 -34325.6 319 419 0)
(110175 -50345.1 102627 311 411 1)
(110190 23784.2 -146293 478 578 1)
(110194 41372.6 20989.2 532 632 1)
(110196 85410.3 3940.87 318 418 1)
(110206 54482.9 39145.6 575 675 1)
(110207 97719.8 130714 625 725 1)
(110213 78693.1 120578 457 557 1)
(110215 -21074.8 -43362.1 64 164 3)
(110216 -41247.3 109648 435 535 0)
(110219 34229.2 -3141.11 166 266 1)
(110221 31251.1 112586 339 439 3)
(110229 -115809 107716 601 701 0)
(110231 52604.9 -146166 590 690 0)
(110237 -35147.6 47132.2 260 360 1)
(110243 119908 -69684.8 571 671 1)
(110253 -71424.9 -123021 583 683 1)
(110277 78531.1 58239.1 2 102 3)
(110285 -35178.4 -60238.9 212 312 3)
(110289 -17049.8 -87775.2 627 727 1)
(110302 -96537 -143000 191 291 1)
(110304 35296.6 64291 414 514 1)
(110309 -35121.3 58113.7 117 217 1)
(110310 -64227.6 -117531 1 95 0)
(110312 -110266 -40042.5 75 175 1)
(110313 -92584.4 -128016 482 582 1)
(110314 72815.9 -55519.1 611 711 1)
(110321 -95615.5 40138 606 706 1)
(110330 -78318.3 -28171.5 357 457 1)
(110331 -15034.5 131641 183 283 3)
(110337 64393.4 66221.5 3 103 3)
(110340 32267.3 21010.9 476 576 1)
(110343 -17010.6 -83629.9 175 275 1)
(110349 52418.1 -78668.3 490 590 3)
(110372 56498.8 16978.7 397 497 0)
(110379 -93465.9 -84588 102 202 1)
(110380 -109604 21974.2 309 409 3)
(110388 -45228.1 -82768.5 557 657 3)
(110391 123064 -75742.1 569 669 1)
(110397 76603.5 111687 487 587 0)
(110398 -75383.3 -89644.1 167 267 0)
(110414 -90564.2 -9262.01 382 482 1)
(110415 66407.6 143718 194 294 1)
(110416 60354.9 5894.49 421 521 1)
(110423 17816.8 -85277.5 133 233 1)
(110424 98613.5 47200.8 74 174 1)
(110426 52440.9 -143034 317 417 0)
(110432 -22158 145734 36 136 3)
(110450 53260.3 -118972 321 421 0)
(110462 -43236.5 -41365.1 27 127 1)
(110465 86539 -101841 449 549 1)
(110473 111566 -19728.8 123 223 0)
(110478 -81454.2 96534.4 405 505 0)
(110483 -41231.6 -30379.6 9 109 1)
(110484 -29221.5 -39377.8 447 547 3)
(110492 22395.9 -40504 603 703 1)
(110494 52397.5 -42336 220 320 1)
(110495 -20019.6 -47431.6 520 620 1)
(110500 -93519 -26255.5 175 275 1)
(110502 57281.5 -106731 473 573 1)
(110512 -58226.2 -130966 349 449 1)
(110522 41639.5 8955.59 231 331 3)
(110524 -19057.3 116713 486 586 1)
(110532 46228.4 21034.6 591 691 3)
(110533 102834 -8122.82 242 342 3)
(110537 -13045.2 57307 136 236 1)
(110541 -6007.48 35196.6 251 351 0)
(110543 19152.9 51173 64 164 1)
(110551 -46334.8 -40470.3 407 507 1)
(110554 -11009.9 98468.3 253 353 1)
(110555 -44242.3 -48493.1 599 699 1)
(110563 121775 -9172.8 94 194 1)
(110570 -107601 -121842 176 276 1)
(110573 96728 -101828 469 569 1)
(110576 -91560.6 -119848 52 152 1)
(110577 56406.1 -120916 153 253 1)
(110578 -102696 -17336 417 517 0)
(110588 23420.4 111671 213 313 3)
(110591 49384.3 -47448 402 502 1)
(110596 53436.2 -10215.2 571 671 1)
(110597 -113634 60215.8 200 300 -1)
(110601 -116611 -118821 198 298 1)
(110604 -104508 -21220.7 52 152 1)
(110612 75558.2 -7174.9 53 153 1)
(110614 -97551.4 54205.4 293 393 1)
(110616 -61318.5 40160.4 278 378 1)
(110624 76933.6 -36427.6 324 424 3)
(110629 2035.16 66332.5 1 93 1)
(110635 -82547.7 7911.51 364 464 1)
(110639 56997.3 -14830.4 1 96 1)
(110651 49319 -110696 7 107 1)
(110668 -124759 -78311.2 330 430 3)
(110684 -36092.8 -77811.2 584 684 0)
(110688 -69336.6 -89787.4 469 569 0)
(110691 -27061.9 -67596.4 4 104 3)
(110693 -14033.8 -12166.9 83 183 3)
(110697 -72667.2 17892.9 603 703 1)
(110702 22131.2 112689 99 199 0)
(110713 69581.4 64319.5 434 534 1)
(110719 -93537.5 120739 230 330 1)
(110741 36485.5 -56362.1 392 492 1)
(110748 113996 -32270 562 662 0)
(110750 -29137 -125956 76 176 0)
(110752 30290 70341 240 340 3)
(110756 -93554.9 6037.38 358 458 3)
(110758 -120627 37111.9 310 410 0)
(110760 -26113.4 29059 57 157 1)
(110762 -73606.5 109737 561 661 1)
(110769 -108465 -109790 15 115 3)
(110771 -73425.1 122698 517 617 1)
(110772 37326.5 -135027 435 535 1)
(110779 93621.6 -103947 153 253 1)
(110783 -124815 -130078 531 631 1)
(110790 -18032.5 -102720 168 268 3)
(110794 -76511.4 144788 374 474 1)
(110806 -18048.6 125711 547 647 3)
(110809 69546.2 83425 497 597 1)
(110812 -26110.2 -55.2491 493 593 0)
(110813 -15058.8 147783 244 344 1)
(110816 13159 53314.4 525 625 1)
(110824 3125.83 -6217.27 573 673 1)
(110828 20206.9 -135093 584 684 1)
(110829 -29133.4 -6191.23 567 667 1)
(110835 -57250 1666.4 26 126 0)
(110837 -121776 80512.3 523 623 1)
(110840 115047 -97039.8 623 723 1)
(110841 -40205.5 68320.5 452 552 1)
(110843 1957.27 5156.11 466 566 1)
(110846 58.7034 26037.2 508 608 1)
(110848 -116595 133630 6 106 1)
(110851 2053.75 -27248.9 1 100 3)
(110852 -42143.9 112492 173 273 1)
(110863 -43190 82399.9 541 641 1)
(110867 -35148.4 -91700.8 274 374 1)
(110871 15151.3 -47477.8 564 664 3)
(110878 113730 110469 294 394 3)
(110882 63484 -34313.9 428 528 1)
(110891 76598.5 -141142 523 623 0)
(110894 70241.1 87595.2 497 597 1)
(110900 -42269 -50451.9 166 266 0)
(110901 -10004.3 106567 254 354 1)
(110907 117858 -36327.8 303 403 1)
(110912 23151.9 -140016 214 314 1)
(110914 -58241.4 122520 84 184 1)
(110920 -2962.66 -107866 502 602 1)
(110933 98606.5 -19220 70 170 3)
(110946 85616.4 133755 264 364 3)
(110949 46260.2 84382.6 353 453 0)
(110953 110678 56182.3 205 305 1)
(110956 75588.2 123760 443 543 1)
(110960 -4968.25 -126867 159 259 3)
(110964 4105.75 -9110.05 150 250 3)
(110966 116885 -2210.68 595 695 1)
(110967 -54307.4 -84728.1 541 641 3)
(110971 112797 -119917 371 471 1)
(110978 99876.2 65374.2 361 461 1)
(110982 5551.04 83425.7 460 560 1)
(110984 -54787.2 147707 299 399 0)
(110987 87593.7 51181.2 263 363 1)
(110988 60368.9 8020.54 126 226 1)
(110994 -122579 -28515.7 405 505 1)
