(102010 63438.3 4904.39 31 131 1)
(102015 84536.8 68276 561 661 1)
(102018 105765 93427.9 341 441 1)
(102021 -14999.4 -44375.1 394 494 1)
(102035 57388.2 -9209.47 387 487 3)
(102038 -91759.1 -21350.3 327 427 3)
(102041 -66284 -102657 67 167 1)
(102045 -106647 -16278.6 78 178 1)
(102046 96617.2 4948.79 115 215 1)
(102062 27292.1 35111.9 581 681 3)
(102064 4113.93 -67596.8 513 613 3)
(102068 25268.2 -132016 483 583 1)
(102070 86886.5 -8058.43 401 501 1)
(102071 -100651 132732 82 182 0)
(102076 -73408.7 -105800 344 444 1)
(102078 67549.6 -95684.8 95 195 1)
(102079 14187.6 -34374.7 505 605 3)
(102082 98065.6 87558.8 435 535 0)
(102084 94626 59207.4 67 167 1)
(102097 -13037.4 -86742.3 581 681 1)
(102100 28240.9 34172.6 155 255 1)
(102105 102745 -117918 428 528 1)
(102108 -2787.22 25022 153 253 1)
(102116 13198.7 20050 390 490 1)
(102121 94679.7 58250.4 405 505 1)
(102127 4996.68 -91824.3 367 467 0)
(102130 3159.52 -45135.7 49 149 1)
(102132 65419.9 135631 71 171 1)
(102140 -100395 66575.6 83 183 3)
(102147 -88719.5 32090.3 593 693 0)
(102155 -8028.89 62268 124 224 1)
(102158 -18065.4 -69506.6 50 150 1)
(102165 -11066.5 -139022 339 439 3)
(102166 -106578 -111985 405 505 0)
(102175 122876 -95714.5 383 483 0)
(102178 43392.3 110692 512 612 1)
(102184 -74335.4 -72616.8 116 216 3)
(102187 46357.5 -16228 457 557 1)
(102200 -10110.7 14985.5 166 266 1)
(102207 -21071.2 -64525.9 246 346 1)
(102213 85437.2 -48396.6 217 317 1)
(102220 -103622 -75674.4 457 557 1)
(102229 17683 42257.8 543 643 0)
(102234 6098.16 -17266.2 259 359 0)
(102240 59409.6 31104.9 471 571 1)
(102244 41306.8 -117761 27 127 1)
(102251 -19054.8 12945.7 347 447 3)
(102258 -7941.51 -14108.2 232 332 1)
(102261 64559.9 -81703.3 422 522 1)
(102270 -66317.8 -81554.5 2 102 1)
(102272 -39166 -92617.6 28 128 1)
(102273 77481.1 -89591 27 127 1)
(102282 -28110.1 28009.4 468 568 1)
(102284 106797 32082.8 516 616 1)
(102290 -18089.1 130657 171 271 1)
(102311 107900 -65708.6 624 724 1)
(102319 -102624 -21217 618 718 1)
(102322 -69417 -114803 247 347 1)
(102328 19270.1 102866 113 213 1)
(102331 -95534.2 9923.39 557 657 1)
(102332 -10888.5 -57393.2 64 164 0)
(102336 -56331.3 -83586.3 131 231 1)
(102337 105654 -84616.5 206 306 1)
(102339 26441.6 -70475.6 373 473 3)
(102340 -70238.5 -101549 85 185 0)
(102352 9155.3 29006.8 438 538 3)
(102357 11186.1 -86596.8 98 198 0)
(102359 72597.3 149118 353 453 0)
(102365 -112595 115632 149 249 1)
(102371 80543 1924.71 433 533 1)
(102377 2121.34 -72646 443 543 1)
(102384 -9985.62 64283.1 436 536 1)
(102406 -92545.6 -149050 301 401 1)
(102412 44270.6 78234.2 227 327 0)
(102413 94792.3 -109994 579 679 3)
(102419 -104592 39136.1 504 604 1)
(102433 5116.49 -125977 496 596 1)
(102442 -6998.18 -138044 459 559 3)
(102444 -35213 -49518.3 378 478 3)
(102448 -85533.1 -55451.5 426 526 1)
(102451 -20027.3 -141.275 563 663 3)
(102457 -55278.4 -106779 381 481 1)
(102461 103638 -94638.2 149 249 3)
(102462 -49221.1 10924.3 254 354 1)
(102468 -117780 50304.8 514 614 3)
(102469 111848 -139120 607 707 3)
(102472 -83546.8 -138130 598 698 1)
(102481 -75654.6 -15239.1 403 503 1)
(102489 35314.9 76323.3 464 564 0)
(102491 3073.16 -23260.9 212 312 1)
(102495 23177.6 -35319.7 152 252 1)
(102503 -28153.8 137797 285 385 1)
(102517 -2936.47 5887.7 367 467 3)
(102525 93882.3 109760 235 335 0)
(102533 -54339.5 -90808.9 550 650 1)
(102543 -106627 -55474.6 436 536 3)
(102547 3111.02 103566 479 579 1)
(102553 88488.6 45943.2 16 116 3)
(102557 59443.1 -50436 127 227 1)
(102567 -50248.7 -132098 507 607 0)
(102586 -24123.1 134614 101 201 3)
(102588 -19054.9 21023.8 533 633 1)
(102597 -62308.2 4903.91 259 359 3)
(102609 8137.17 -38282 7 107 1)
(102618 93495 -53489.9 141 241 1)
(102630 -89618.5 -76658.1 423 523 1)
(102632 -958.349 -106708 26 126 3)
(102635 -68397.3 -66573.1 523 623 0)
(102644 101766 -29345.4 440 540 1)
(102646 105612 -20211.7 153 253 1)
(102647 58418.8 141696 106 206 3)
(102662 98590.3 63300.5 53 153 1)
(102668 4086.86 -50548.4 534 634 3)
(102670 -45.0844 129528 81 181 1)
(102686 60492.3 -92820 625 725 1)
(102688 7009.26 46121.1 576 676 0)
(102691 -11021.3 -116914 465 565 0)
(102692 -115678 104576 260 360 1)
(102693 26931.7 -97805 486 586 0)
(102698 22174.1 -57432.7 70 170 3)
(102699 -20063.9 -66525 214 314 3)
(102700 -96262.2 -46640.3 514 614 0)
(102712 -107662 -146127 530 630 1)
(102713 75505.9 23060.2 253 353 0)
(102718 -123874 99430.5 595 695 0)
(102719 115762 16927.2 402 502 1)
(102724 54511.5 -91811.7 542 642 1)
(102725 18244.3 -105782 314 414 0)
(102726 14122.1 86360.4 126 226 1)
(102730 -38147.6 38042.6 102 202 1)
(102732 110868 -73462.5 294 394 1)
(102735 51313.4 -118789 150 250 1)
(102741 -28070.4 19958 219 319 1)
(102743 -84418 -63477.3 121 221 1)
(102745 5162.21 -145107 193 293 3)
(102756 -79409.5 -19307 487 587 0)
(102758 59395 42172.8 271 371 0)
(102759 2086.57 -72512.8 113 213 1)
(102762 -39953.5 97547.8 40 140 3)
(102764 56416.4 -11217 244 344 0)
(102765 54365.1 -83718.9 558 658 3)
(102771 62319.3 65293.9 179 279 1)
(102786 -64317.9 -122944 340 440 0)
(102792 -43135.5 105562 248 348 1)
(102810 -41213.7 -39432.9 400 500 1)
(102814 70483.3 57411.4 221 321 1)
(102821 43383.2 54230.7 384 484 3)
(102831 -114618 -58375.7 167 267 1)
(102834 -66234.5 109353 182 282 1)
(102836 -963.512 87397.4 385 485 1)
(102851 47389.6 -148971 254 354 3)
(102853 5979.3 148903 112 212 1)
(102858 -84462.9 -19201.7 302 402 1)
(102871 -54224.2 50134.5 1 93 1)
(102874 -46131.9 -23306.2 361 461 3)
(102875 26216.4 -147097 408 508 1)
(102877 18147.4 -96723.8 70 170 1)
(102888 -18054.2 -137087 456 556 1)
(102899 -12000.7 -147148 381 481 1)
(102902 -7836.92 -20230.8 272 372 0)
(102904 57487.9 -21291.2 562 662 1)
(102905 59380.9 -91616.9 74 174 1)
(102913 65453 72319 148 248 1)
(102920 -94917.1 31143.6 130 230 0)
(102922 47342.9 -51424.7 198 298 1)
(102925 -26783.6 -34406.3 186 286 1)
(102933 97734.9 -133046 519 619 3)
(102937 -26169.7 -20297.8 525 625 3)
(102950 -45186.6 94332.9 218 318 3)
(102956 -13099.9 98577.8 559 659 1)
(102957 16424 -48353.5 275 375 1)
(102959 -21189.4 -50469.8 442 542 1)
(102963 49355.8 101578 620 720 1)
(102972 -57394.4 59200.4 404 504 3)
(102979 -1936.88 -111938 604 704 3)
(102980 -7974.42 -51416.6 163 263 1)
(102983 38302.9 -127921 313 413 1)
(102988 3142.82 -37362.8 227 327 3)
(102989 88491.1 40167.1 50 150 1)
(102993 -94301.2 118614 55 155 1)
