(100000 60623.4 21102.6 602 702 3)
(100002 -112659 101628 165 265 3)
(100004 23181.2 -16212 215 315 3)
(100012 -121724 16057.6 365 465 1)
(100014 -90537.3 36208.2 529 629 3)
(100015 21207.7 45159.8 269 369 1)
(100016 70579.1 -108827 552 652 3)
(100027 -116724 4731.15 471 571 1)
(100030 100643 42132.6 205 305 3)
(100031 79985.5 61533.1 522 622 3)
(100032 28251.4 -85634.1 245 345 0)
(100036 -92613.4 -23458.2 71 171 1)
(100037 -84430.3 70154 194 294 0)
(100038 -68408.9 11904.1 508 608 0)
(100041 106604 -86506.2 142 242 1)
(100055 18209.2 -82682.1 473 573 0)
(100060 -5945.98 44158.3 432 532 1)
(100080 83462.6 -132783 60 160 1)
(100082 -46248.1 -103870 557 657 3)
(100085 21127 81315.2 1 93 1)
(100094 74553.5 86477.9 361 461 0)
(100098 -8970.87 -22248.8 71 171 1)
(100104 62556.7 133701 454 554 1)
(100109 -1935.32 -21251.4 608 708 3)
(100113 12113.2 -37327.4 115 215 1)
(100117 -116717 55222.5 520 620 1)
(100124 60410.3 37125.3 205 305 -1)
(100130 -124797 -131917 186 286 3)
(100139 -10021.4 -135826 35 135 3)
(100141 -124724 -146938 210 310 3)
(100152 -77560.6 -75595.3 430 530 1)
(100164 -106489 98474.7 138 238 1)
(100170 89505.6 -42408.4 238 338 3)
(100174 82649.9 52129.4 505 605 1)
(100182 -56262.9 -12154.4 16 116 1)
(100192 -92479 144846 587 687 3)
(100194 43282.4 53152 1 99 1)
(100203 -104547 25016.9 208 308 1)
(100212 -58362.8 -141096 451 551 1)
(100216 53405 -98919.5 593 693 0)
(100224 36273.2 -2134.44 200 300 0)
(100229 -101712 6758.2 587 687 1)
(100240 -20103.8 4103.01 546 646 0)
(100252 -95444.4 -93531.4 1 96 1)
(100263 31177.5 -145582 400 500 0)
(100269 -48343 70401.7 515 615 0)
(100273 -114678 92432.7 146 246 1)
(100275 -21067.2 36234.5 215 315 1)
(100280 3241.53 149952 228 328 1)
(100281 -51257.2 131683 300 400 1)
(100282 -36051.7 -60384.8 14 114 1)
(100285 -87330.7 -89755.5 144 244 1)
(100289 -72237.8 101574 91 191 3)
(100300 -98612.9 -37396.9 493 593 1)
(100304 69499.4 -26395.5 412 512 3)
(100307 -17064.8 -75574.4 189 289 1)
(100311 48335.7 126687 311 411 1)
(100317 -86628.8 40171.9 457 557 3)
(100319 -21251.8 68339.7 558 658 1)
(100324 87596 79314.9 99 199 0)
(100338 -123636 15890.1 225 325 1)
(100341 -124700 -16239.8 194 294 1)
(100364 81527.6 -55440.8 113 213 1)
(100366 -83499.1 -9002.45 555 655 1)
(100368 93428.8 40204.5 66 166 1)
(100369 -15055.5 -29346.7 413 513 1)
(100375 3106.64 -118819 229 329 1)
(100387 -55833.9 -5300.2 373 473 0)
(100414 121647 26956.4 30 130 0)
(100415 -46257.5 -1151.15 551 651 1)
(100417 -16044.3 -36283 164 264 1)
(100438 52366.6 -34307.9 64 164 3)
(100458 -92448.8 -54484.5 121 221 1)
(100471 64515.2 -71554.6 1 96 0)
(100475 -25102.7 97467.2 129 229 1)
(100490 15126.7 54289.3 277 377 1)
(100494 26301.1 148749 539 639 1)
(100509 124901 -87727.5 477 577 1)
(100525 100759 22152.9 379 479 1)
(100527 103889 -56657.6 481 581 1)
(100528 -17049.1 -9192.99 327 427 3)
(100534 -122072 149060 575 675 0)
(100536 40450.9 -81542.5 317 417 3)
(100537 58652 64394.6 586 686 0)
(100550 7125.94 -138118 595 695 1)
(100559 -31173 -18254.6 365 465 1)
(100560 18036.5 146790 273 373 0)
(100562 -16042.1 -85707 452 552 1)
(100564 -39142.6 35117.9 540 640 0)
(100582 -47227.4 -20274.4 471 571 1)
(100588 -119632 39172.7 29 129 3)
(100592 67491.6 -65549.6 317 417 0)
(100593 -101694 -78583.6 287 387 1)
(100595 111852 -9120.94 515 615 3)
(100597 23121.9 35006.2 584 684 1)
(100599 85660.8 -103580 56 156 1)
(100605 72612.6 -94983.3 467 567 3)
(100608 75566.8 -94804.4 473 573 3)
(100610 38540.1 54281 55 155 1)
(100611 -5974.63 121616 211 311 1)
(100612 -83358.7 5836.38 7 107 1)
(100614 55329.3 -103860 500 600 3)
(100617 1044.74 -91621.8 108 208 1)
(100619 7058.67 7959.8 547 647 0)
(100620 -113716 -91767.9 513 613 1)
(100622 -96546.3 11992 162 262 1)
(100624 -90460.8 76299.4 151 251 1)
(100627 42141.9 -145031 65 165 1)
(100631 121865 -89753.8 543 643 3)
(100638 -104611 -92739.6 440 540 1)
(100639 -34111.8 -89430.3 75 175 3)
(100646 55391.5 -54483.3 455 555 1)
(100663 -32169.4 -127963 364 464 3)
(100668 9102.82 126597 103 203 1)
(100671 -45247.4 107564 424 524 1)
(100674 -73499.1 -10198.9 578 678 1)
(100681 70259.2 -45374.5 402 502 3)
(100688 -21042.9 72280.1 269 369 3)
(100698 6040.25 -124764 36 136 1)
(100707 -115901 -107907 530 630 0)
(100708 4061.19 105471 161 261 1)
(100710 17164.7 -31293.8 166 266 1)
(100717 -63331 136699 287 387 1)
(100727 -86483.9 114568 302 402 0)
(100735 -17059.4 -14231.2 400 500 1)
(100738 -41104.9 -69887.5 501 601 3)
(100747 77805 29015.2 479 579 1)
(100748 60400.4 60210.9 156 256 1)
(100749 108818 -53425.3 528 628 1)
(100750 39306.4 115607 326 426 1)
(100751 19188.4 -114107 629 729 3)
(100754 -85515.1 -116950 546 646 1)
(100755 7083.56 -75649.1 344 444 1)
(100756 40388.9 -102826 353 453 1)
(100758 -124563 94429.9 40 140 1)
(100759 -56281.3 71329.5 384 484 1)
(100764 115914 69355 467 567 3)
(100782 34.7358 -83633.7 343 443 1)
(100795 109572 -27231.5 352 452 0)
(100803 61522.3 -81648.4 462 562 1)
(100804 118844 119616 439 539 3)
(100810 -94502.6 -144976 156 256 1)
(100811 -118763 -101851 515 615 1)
(100816 7106.35 -52441.3 236 336 3)
(100836 23277.2 -126908 183 283 3)
(100852 -55280.3 -78689.4 499 599 3)
(100854 -36151.5 -32290.6 1 100 0)
(100862 12168.5 -102969 603 703 1)
(100875 -83513.3 -143122 479 579 3)
(100879 -58283.3 -83684.3 629 729 3)
(100885 25207.4 16009.5 225 325 1)
(100894 -27100.4 -116755 55 155 3)
(100899 84596 -16197.4 224 324 1)
(100905 53415.8 -65548.5 416 516 0)
(100907 -82683.8 122665 588 688 0)
(100911 -24023 -23158.6 1 96 0)
(100914 97606.9 13943.7 128 228 1)
(100922 -105633 -10161.9 254 354 1)
(100926 64574.1 -3139.29 91 191 1)
(100927 -47146.7 111266 152 252 3)
(100932 -40287.3 -25356.1 571 671 3)
(100942 -37133 -6137.23 62 162 3)
(100956 3063.07 -132870 61 161 1)
(100969 -17001.1 -120753 21 121 0)
(100985 12150 35126.5 355 455 1)
(100990 -60117.8 -117001 301 401 0)
