(119005 77450 49395.7 232 332 0)
(119009 90740.7 25055.8 616 716 1)
(119012 56444 4897.53 517 617 1)
(119019 86597.8 -54438.4 148 248 3)
(119023 -66513.2 10985.2 501 601 3)
(119026 121692 -37295 31 131 3)
(119028 58368.3 90374.7 5 105 1)
(119032 36219.2 -114783 12 112 3)
(119065 97608 -107637 2 102 0)
(119066 22345.3 -98043.4 569 669 3)
(119068 54407.1 -33195.9 255 355 0)
(119070 -47120.4 27018.3 8 108 3)
(119076 51314.9 3894.96 1 99 1)
(119079 109588 54234.3 71 171 3)
(119101 -93314.7 -119949 191 291 1)
(119126 -55332.2 -45397.4 588 688 0)
(119130 -37246.3 -111928 426 526 0)
(119131 -5973.43 107415 103 203 3)
(119132 -98540.1 -52443.4 233 333 1)
(119133 11210.7 -28455.6 495 595 0)
(119144 -19913 -82826.4 447 547 1)
(119150 -98568.2 130675 205 305 1)
(119154 -52294.9 83422.7 493 593 3)
(119160 15112.9 126628 162 262 1)
(119164 -16033.2 -102669 297 397 0)
(119166 -106712 -5213.6 510 610 1)
(119168 104677 -57527.2 262 362 1)
(119177 -33288.8 99582.3 613 713 0)
(119181 39291.6 -61482.5 276 376 1)
(119184 59520.7 -139035 529 629 1)
(119189 -21077.2 99432.1 210 310 1)
(119192 21172.2 32727.3 384 484 1)
(119204 -65385.9 19987.2 501 601 1)
(119207 -883.488 -123926 262 362 1)
(119215 39051.7 -85676.7 162 262 0)
(119221 2051.32 -105808 415 515 1)
(119223 5060.51 -47384.7 246 346 3)
(119224 -15997.9 -98724.7 106 206 0)
(119225 18966.8 -51356.8 217 317 1)
(119229 -17093.4 -145172 543 643 0)
(119233 -70387.7 69336.9 241 341 1)
(119234 -35914.9 110566 98 198 1)
(119248 -102704 63215.3 256 356 1)
(119249 -65203.9 36055.2 119 219 1)
(119250 14165.2 57198.5 43 143 1)
(119251 14175.2 98434.8 120 220 0)
(119252 45247.2 -118878 287 387 1)
(119259 42349.9 -130722 22 122 1)
(119272 -65356.1 55185.9 172 272 1)
(119273 39372.3 -113896 489 589 1)
(119275 58482.4 57317.7 577 677 0)
(119282 110831 -10193.7 536 636 3)
(119287 -47164.3 -30494.4 506 606 0)
(119292 8110.69 106473 140 240 1)
(119295 82486.3 -99865.7 474 574 3)
(119299 19212.6 -136086 589 689 1)
(119303 62446.4 -85889.2 287 387 1)
(119305 -73512.5 -33516.7 613 713 3)
(119310 77588.7 -140313 620 720 0)
(119314 53394.5 -5285.22 207 307 3)
(119316 -83465.8 67297.9 281 381 1)
(119326 -42257.8 -19155.7 492 592 1)
(119335 -43229.2 105606 546 646 1)
(119338 84652.9 -72713.6 610 710 0)
(119339 -24020.1 -38351.4 618 718 0)
(119343 5182.22 -67859.2 544 644 3)
(119346 -63297.6 126603 6 106 1)
(119348 42294.5 -16217.5 127 227 3)
(119350 60500.7 -11232.1 609 709 1)
(119361 112752 -117856 354 454 1)
(119364 -41292.5 -10172.7 380 480 1)
(119366 2067.45 84357.7 118 218 1)
(119374 -67320.1 -147919 41 141 3)
(119378 -428.099 -66725 79 179 1)
(119383 53360.4 5935.97 125 225 1)
(119386 -10038.1 58204.5 504 604 1)
(119427 -17994.7 -130868 184 284 1)
(119428 -101618 -41412.7 448 548 3)
(119435 -1948 -113887 379 479 1)
(119445 -67349.7 -95662.3 173 273 1)
(119453 -47248.4 -81614.3 382 482 1)
(119461 10717 -144235 574 674 1)
(119468 -36129.1 -36427.1 477 577 1)
(119471 37401.7 -29160.1 568 668 3)
(119492 105689 -47384.2 307 407 1)
(119494 58467.6 99519.1 510 610 3)
(119497 -32121.5 -133844 47 147 1)
(119502 -21084.1 -33288.3 80 180 1)
(119508 -87509.2 -68572.6 299 399 1)
(119509 23083.5 78325.1 52 152 3)
(119512 69530.6 -55455.7 384 484 1)
(119515 -75391.6 105490 170 270 1)
(119522 40291.3 -10179.4 164 264 1)
(119531 65575.5 45229.6 457 557 1)
(119533 99728.1 -142188 511 611 3)
(119538 -56270 -106739 127 227 1)
(119542 -11935.4 -63356 13 113 0)
(119547 -105637 50204.6 540 640 3)
(119549 -71342.3 -44411.9 222 322 3)
(119554 30370.6 -36402.9 502 602 1)
(119556 -111690 -138106 514 614 1)
(119560 83618.9 -43420.3 418 518 3)
(119565 55367.9 25053.8 102 202 0)
(119571 -25060.3 -26222.7 283 383 3)
(119580 -52351.8 -13307.8 393 493 1)
(119583 -114783 131826 592 692 1)
(119585 -21092.4 86492.3 531 631 1)
(119587 60420.8 91463.6 285 385 3)
(119593 56556.8 78367.6 269 369 3)
(119594 109745 -80576 295 395 1)
(119596 971.807 -18321 525 625 0)
(119598 31180.8 -52422 39 139 1)
(119618 91726.8 -126111 625 725 0)
(119619 86189.1 46280.7 95 195 3)
(119630 -124680 -149003 194 294 0)
(119631 85714.7 -54525.1 554 654 1)
(119636 34374.2 149713 250 350 1)
(119637 -8032.27 -146181 446 546 1)
(119645 -99545.6 -18180.5 359 459 3)
(119655 39348.9 98612.2 608 708 0)
(119664 -49189.9 -5197.06 58 158 3)
(119672 119807 -123832 251 351 3)
(119673 21290.3 81390.6 268 368 0)
(119676 109817 -51510.1 522 622 1)
(119677 -69351.9 -90677.5 275 375 1)
(119681 -52853.6 -27462.1 174 274 0)
(119695 16114.7 141659 32 132 0)
(119701 -45234.8 -25187.7 293 393 1)
(119703 35335.8 -48455 384 484 0)
(119705 -36129.8 95522.4 548 648 1)
(119706 41318.3 44155.4 52 152 1)
(119707 110639 -111736 130 230 1)
(119710 -92520.8 -89755.9 312 412 1)
(119720 -45160.4 26013.5 44 144 1)
(119722 -44261.8 63293.7 363 463 1)
(119730 39352.1 -54500.7 442 542 1)
(119738 -111678 -93760.7 495 595 1)
(119739 -113730 -2132.32 466 566 0)
(119747 42379.7 -31392.7 610 710 1)
(119752 30238.9 -24272.1 397 497 0)
(119755 -11910.6 90531.6 311 411 1)
(119762 96725.7 10975.5 542 642 1)
(119768 -29078.2 -70474.7 193 293 3)
(119774 5149.27 83222.5 54 154 0)
(119777 49650.3 -56718.1 551 651 3)
(119782 63472.6 121665 372 472 1)
(119790 -21128.8 105433 231 331 3)
(119795 -104614 145828 340 440 3)
(119797 9102.27 85964.9 124 224 1)
(119799 -110724 -29136.1 513 613 1)
(119800 -74389.6 -30311.8 265 365 1)
(119803 -115674 34136.3 222 322 1)
(119808 105809 -108006 573 673 1)
(119812 -17062.4 -149959 5 105 0)
(119813 -24073.9 -31282.8 19 119 1)
(119815 69472.8 18987.7 216 316 1)
(119817 -20082.4 105434 199 299 1)
(119820 -42215.6 -115778 212 312 3)
(119826 12198.4 -112852 342 442 3)
(119829 10095.5 27098.9 169 269 1)
(119843 -5954.51 14880.5 235 335 3)
(119866 -24042.1 -106666 26 126 3)
(119868 44366.7 -27310.1 398 498 0)
(119871 -51161 138729 10 110 3)
(119875 -6994.27 -38420.9 303 403 1)
(119881 101671 -28368.1 378 478 1)
(119888 -97740 124649 438 538 1)
(119893 123901 3875.51 281 381 3)
(119903 4084.36 22021.7 162 262 0)
(119909 33324.2 -56576.8 627 727 1)
(119912 -77377.4 51169.8 1 95 1)
(119916 54404.1 -58488.5 299 399 1)
(119923 -25088.7 -75618.7 335 435 1)
(119926 56448.6 -59705 513 613 0)
(119928 -932.202 -60526.5 508 608 1)
(119943 14169 -13222.7 507 607 3)
(119955 -26098.6 45147.2 111 211 0)
(119973 32249 -14332.4 403 503 1)
(119974 106706 77473 348 448 3)
(119976 -5831.95 -108935 520 620 0)
(119977 -45228.1 -15228.3 300 400 1)
(119990 -124559 -113639 1 99 0)
(119997 94655.3 -21352.3 619 719 3)
