(81007 11140.2 114572 269 369 1)
(81011 -9014.74 140733 309 409 3)
(81014 21202.2 121884 620 720 0)
(81022 -115974 85461.8 608 708 1)
(81024 -74374.4 94417.3 97 197 1)
(81033 21316.8 84419.6 54 154 1)
(81036 50527.2 23985.6 447 547 1)
(81037 30222.8 -13289.7 320 420 0)
(81041 85718.2 -15235.5 375 475 1)
(81045 77694.5 -61685.1 617 717 1)
(81051 104909 32109.4 615 715 3)
(81056 9123.62 46188.2 483 583 1)
(81075 7066.74 -42360.4 17 117 1)
(81080 33300.5 -5123.32 382 482 1)
(81113 -101618 -78362.9 22 122 1)
(81115 -9994.8 -66539.2 341 441 1)
(81140 60489.8 108551 604 704 1)
(81149 -93695.6 76396.1 42 142 1)
(81155 60341.6 113534 183 283 1)
(81161 -27166.8 -7269.74 64 164 3)
(81171 24282 136832 455 555 3)
(81176 27241 -84723.5 517 617 3)
(81189 -38176.6 44151.9 213 313 3)
(81199 -58180 51095 18 118 1)
(81211 105792 18009.9 500 600 3)
(81216 -73200.2 -70269.2 519 619 1)
(81231 84490.5 13954.6 1 93 3)
(81237 -50251.2 -74587.3 10 110 1)
(81249 -48225.6 -13194.9 196 296 1)
(81274 -114604 -96642.5 103 203 3)
(81279 -45194.4 -47403.2 90 190 1)
(81288 16023.7 -87268.2 524 624 1)
(81293 31318.5 12049.3 328 428 3)
(81297 -14114.8 -125922 335 435 1)
(81298 -124608 69308.8 449 549 1)
(81304 1086.12 -59528.7 298 398 1)
(81315 42317.1 -133908 169 269 1)
(81328 51324.9 110507 37 137 1)
(81338 -27105 -57407 227 327 1)
(81345 -24094.8 119793 604 704 1)
(81348 -5968.4 102603 406 506 3)
(81349 113690 60213.4 209 309 0)
(81353 59451.6 133633 276 376 1)
(81361 -55171 -143006 253 353 0)
(81363 -46198 72232.7 71 171 1)
(81370 -64302 124524 88 188 1)
(81376 -27162.2 -52451.3 442 542 1)
(81378 123950 -1192.26 597 697 1)
(81380 -6805.05 27816.8 369 469 0)
(81394 -45972 -131729 189 289 1)
(81397 56309.4 69286.2 3 103 0)
(81402 -29003.1 64381.1 56 156 1)
(81404 34328.8 -72430.4 179 279 0)
(81407 6793.51 -41628.1 496 596 1)
(81415 110811 147851 491 591 1)
(81418 93591.2 -17146.5 606 706 3)
(81422 44308.5 -52469.6 202 302 1)
(81424 -95513.2 87390.6 366 466 1)
(81425 -6958.64 105502 113 213 1)
(81427 -109761 -46450.6 358 458 1)
(81428 40200.2 15906 293 393 1)
(81430 -59460.8 111601 565 665 0)
(81433 48425.3 -51585.3 582 682 0)
(81436 40260.4 -135939 95 195 3)
(81447 122708 7932 25 125 1)
(81449 62479.5 -107834 259 359 3)
(81457 71418.1 146801 1 96 1)
(81463 96680.3 -80595 308 408 1)
(81468 -60404.8 -149367 478 578 3)
(81472 4821.47 -103596 494 594 0)
(81473 17730.1 -100785 104 204 3)
(81476 9213.16 120480 314 414 1)
(81480 -15954.5 -99789.4 150 250 1)
(81484 -104639 33090.1 407 507 1)
(81488 -108653 -78672.2 385 485 1)
(81489 -20072.8 135894 281 381 3)
(81497 -15220.9 -93692.1 542 642 3)
(81500 25595.8 -49493.3 316 416 3)
(81501 90845.6 -4177.86 176 276 3)
(81510 109817 36091.9 175 275 1)
(81516 119589 125385 143 243 1)
(81520 -124810 1871.57 556 656 1)
(81522 -82451.4 35091.9 310 410 1)
(81523 91680.5 -51460.5 435 535 0)
(81537 -53282.8 -132956 285 385 1)
(81538 54283.3 -74328.4 31 131 1)
(81557 -15632.3 8273.46 220 320 1)
(81561 -41172.2 -32388.8 537 637 1)
(81564 67455.6 28103.4 41 141 1)
(81573 -45228.7 105489 182 282 1)
(81603 102896 -25219.5 431 531 0)
(81607 15605.7 146932 521 621 1)
(81614 -77386 -48487.3 3 103 1)
(81635 51406.8 -149209 568 668 0)
(81637 12228.6 -81658.7 469 569 1)
(81638 -52291 39134.5 130 230 1)
(81639 -18061.7 78532.6 95 195 3)
(81645 -97581.1 138716 78 178 1)
(81655 93625.4 46057.3 241 341 1)
(81670 -3963.06 -25301.7 320 420 0)
(81674 -14033 -23282.1 355 455 1)
(81677 -35211.5 140918 51 151 3)
(81692 53442.6 -148190 486 586 0)
(81693 -79458.4 -143052 376 476 1)
(81695 -85450.5 105678 347 447 1)
(81702 110856 4024.25 563 663 3)
(81705 25190.6 2900.51 30 130 1)
(81706 53429.7 -141036 390 490 1)
(81713 -93420.4 -55395.1 22 122 1)
(81717 120855 36907.7 90 190 3)
(81723 -51410.4 145826 355 455 1)
(81733 -16045.2 4859.14 562 662 1)
(81755 19173.3 73318.4 296 396 1)
(81756 73.3229 -118779 306 406 1)
(81759 -76331.4 109477 1 95 1)
(81772 -15043.7 120947 480 580 0)
(81791 86699 -109754 104 204 0)
(81794 37614.4 -127823 100 200 3)
(81799 3084.74 -37405 489 589 1)
(81820 -86015.3 30069.4 308 408 3)
(81824 116780 -10173.1 236 336 3)
(81826 41300.3 -90776.9 245 345 1)
(81829 85699.4 -119985 557 657 1)
(81835 120725 -67425.3 15 115 3)
(81854 -87505.4 -52386.2 337 437 1)
(81856 101755 21024.6 430 530 1)
(81859 42417.5 -16225.2 600 700 3)
(81862 25208.3 -117922 459 559 1)
(81869 28112.8 52406.1 113 213 1)
(81874 -32081.6 -124971 605 705 3)
(81878 -93406.6 92209.7 20 120 1)
(81881 58376.8 -60301.1 36 136 1)
(81887 23237.4 51172 400 500 1)
(81897 39234.4 31098.3 39 139 1)
(81905 58406.2 -72563 266 366 1)
(81908 95716.9 134577 72 172 1)
(81910 27285.5 -13237 523 623 0)
(81916 -25074.5 -88798.1 550 650 1)
(81917 24223.7 107581 478 578 1)
(81922 -62358.7 -49470.8 433 533 1)
(81930 47336.4 -66711.3 441 541 1)
(81931 -30163.8 -149214 600 700 1)
(81932 123792 -123969 263 363 1)
(81934 -18048.6 9927.86 418 518 0)
(81949 10158.3 18981.9 492 592 1)
(81954 -28156.5 -113750 181 281 0)
(81972 116797 -29349.8 392 492 3)
(81976 -59332.1 -131067 620 720 3)
(81987 -124631 35240 104 204 3)
(81996 22296.6 -65463.5 275 375 0)
(81998 57431.2 -43378.7 539 639 1)
