(74007 77629 -109976 495 595 1)
(74009 44327.3 97444.7 198 298 1)
(74023 -117643 -111841 329 429 3)
(74026 -75584.1 117763 600 700 3)
(74029 105686 63204.8 232 332 0)
(74033 114726 -50397.9 45 145 3)
(74048 77551 22984.5 239 339 1)
(74052 66448.9 -51562.8 476 576 3)
(74053 -119710 -17214.9 278 378 1)
(74054 -118521 -82551.6 149 249 3)
(74058 -98486.6 -96645.2 68 168 1)
(74062 123767 -38345.7 278 378 0)
(74073 43282.1 -148945 48 148 1)
(74074 -100607 140871 507 607 1)
(74082 -68354.7 14960 275 375 1)
(74088 -3725.85 -92754 131 231 1)
(74089 13117.8 -118006 295 395 1)
(74093 119460 37331.2 126 226 1)
(74099 93601.4 -53179.8 8 108 1)
(74102 108675 52249.2 274 374 1)
(74110 -68366.7 -74635.6 469 569 3)
(74112 -77154.5 -125790 17 117 1)
(74117 24268.9 -15222.6 615 715 0)
(74129 -60259.4 3903.66 44 144 1)
(74133 -49293.8 27069.7 372 472 3)
(74151 -2970.07 -116852 337 437 1)
(74161 27284.8 134972 583 683 3)
(74171 -26085.9 1840.34 346 446 1)
(74176 -62386.7 -30424.6 545 645 1)
(74182 5028.79 -121510 629 729 1)
(74190 -51254.3 -84656.3 325 425 1)
(74194 -34129.5 90469.3 388 488 1)
(74195 -93549.4 -74589.3 301 401 1)
(74213 -61439.5 28983.3 556 656 0)
(74214 -40257.7 -22391 343 443 1)
(74222 25194.3 -74556.5 203 303 3)
(74225 -61351.4 7904.57 236 336 0)
(74226 -6206.32 -70685.8 488 588 3)
(74229 -51374.2 135751 126 226 1)
(74234 69437.9 -14303.7 220 320 1)
(74236 59469.8 -137996 372 472 1)
(74237 38322.9 -11194.8 459 559 1)
(74240 -37101.6 -54547.6 207 307 1)
(74242 21179.7 91471.3 377 477 3)
(74244 15153.9 53196.5 1 93 0)
(74255 112819 -32332.7 467 567 0)
(74256 -58200.9 -31323.8 28 128 1)
(74263 -66280.7 -99776.8 176 276 1)
(74264 -73032.6 -11015.4 473 573 1)
(74265 -22121.9 -9194.14 575 675 0)
(74272 -21076.4 87482.5 391 491 0)
(74276 -104418 -93640.8 200 300 1)
(74283 107956 -134190 301 401 0)
(74284 16131.3 45146 163 263 1)
(74285 85664.9 -37477.4 530 630 3)
(74287 96570 -73546.5 84 184 1)
(74291 102685 7906.19 611 711 1)
(74294 -31202.9 -53441.1 423 523 0)
(74302 -47233.3 -29318 514 614 1)
(74303 33350 49223.3 620 720 1)
(74309 -17112.8 -72603 378 478 3)
(74315 23233.4 -137906 163 263 1)
(74326 -19073.8 92558.6 366 466 1)
(74329 25222.2 -122929 451 551 1)
(74334 96913.6 -23326.4 588 688 1)
(74335 74564.7 123678 438 538 0)
(74354 74554.4 -61527.3 334 434 3)
(74356 -24062.6 21040.4 307 407 0)
(74359 -92583.8 3959.9 16 116 1)
(74361 -70366.3 78352.8 260 360 1)
(74365 -58586.5 -132176 304 404 1)
(74366 60432.8 26054.8 166 266 1)
(74368 2074 1849.12 547 647 1)
(74370 70503 -17290.8 440 540 1)
(74371 77584.3 50206.5 392 492 3)
(74376 28186 -36304.3 100 200 1)
(74389 52425.2 -104835 469 569 0)
(74393 21224.3 -12200.1 277 377 3)
(74394 40369.3 -144904 497 597 3)
(74406 32549.5 44263.3 277 377 1)
(74409 -93561.3 -50439 468 568 1)
(74411 109767 -83562.9 317 417 3)
(74419 -121672 35094 350 450 3)
(74420 23064.8 -17813.7 425 525 3)
(74425 -24979 24467.5 402 502 1)
(74429 -52270.3 -76612.9 385 485 1)
(74438 -62327.8 -125819 145 245 1)
(74440 3106.45 -58575.7 375 475 1)
(74443 10083.2 -105799 114 214 1)
(74453 78534.6 -28924.8 579 679 1)
(74464 49344.8 -41344.3 76 176 1)
(74470 -86629.3 -61501.3 627 727 1)
(74471 -45236.7 -66560.3 393 493 3)
(74483 76469.3 60332.1 61 161 0)
(74487 29264.7 -123926 335 435 1)
(74488 97714.2 75465.7 83 183 1)
(74498 33256 -136912 96 196 1)
(74509 124762 6917.64 82 182 1)
(74511 -76336 -72470.1 80 180 1)
(74514 12206.8 -93670.9 144 244 1)
(74516 -115812 -146060 578 678 1)
(74518 -7978.6 -75688.6 604 704 3)
(74535 111898 79439.3 509 609 1)
(74536 80314.6 55247.1 539 639 1)
(74540 -87525.2 -43337.2 183 283 1)
(74545 56497.4 -88741.8 569 669 1)
(74554 -61435.6 -65547 108 208 3)
(74559 54329.2 -143085 431 531 3)
(74567 -112611 11933.1 95 195 3)
(74573 -32120 130691 280 380 1)
(74576 63541 -95783.7 542 642 0)
(74579 55470.6 50206.4 421 521 1)
(74598 18180.6 25930.6 498 598 1)
(74601 -88414.9 -105739 481 581 3)
(74607 -24083.3 -118732 96 196 1)
(74614 66601.6 88533 517 617 3)
(74616 -58431.6 -138172 548 648 3)
(74622 121731 -62412.1 375 475 3)
(74640 86788.7 12522.7 544 644 3)
(74641 -109494 45144.3 1 94 1)
(74650 93736.4 -60578.6 612 712 1)
(74653 -21286.5 18033.1 233 333 1)
(74655 32153.4 74465 279 379 3)
(74665 -69357.9 96499.3 229 329 3)
(74667 -20068 14960.1 316 416 1)
(74676 63541.8 -46465.9 607 707 1)
(74685 65542.5 -120906 327 427 1)
(74690 -8075.4 19979.6 313 413 3)
(74691 12105.8 -100.766 569 669 0)
(74696 -11013.3 139694 213 313 1)
(74698 73585.8 17982.8 583 683 1)
(74702 56340.1 -129004 454 554 1)
(74710 -15934.2 -58608.6 571 671 3)
(74714 98756.4 -69650.9 569 669 1)
(74720 -15063.1 -39290.7 335 435 1)
(74723 79991.6 101709 328 428 3)
(74729 -93472 22026.9 20 120 3)
(74730 -52316.8 42129.4 578 678 1)
(74750 39326.7 35096.7 156 256 1)
(74754 119908 118601 333 433 3)
(74758 -50311.8 -62592.5 479 579 0)
(74760 88664.2 2881.51 329 429 0)
(74762 -15203.3 -38336.2 96 196 3)
(74764 -114655 -13223.9 291 391 1)
(74775 -117588 -138893 93 193 3)
(74796 -58399.6 65237.9 576 676 1)
(74797 -79219.1 -59315.7 60 160 1)
(74798 -36214.1 -63520 487 587 1)
(74804 -20060.2 13998.2 374 474 1)
(74807 -110665 43089.1 502 602 1)
(74819 49358.2 -85664.7 207 307 1)
(74829 -4995.32 19015.6 385 485 3)
(74833 -30161.5 10919.7 511 611 1)
(74834 -77600.8 32055.7 506 606 3)
(74837 120686 147663 1 101 1)
(74845 -10998.8 7913.13 590 690 1)
(74846 -13073.8 -52492.2 613 713 0)
(74849 -81470.1 -31303.6 312 412 1)
(74850 6115.3 70373.4 578 678 1)
(74862 75770.4 29130.9 576 676 1)
(74868 96654.5 -95742.9 440 540 1)
(74870 78598.4 -23324.7 441 541 1)
(74875 -95500.5 -91646.1 69 169 1)
(74878 111732 -81610.5 259 359 3)
(74881 -21064.6 119719 322 422 1)
(74891 95830.9 44220.1 433 533 0)
(74902 -38205.2 79434.3 403 503 0)
(74904 -113596 114540 94 194 1)
(74910 2073.27 -52409.4 93 193 3)
(74914 -88508.2 60240.3 385 485 0)
(74915 -29136.3 -140080 492 592 0)
(74920 -116618 -37348.4 82 182 1)
(74930 73627.9 -31328.4 107 207 0)
(74933 -44240.4 5892.94 546 646 1)
(74941 38299.1 -63696.9 266 366 1)
(74947 57352.7 -5121.5 431 531 1)
(74950 55396.5 -113774 168 268 0)
(74954 -95521.5 -27303.9 185 285 3)
(74959 -91525.2 36097.5 405 505 0)
(74964 9142.93 20987.1 213 313 3)
(74970 -111572 130802 380 480 3)
(74987 -79345.9 -122656 12 112 1)
