(37005 -32926.3 120384 236 336 3)
(37017 -13034.2 92562.7 574 674 1)
(37026 82593.5 21063.2 473 573 1)
(37027 -98549.2 -60550.5 510 610 1)
(37028 13012.6 14023.1 419 519 1)
(37036 49357.4 -132951 539 639 1)
(37038 -69357.3 -15375.1 397 497 1)
(37041 60458.4 43128.6 281 381 1)
(37046 40407.4 -58546.1 481 581 1)
(37060 -91493.6 -22378.4 320 420 0)
(37076 123940 131793 374 474 1)
(37082 -86516.2 -61411.9 213 313 3)
(37087 73526.5 132877 94 194 0)
(37090 48327.7 37996.3 157 257 0)
(37095 -91568.8 -127866 199 299 1)
(37104 62333.4 6055.5 123 223 1)
(37106 63413 -122838 165 265 3)
(37115 58369.2 81489.7 623 723 1)
(37121 19203.7 -81675.7 500 600 3)
(37142 -54276.3 110539 191 291 1)
(37149 113822 -101742 268 368 1)
(37159 -108551 -61454.3 98 198 1)
(37162 28250.4 87444.8 534 634 1)
(37184 57415.2 -54410.3 378 478 1)
(37187 61285.5 -135055 424 524 1)
(37190 22201.7 -15010.1 83 183 1)
(37192 113744 -144006 286 386 1)
(37194 10360 -59429.8 256 356 1)
(37202 42456.9 -128066 527 627 1)
(37203 66487.6 3895.08 57 157 3)
(37226 -12042.6 79319.8 80 180 3)
(37235 36283.9 120558 29 129 1)
(37244 5081.82 -10169.4 200 300 3)
(37245 -2968.72 -69600.6 550 650 3)
(37247 90588.7 -66531.3 447 547 1)
(37249 -1932.12 -122921 341 441 1)
(37252 39100.8 38172.2 278 378 1)
(37258 -72303 -92778.4 23 123 1)
(37260 -16029.3 3943.38 118 218 1)
(37265 32315.2 95536 491 591 1)
(37268 97650.6 -111810 259 359 1)
(37269 78524.8 -112845 282 382 1)
(37270 124756 147711 128 228 1)
(37277 88518 -36331.9 51 151 1)
(37283 117939 48170.9 323 423 3)
(37287 18052 -269.987 177 277 3)
(37291 49852.6 -114154 527 627 1)
(37294 -9024.74 94398.9 473 573 1)
(37296 57465.4 147790 24 124 3)
(37297 3141.16 -73673.6 520 620 0)
(37298 -31065.2 -6206.73 543 643 3)
(37307 92669.8 -144139 426 526 1)
(37311 28277.1 -56549.7 605 705 1)
(37314 -97560.2 -96782.5 343 443 1)
(37316 82546.1 -19413.5 181 281 0)
(37317 -21157.7 -54482.4 296 396 0)
(37322 -98632.3 37117.8 545 645 1)
(37323 -120970 105581 317 417 1)
(37324 96516.9 -6507.73 499 599 3)
(37325 -53295.3 112639 421 521 3)
(37327 -63285.9 32060.2 65 165 1)
(37339 -109629 62212.8 271 371 1)
(37341 111712 57221.9 171 271 3)
(37346 -113965 37004.5 214 314 3)
(37350 33315.1 136749 491 591 1)
(37353 64443.1 -54471.9 225 325 1)
(37358 -65397.9 -43390.9 181 281 0)
(37361 -45262.5 -16206.8 576 676 1)
(37376 57386.2 -37315.4 80 180 1)
(37378 -121605 18008.4 78 178 1)
(37379 -117738 96501.6 357 457 3)
(37382 -57328.7 -126111 618 718 3)
(37387 -7967.57 107514 278 378 1)
(37394 -114571 -71569.2 42 142 1)
(37396 18239.5 -77535 49 149 3)
(37398 -51213.1 67314.6 595 695 1)
(37404 -30197.3 -139125 322 422 0)
(37406 112461 26088.3 1 95 3)
(37411 -24084.7 -112844 300 400 1)
(37419 94818.1 -18236.2 620 720 1)
(37420 19342 76530.1 627 727 0)
(37432 -95609 82398.5 585 685 3)
(37434 -86685.9 -62618.4 629 729 3)
(37447 -40192.9 -124927 376 476 1)
(37450 106690 -119816 137 237 1)
(37452 -59465.2 -43351.8 616 716 1)
(37463 -26125.3 86441.7 341 441 1)
(37475 62444.8 -5210.4 161 261 3)
(37476 -15026.9 -77643 400 500 3)
(37480 -14017.2 -146973 185 285 1)
(37487 52429.1 114674 533 633 1)
(37488 43320.5 -31421.4 556 656 0)
(37489 -101597 -53490 484 584 1)
(37490 -20064.6 -83662.2 437 537 3)
(37494 41305.5 20051.8 140 240 1)
(37497 121909 22038.9 400 500 1)
(37504 -3932.53 -35404.1 466 566 1)
(37508 29248.9 -25286.8 308 408 1)
(37513 103764 -70481.3 354 454 1)
(37517 71528.5 -30325.4 388 488 1)
(37520 -80404.6 -79569.9 138 238 1)
(37526 6056.61 -88654.9 119 219 1)
(37530 -83559.5 -120051 588 688 1)
(37545 -110621 61248.7 362 462 3)
(37547 86700.2 95807.2 510 610 0)
(37557 113755 88470.9 464 564 1)
(37566 -122608 -23312.8 252 352 1)
(37572 -117829 80286 403 503 1)
(37580 -35163.5 -21220.6 343 443 1)
(37583 49357 124622 247 347 1)
(37589 -17963.6 -149948 163 263 0)
(37599 -74387.1 -136950 224 324 1)
(37606 81608.8 -38384.9 450 550 1)
(37620 47723.7 -25091.2 8 108 1)
(37624 46347.3 -30312.5 302 402 1)
(37626 2098.2 -75566.7 155 255 1)
(37633 4093.64 -31230.9 254 354 3)
(37637 -50398.9 45253.4 591 691 0)
(37641 -60430.1 101575 293 393 1)
(37648 -60268.6 -98753.8 223 323 3)
(37649 -49202.5 75303.3 620 720 1)
(37652 -41229.6 -14265.4 493 593 1)
(37654 -83444.7 123627 285 385 1)
(37660 121819 -68547.9 284 384 0)
(37664 -93606.7 139856 528 628 1)
(37677 22194.4 121594 329 429 3)
(37686 -109668 71362.4 111 211 3)
(37689 1065.45 -83687 298 398 3)
(37690 60512.6 -21277.8 398 498 1)
(37692 47326.7 -105734 173 273 1)
(37701 97716.7 -128117 447 547 1)
(37706 27.3068 -114834 275 375 1)
(37731 60407.9 -71321.1 263 363 1)
(37732 61369 133658 165 265 1)
(37733 -37168.7 -107752 268 368 3)
(37736 -5969.57 -146084 424 524 1)
(37737 -58447.1 -43325.9 513 613 1)
(37739 -119694 -9200.91 401 501 1)
(37741 -116739 9889.81 609 709 3)
(37754 33267.3 -139931 110 210 1)
(37755 29211.5 -109687 1 101 3)
(37756 92565 -92656.5 58 158 1)
(37765 98646.3 -83575.2 28 128 3)
(37771 -98561 -82539.7 247 347 1)
(37775 -31144.5 59243.2 395 495 3)
(37776 101537 -104695 28 128 3)
(37778 -117656 -9293.07 167 267 1)
(37789 14161.4 41134.7 355 455 1)
(37793 62501.4 -146184 582 682 3)
(37798 -113733 -75672.9 544 644 1)
(37801 53529 53226.3 403 503 0)
(37815 -69336.8 53309.2 238 338 3)
(37825 2052.46 -138205 395 495 0)
(37829 109786 -103776 337 437 1)
(37831 -9908.37 41096.4 190 290 0)
(37838 -68467.9 102689 605 705 1)
(37839 118746 -11145.1 124 224 1)
(37851 72510.7 117769 194 294 3)
(37855 -109661 -122952 452 552 1)
(37857 -43240.8 29077.2 548 648 1)
(37859 24247.6 -129974 338 438 3)
(37860 43159.9 44105.5 409 509 1)
(37866 56417.9 125635 339 439 3)
(37872 9162.61 -63500.4 577 677 3)
(37875 31269.1 -38347.7 241 341 0)
(37877 16140.7 133817 278 378 0)
(37883 -88219.7 -108438 270 370 0)
(37889 118705 -15178.6 1 93 1)
(37899 9141.85 -44466.1 567 667 1)
(37902 -12175 -27304 250 350 1)
(37908 -21112 136856 365 465 1)
(37917 22956 21127 560 660 0)
(37920 13166.6 -39358.8 31 131 1)
(37929 43285.8 -37342.3 209 309 1)
(37932 70415.8 101438 23 123 3)
(37936 46320.3 38170.9 207 307 0)
(37942 9090.64 -130839 339 439 1)
(37957 -34147.7 -9175.27 132 232 1)
(37963 58440.8 -137940 126 226 1)
(37964 20195.8 -121042 508 608 1)
(37965 -63422.1 47231.5 585 685 0)
(37976 64581.8 -45415.1 603 703 1)
(37980 -96510 59254 229 329 1)
(37986 25211.6 -74618.6 413 513 1)
(37987 60436 108481 1 96 3)
(37989 8197.26 109568 218 318 0)
(37994 16157.6 -107803 294 394 1)
(37995 44349.8 -76502.4 70 170 1)
