(36002 -98532 15980.1 482 582 1)
(36004 -100471 -62409.8 8 108 3)
(36006 -62391.9 68396.5 498 598 1)
(36009 -104664 -75503.7 426 526 1)
(36012 60672.1 -142068 600 700 1)
(36020 -9057.33 126746 570 670 1)
(36025 -104639 69333.7 436 536 1)
(36028 23177.8 -144891 46 146 3)
(36030 -15045.8 -4138.83 110 210 1)
(36034 81576.6 5939.96 166 266 3)
(36041 -106647 27093.8 535 635 1)
(36047 -100526 87323.4 328 428 3)
(36052 -58265.8 -83665.1 180 280 1)
(36054 10216.7 24949.7 129 229 1)
(36060 -59313.7 -77580.5 399 499 0)
(36061 -35144.4 -107762 303 403 3)
(36063 27109.9 80385.1 66 166 1)
(36075 -109753 -115917 551 651 3)
(36082 -22007 25191.1 278 378 1)
(36083 -63382.6 11931.9 583 683 1)
(36086 -22056.9 102430 105 205 1)
(36096 -24976.9 87400 1 93 1)
(36097 87665.9 -103853 617 717 1)
(36117 -43199.7 76318 119 219 1)
(36129 42291.3 74289.1 27 127 0)
(36143 -40217.9 36148.9 240 340 1)
(36173 9110.83 11932.8 217 317 1)
(36178 15189.4 -101851 588 688 1)
(36179 -79453.2 -92701.3 192 292 3)
(36183 -17083.9 -139584 155 255 1)
(36186 -23079.4 2017.28 95 195 3)
(36190 -11023.5 97513 572 672 0)
(36194 56399.5 -76640.7 2 102 1)
(36199 9151.57 111609 515 615 1)
(36202 -55349 24044.9 102 202 1)
(36208 -2959.76 -92652.7 122 222 1)
(36209 79657.4 98599.9 553 653 1)
(36215 76587 56238.6 501 601 1)
(36220 -60279.7 -3174.99 422 522 1)
(36227 -86412.7 108484 68 168 1)
(36239 33307 -111979 601 701 1)
(36245 14559 -48385.1 151 251 1)
(36248 -47407.8 74299.3 117 217 0)
(36265 -16066.3 -14276.5 497 597 1)
(36269 -118671 -43573.7 334 434 1)
(36270 -88454.8 4934.5 198 298 1)
(36276 20037 41182.4 51 151 1)
(36277 93286.4 56044 84 184 1)
(36288 70494.9 79307.9 492 592 3)
(36303 9200.2 -39409.4 20 120 0)
(36304 108646 -59290.5 347 447 1)
(36306 -14045.6 -7196.72 238 338 0)
(36308 115737 -39316 136 236 1)
(36318 -19972.9 -23411.2 535 635 0)
(36320 71557.5 2880 257 357 3)
(36329 44347.8 5922.43 315 415 1)
(36333 -19081 -84696.8 396 496 0)
(36336 5113.89 111648 36 136 1)
(36337 -49289.2 -82710.4 564 664 1)
(36346 27325.1 -14353.2 462 562 1)
(36347 6157.69 43239.7 617 717 1)
(36351 -8847.54 112789 446 546 1)
(36352 2087.62 59245 205 305 1)
(36365 -36271.8 -20273 1 101 3)
(36369 59494.4 -87953.3 70 170 3)
(36383 -26149.5 -119902 310 410 1)
(36401 -22097.7 59252.5 10 110 3)
(36408 100962 61240.7 199 299 1)
(36414 119915 132767 595 695 1)
(36423 -63275.6 96443.4 273 373 1)
(36426 -17029.7 -69574.3 188 288 1)
(36428 63535 99420.5 318 418 1)
(36430 29331.6 -65520.5 65 165 3)
(36433 -8030.19 -31344.5 462 562 3)
(36440 122813 -5158.01 40 140 1)
(36442 -88465.3 61260.4 476 576 3)
(36450 60573.3 -121776 115 215 3)
(36461 121753 -37392.8 394 494 0)
(36463 58185.4 25984.6 22 122 1)
(36464 -100733 20990.2 469 569 0)
(36466 94744.5 -145133 558 658 1)
(36476 83682.7 1861.56 508 608 1)
(36487 -45295.2 -65577.8 441 541 1)
(36500 111945 37213.8 154 254 3)
(36524 35557.4 -101104 446 546 0)
(36554 62311.7 32114.1 218 318 1)
(36565 -32116 -65624.2 613 713 3)
(36566 -81388.7 3791.4 88 188 3)
(36588 59493.7 16096.6 489 589 1)
(36589 16221.5 45181.7 457 557 1)
(36604 101531 27033.1 184 284 1)
(36605 -60408.5 -117826 78 178 3)
(36607 1644.41 -48645.1 610 710 0)
(36625 -48103.7 -139441 614 714 1)
(36631 15278.1 20085.1 560 660 0)
(36635 61342.1 83431.8 125 225 1)
(36638 68561.2 -168.439 621 721 3)
(36649 -58318.2 38136 186 286 0)
(36658 55332.5 57256.6 358 458 3)
(36659 26146.7 102486 36 136 1)
(36665 -54185.4 -82536.4 44 144 1)
(36669 78602.9 39123 450 550 1)
(36674 -11986.2 24968.8 395 495 1)
(36689 53373.9 -18259.4 91 191 3)
(36700 -56310.6 106600 102 202 1)
(36706 -57291.8 -75611.2 357 457 1)
(36710 -6022.55 -54257.6 33 133 3)
(36726 94751.3 -119980 619 719 0)
(36737 -96628.4 54273.6 527 627 1)
(36739 -87376.7 -86649.9 157 257 1)
(36742 -81511.5 36159.1 418 518 1)
(36746 -100451 72220.1 13 113 1)
(36751 65.3506 39058.6 29 129 1)
(36757 -44526.5 149014 522 622 1)
(36758 7107.1 106516 77 177 1)
(36759 -6827.05 -59354.7 236 336 1)
(36777 -12842.4 58171.7 213 313 1)
(36797 1878.25 -129046 413 513 1)
(36801 -23084.1 42134 4 104 1)
(36807 -13146.7 -38245.4 545 645 1)
(36810 10081.9 -25347.3 601 701 1)
(36817 86721.9 -100923 156 256 3)
(36831 -62352.1 52185.8 305 405 1)
(36837 -44180.9 -143027 434 534 1)
(36847 -96544 109511 304 404 1)
(36861 97179.7 -23247.9 48 148 1)
(36876 -28214.2 -85943.7 616 716 3)
(36889 -121579 -26254.5 100 200 1)
(36893 117573 -54337.9 87 187 1)
(36899 39419.9 -29137.2 12 112 3)
(36909 -54234.2 10896.4 90 190 1)
(36911 -2988.42 -23430 127 227 0)
(36914 -123769 -58626.3 608 708 1)
(36916 -31105.6 -29236.7 77 177 1)
(36919 70561.1 37122 546 646 3)
(36927 -74540.9 -67729 512 612 3)
(36931 -115433 -68558.9 497 597 1)
(36933 30259.8 -106890 311 411 1)
(36939 53424.1 96517.6 523 623 1)
(36941 -40265.1 -90506.5 217 317 1)
(36943 -108669 -1196.47 474 574 1)
(36945 -5889.29 -43368.9 143 243 1)
(36947 -115708 -57759.2 629 729 3)
(36949 89702.8 34231.9 554 654 0)
(36950 -119587 -52396 1 93 1)
(36956 62494.5 -65505.5 346 446 1)
(36962 105649 139657 103 203 3)
(36985 -1934.2 -8316.58 34 134 3)
(36987 -88475.3 76350.1 435 535 1)
(36992 118768 62318.2 316 416 0)
(36998 25214.2 -86614.4 164 264 3)
