(114011 44425.1 97599.4 618 718 3)
(114028 -18994.1 52138.2 235 335 1)
(114032 94698.8 -79828.5 403 503 0)
(114040 -45178.7 -97748.5 338 438 1)
(114046 39390.6 140850 481 581 3)
(114047 -28137.7 45153.5 458 558 1)
(114055 -37189.3 103508 332 432 1)
(114056 -66043.3 2801.23 220 320 3)
(114063 -32969.8 -117685 1 100 1)
(114065 103693 49252.6 177 277 1)
(114066 91637.4 -20253.2 332 432 3)
(114070 -26095.4 116534 107 207 1)
(114072 13101.7 -93730.6 316 416 1)
(114076 68399.7 -63576.3 148 248 0)
(114077 66325 -101887 348 448 1)
(114085 -86488.7 -58485.4 234 334 1)
(114086 59363.9 45025 27 127 3)
(114090 42355.4 44087.8 94 194 3)
(114091 -39995.2 -122041 418 518 1)
(114093 68545.5 50211.3 627 727 1)
(114100 41376 93409 560 660 0)
(114102 -112470 -61445.1 1 100 1)
(114104 41312 23088.2 161 261 1)
(114111 -1917.17 74252.6 260 360 1)
(114116 -7935.71 -4131.76 381 481 0)
(114127 -83528.1 -143135 508 608 1)
(114131 -41162.6 100424 9 109 1)
(114132 38181.4 79523.1 101 201 0)
(114141 -57377 -67604.1 384 484 3)
(114143 58373 44249.6 298 398 1)
(114152 -111587 62219.9 391 491 1)
(114153 -41210.8 -99819.6 522 622 1)
(114156 -112420 -37553.2 30 130 1)
(114159 -12058.6 -63678.1 341 441 3)
(114162 -53365.3 -30190.5 443 543 3)
(114175 -39149.4 -49355.6 7 107 0)
(114179 -20081.4 -19240.6 434 534 0)
(114183 -20161.4 874.27 484 584 1)
(114186 111872 126722 449 549 1)
(114193 -68663.2 -75628.6 109 209 3)
(114211 -47251.3 -66534.8 225 325 0)
(114216 53333.8 -20224 141 241 0)
(114219 -8034.14 -51461.7 268 368 1)
(114221 -28066.6 -107668 109 209 3)
(114228 -5888.16 -98497.1 580 680 1)
(114230 -27109.7 -38311.5 240 340 1)
(114235 -4927.73 47192.8 244 344 1)
(114237 -120668 -131060 524 624 1)
(114238 86596.5 45283.5 27 127 1)
(114242 -117739 -1083.67 455 555 1)
(114254 -27238.7 -62571.4 497 597 0)
(114255 59313.2 -133792 27 127 3)
(114273 -9106.75 -57359 257 357 0)
(114277 -27069.1 -40349.3 254 354 1)
(114285 -7979.45 -117827 214 314 1)
(114288 -97451.8 16892 118 218 1)
(114294 103748 23105.9 330 430 1)
(114300 -22092.3 -89753.6 610 710 1)
(114301 3147.17 147887 424 524 1)
(114306 48394.8 -70615.7 225 325 1)
(114318 -98544.1 17978.7 282 382 0)
(114320 -68385 -101842 433 533 1)
(114322 73546.9 -112847 363 463 1)
(114323 -111818 -48498.1 577 677 0)
(114327 -107627 -79625.9 388 488 1)
(114330 36305.6 -45410.5 373 473 0)
(114333 85516.6 -39503.8 79 179 1)
(114334 65445.6 -32126.6 37 137 0)
(114335 -75410.1 13940.4 237 337 1)
(114346 26264 49193.6 503 603 1)
(114351 -97543.6 80349 261 361 1)
(114360 94745.4 -66538.3 504 604 3)
(114362 -5973.66 54203.4 229 329 1)
(114367 -104479 -45356.4 74 174 1)
(114370 58476.1 -44412.1 493 593 3)
(114375 110839 -136021 286 386 3)
(114379 87645 95505.8 382 482 1)
(114381 -57403.2 -76476.5 373 473 0)
(114383 103816 52175.2 523 623 0)
(114388 148.178 -149119 365 465 -1)
(114397 30269.7 101638 603 703 1)
(114398 31370.8 13020.9 416 516 1)
(114404 -25064.5 132685 332 432 1)
(114405 -16009.1 137917 206 306 1)
(114408 -22076.5 -22272.8 269 369 3)
(114417 94801.1 16948.3 566 666 1)
(114426 100854 -52431.8 614 714 1)
(114429 20196.6 55219.7 455 555 1)
(114431 -7177.63 132833 621 721 0)
(114437 23195.4 -30292.9 179 279 1)
(114439 93678.8 -57464.6 260 360 0)
(114444 -58270.8 69277.9 143 243 1)
(114448 -96580.5 -34373.2 477 577 0)
(114453 61418.2 104509 276 376 3)
(114454 -31239.9 -107950 607 707 1)
(114460 -114586 56202.1 98 198 1)
(114471 -72394.7 96443 495 595 3)
(114472 94756.6 86450 445 545 1)
(114473 -27301.7 8971.27 69 169 1)
(114478 -25135.3 -58447.9 486 586 1)
(114480 -86604.2 68279.9 623 723 1)
(114487 84638 -16249.1 484 584 1)
(114498 -94496.4 -11185.4 184 284 1)
(114501 31401 43115.8 221 321 0)
(114504 3036.9 -142171 610 710 0)
(114508 -95525.9 -11183.1 171 271 1)
(114513 -37152.2 11969.1 265 365 1)
(114531 -104690 -88766.1 522 622 1)
(114538 -123438 126706 101 201 3)
(114546 -50263.3 -80580.9 254 354 1)
(114549 16215.7 -8233.71 620 720 1)
(114550 37393.3 89523.6 624 724 3)
(114551 -34140.7 133654 183 283 1)
(114558 -95571.7 122530 402 502 1)
(114568 -46189.2 37092.1 152 252 1)
(114583 -20056.6 -121975 623 723 1)
(114601 -86539.6 -81739 586 686 3)
(114611 -79298.4 -113815 39 139 3)
(114613 -116618 -22250.1 266 366 1)
(114615 99585.5 84343 108 208 1)
(114625 -116736 125793 556 656 1)
(114644 -72252.1 113534 448 548 1)
(114658 -1927.56 -27339.8 357 457 1)
(114659 32324.4 128749 229 329 1)
(114667 12208.1 -112857 391 491 1)
(114682 -89598.7 -13205.3 453 553 0)
(114685 50401.3 -120977 410 510 3)
(114691 113931 97550.4 578 678 3)
(114693 -67247.1 26082.4 146 246 0)
(114696 -12012.2 -122885 269 369 1)
(114700 96726.2 -114931 543 643 1)
(114705 -28153.3 -20250.8 54 154 1)
(114707 38382.6 -161.073 554 654 1)
(114709 -17998.3 139876 185 285 1)
(114711 101715 72294.8 113 213 1)
(114715 -96605.9 -34385.3 428 528 1)
(114722 4101.15 -112937 571 671 1)
(114732 -115679 -135019 463 563 0)
(114751 114717 62262.1 147 247 0)
(114753 -48358.4 123857 34 134 0)
(114758 116705 148766 170 270 1)
(114763 -74414.8 -96689 182 282 1)
(114773 28192 -8259.22 288 388 3)
(114798 47321 23033.5 21 121 1)
(114801 98600.2 -42380.9 114 214 0)
(114807 -117714 133817 571 671 1)
(114811 -110659 -73620.3 416 516 1)
(114812 10098.1 22009.8 568 668 1)
(114828 -61309 -61503.1 443 543 1)
(114833 12287.2 -130019 322 422 3)
(114835 -108579 -127836 173 273 1)
(114837 -110651 -26378.6 378 478 1)
(114844 93669 -122913 527 627 3)
(114848 -48224.4 -7165.15 192 292 0)
(114857 -43223.3 -52435.9 284 384 1)
(114862 -25086.5 -94888.1 541 641 1)
(114863 13056.1 -93747.4 414 514 1)
(114869 -45284.6 67345.3 434 534 3)
(114870 27184.3 -16160.5 10 110 0)
(114875 -48202.7 4888.37 586 686 1)
(114883 65471.1 -70555.9 298 398 0)
(114893 -18995.3 101510 156 256 1)
(114894 -23202.2 -24352.1 361 461 1)
(114895 -5997.43 144649 28 128 1)
(114898 -16057.7 -47342.2 84 184 1)
(114901 34313.6 128513 44 144 1)
(114909 109694 -30314 238 338 1)
(114914 74580.3 -141117 616 716 1)
(114916 112486 -93035.7 471 571 3)
(114922 -13130.6 -46459.6 618 718 3)
(114928 -35146.3 -104637 63 163 3)
(114938 95680 -146960 357 457 1)
(114941 54436.6 -109865 452 552 3)
(114945 -85404.9 118525 77 177 1)
(114960 -74401.3 -1231.32 416 516 3)
(114965 -23056.8 -48304.8 254 354 1)
(114968 -19160.1 -94904.4 68 168 1)
(114978 121690 10078.3 317 417 3)
(114981 48237.3 36042 478 578 1)
(114983 81680.1 -2247.3 476 576 3)
(114987 44314.5 74321.1 192 292 3)
