(99001 37333.9 5966.12 580 680 0)
(99006 -20154.9 -42305.8 516 616 0)
(99007 -81447.5 -44566.8 627 727 1)
(99008 -113595 -138916 45 145 3)
(99009 -36197.3 -94484.5 164 264 1)
(99010 -15726.1 33150.6 285 385 1)
(99020 -52246.2 -87725.5 434 534 1)
(99021 -120710 -52435.6 201 301 3)
(99023 46267.1 44248.5 77 177 3)
(99025 110751 -129939 275 375 1)
(99036 23230.1 143875 533 633 3)
(99042 73439.4 -26524.5 587 687 1)
(99053 -1971.46 -43311.1 374 474 3)
(99066 -80370.8 73198.5 483 583 3)
(99069 94943.7 -28351.9 215 315 1)
(99072 -14174.9 -101098 488 588 1)
(99076 67575 -146179 562 662 3)
(99079 25203.8 -49400.2 136 236 3)
(99082 118738 77403.9 307 407 1)
(99083 80324.1 -126560 124 224 0)
(99084 -20079.6 -100825 487 587 3)
(99087 43364.7 -121985 530 630 0)
(99100 -115626 -140989 126 226 1)
(99101 20181.5 -37392.5 580 680 1)
(99102 37257 53061.5 558 658 3)
(99106 62442.3 36084.4 128 228 1)
(99110 -86557.7 140827 495 595 3)
(99111 -30195.3 -68489.3 324 424 0)
(99114 -112760 113085 271 371 1)
(99117 24220.5 -95705.1 42 142 3)
(99121 -73396.8 -11179.4 26 126 3)
(99132 12117 -58401.6 381 481 1)
(99135 -121763 -23087.3 173 273 1)
(99138 -56281.1 72189.1 184 284 3)
(99140 2851.38 -42664.2 263 363 0)
(99147 -38298.7 -97623.5 580 680 1)
(99161 105718 -20317.7 356 456 1)
(99168 -101593 136911 578 678 0)
(99171 -119745 -148992 249 349 0)
(99174 -14037.1 103519 224 324 3)
(99184 -105668 -13086.6 598 698 1)
(99185 -121821 -94833.5 620 720 0)
(99189 77286 -4074.54 360 460 1)
(99190 92494.7 -57353.8 193 293 1)
(99194 -5227.22 -53534.4 500 600 3)
(99197 29103.3 -12228.5 185 285 1)
(99202 54505.8 -109973 623 723 1)
(99215 36281.5 12909.7 611 711 1)
(99219 -65304.8 -58478.2 174 274 1)
(99225 103760 -67624.2 521 621 1)
(99234 104881 -11370.1 616 716 1)
(99235 -109669 -137149 603 703 1)
(99241 -102636 128789 451 551 1)
(99242 -77492.1 -134054 512 612 0)
(99243 60408 21017.6 231 331 1)
(99246 124946 77453.7 549 649 1)
(99259 -101655 -47366.7 556 656 1)
(99261 -40170 65352.8 483 583 1)
(99264 57516.6 -52435.8 451 551 1)
(99270 -123699 96506.2 238 338 1)
(99282 -63464.7 53279.1 366 466 1)
(99301 106639 -10229.3 263 363 1)
(99305 -105489 13965.2 228 328 0)
(99310 -18043.9 104507 273 373 1)
(99314 -29114.3 -115742 79 179 1)
(99317 -60403.3 19119.5 581 681 1)
(99331 31317.6 9925.81 544 644 1)
(99334 -5755.84 -21171.4 161 261 3)
(99345 55512.8 -75658.7 603 703 1)
(99349 99624.1 -28306.9 109 209 3)
(99356 -94519.4 -61600 624 724 0)
(99357 -54297.8 133873 627 727 3)
(99367 -90526.9 -100879 598 698 3)
(99368 42172.5 -96647.9 202 302 1)
(99371 102685 47096.8 194 294 0)
(99378 14168.5 -3155.76 535 635 1)
(99382 8.49363 53143.5 618 718 1)
(99394 123899 71346.5 492 592 1)
(99399 51453.6 83372.7 521 621 1)
(99404 -78340.6 -96637.2 149 249 1)
(99411 -60358.1 -31264 294 394 1)
(99419 -33130.6 -114827 275 375 1)
(99427 114812 42177.2 491 591 1)
(99432 71523.8 -76607.8 401 501 3)
(99435 24253.7 -82786.8 461 561 3)
(99440 39016.4 -88831.2 213 313 3)
(99441 99677.3 -74579.8 310 410 3)
(99444 37250.9 -37344.9 447 547 0)
(99446 -59393.3 -21644.8 444 544 0)
(99455 82644 -74653.6 514 614 3)
(99456 -27023.2 78261.1 390 490 1)
(99461 19264.4 -46416.3 478 578 3)
(99467 113037 -136940 368 468 1)
(99470 25080.8 -139985 60 160 0)
(99473 -115827 74338.9 605 705 1)
(99477 -36267.5 -147800 163 263 1)
(99485 -88586.4 -115842 393 493 3)
(99488 14108.2 -38415.8 426 526 1)
(99489 -91563.2 -127978 430 530 1)
(99490 51349.3 -112805 149 249 1)
(99496 -68030.6 102633 207 307 1)
(99499 45335.3 41268.1 434 534 1)
(99502 -35178.6 -5184.99 541 641 0)
(99512 -863.188 53219.8 274 374 3)
(99513 48341.8 -91654.6 168 268 1)
(99518 -58444.3 28301 333 433 1)
(99528 78605.1 -26326.2 524 624 1)
(99531 85599.2 -17254.5 410 510 3)
(99536 -37168.9 33068.9 183 283 1)
(99540 -53272.9 34049.1 552 652 1)
(99541 97654.3 111640 374 474 1)
(99542 61523.1 31087.4 306 406 1)
(99544 31506.7 -25640.6 516 616 1)
(99557 -40185.6 -36350.6 105 205 1)
(99559 48312.6 -29282.2 169 269 0)
(99562 114706 -43327.7 121 221 0)
(99563 -40199.2 -42446.1 574 674 3)
(99565 14163.1 -69650.1 549 649 0)
(99571 -16996.1 82641.7 485 585 1)
(99577 -65402.4 -36328.4 491 591 1)
(99578 -67331.7 -139956 250 350 1)
(99582 -87420.6 -121924 514 614 3)
(99584 6301.56 -138974 197 297 1)
(99587 -39874.7 -16678.3 427 527 1)
(99611 35465.4 -30442.9 537 637 0)
(99642 -1896 -102691 90 190 1)
(99655 32241.7 70248.5 519 619 1)
(99656 -85373.2 -57444.7 11 111 1)
(99675 -64334.8 -130058 287 387 1)
(99682 -123648 -129776 140 240 1)
(99684 92579.8 13985 55 155 1)
(99691 79520.5 -123.176 221 321 1)
(99692 -75433.8 -19302.2 110 210 1)
(99693 -44226.3 -18252.1 411 511 1)
(99698 -14946.1 -7181.41 256 356 1)
(99716 -74486.1 -40467.4 395 495 1)
(99719 -55242.4 -76672.4 554 654 1)
(99724 73507.2 32189.9 536 636 1)
(99731 -66356.9 107600 456 556 1)
(99734 -88745.5 -15344.9 148 248 1)
(99736 100815 -63482 439 539 1)
(99752 4429.15 -133114 421 521 0)
(99756 -79281 92343.9 67 167 3)
(99767 -83399.6 137832 607 707 1)
(99770 -72376.4 90471.9 477 577 3)
(99771 34098.6 -31975.9 626 726 1)
(99772 22031.4 -14047.2 37 137 3)
(99778 -34175.9 -96743.8 246 346 0)
(99783 -13982.6 18954.9 350 450 0)
(99787 -3907.92 24074.3 459 559 1)
(99789 -73437.2 -71587.5 262 362 1)
(99799 -89446.5 -66609.2 398 498 0)
(99800 98699.3 -121951 315 415 1)
(99801 101677 -127895 201 301 3)
(99805 73379.1 106345 184 284 3)
(99806 40282.8 -80632.4 416 516 0)
(99813 -80468.3 -127112 458 558 3)
(99815 -88510.2 -21320.5 475 575 3)
(99832 89647 -35296.2 256 356 0)
(99838 105703 -31311.5 295 395 1)
(99845 98760.1 88456.2 443 543 1)
(99851 -78528.1 43109.9 414 514 1)
(99866 -104654 69339.3 460 560 1)
(99870 -102449 -27335 337 437 3)
(99875 -28082.2 -117655 93 193 1)
(99924 -88428.1 -95638.1 116 216 1)
(99925 -30142.5 -63594.4 535 635 1)
(99926 -119600 -15200 89 189 1)
(99940 73516.4 48185.2 412 512 1)
(99943 101805 -42533 83 183 0)
(99951 30348 -129001 453 553 3)
(99957 -117668 145766 62 162 3)
(99962 73634.9 141001 499 599 3)
(99964 98719.3 20984.4 518 618 0)
(99965 -23105.3 -61687.5 577 677 3)
(99968 39327.6 35105.3 311 411 1)
(99970 -38331.2 -128856 17 117 1)
(99971 -27296.6 -41513 153 253 1)
(99978 -5909.37 -88583.4 104 204 3)
(99993 72523.6 22020.3 525 625 1)
(99994 -117822 18022.9 526 626 1)
(99996 -39179.1 906.594 48 148 1)
