(7002 -18027.7 -9182.27 144 244 3)
(7012 -34163.5 31964.7 500 600 0)
(7018 85522.7 21050.6 98 198 3)
(7022 70461.1 -83594.4 134 234 3)
(7037 25231.4 -110877 432 532 0)
(7039 37253.2 -125340 375 475 1)
(7050 -44250.3 84433 525 625 1)
(7054 -43196.6 -59495.4 274 374 1)
(7055 122925 -37409.4 571 671 3)
(7057 -57277.6 -16204.9 155 255 1)
(7058 -42493.5 -117975 352 452 1)
(7061 -72357.9 -9193.4 200 300 1)
(7075 -922.977 -101858 602 702 3)
(7098 -41233.9 -114911 384 484 1)
(7100 84575.3 -136906 152 252 1)
(7105 -40218.5 36238.4 92 192 1)
(7107 -116494 32126.3 32 132 1)
(7121 6061.52 -35359.6 167 267 3)
(7125 37331 -124856 219 319 1)
(7128 -30212.9 75253.6 244 344 1)
(7131 -58288.9 -127844 358 458 0)
(7132 -116729 90528.5 447 547 1)
(7143 77508.1 -10082.4 170 270 1)
(7146 -70481.1 -88761.6 380 480 3)
(7149 -42257.6 -62599.2 375 475 1)
(7156 -73464.6 -41445.7 570 670 1)
(7157 -81405.2 8937.93 5 105 3)
(7168 -3968.67 -22255 251 351 1)
(7183 12286.8 -84259.2 152 252 1)
(7204 113840 35055.2 600 700 1)
(7206 -59260.7 -85915.8 350 450 3)
(7215 69485 -77552.9 66 166 1)
(7216 -92553.9 -96788.6 601 701 1)
(7218 -36184.2 -44436.4 446 546 1)
(7222 -121700 -30361.9 434 534 1)
(7234 -89508.8 85547.2 231 331 3)
(7236 113685 37088.3 124 224 3)
(7243 -52250.7 37113.2 28 128 1)
(7247 -38141 -53412.2 303 403 1)
(7260 8114.47 107575 496 596 3)
(7262 -12031.4 44195 608 708 0)
(7268 -97524.1 -89656.4 217 317 1)
(7275 71.8741 63244.6 216 316 1)
(7294 25243.4 69408 300 400 1)
(7295 38214.9 -1143.33 320 420 1)
(7300 -109696 -27353.2 606 706 3)
(7304 -93447.9 -81608.1 46 146 1)
(7305 81631.6 -86441.3 131 231 1)
(7309 18216.1 37113.3 508 608 1)
(7314 -56269.6 -66530 159 259 1)
(7318 6105.67 -82618.3 193 293 1)
(7324 52464.7 -43400.5 511 611 1)
(7328 19221.3 -12129.1 148 248 1)
(7329 59482 102633 531 631 3)
(7339 -11009.6 112872 592 692 1)
(7342 80597.6 -61271 386 486 0)
(7343 91511.2 48134.4 143 243 1)
(7344 21263.6 -60572.2 501 601 3)
(7345 -109679 -2204.69 1 95 3)
(7346 -71378.8 1849.56 629 729 3)
(7351 89656.1 -83572.5 244 344 3)
(7363 114830 -32358.7 434 534 1)
(7367 -30262.5 72444.9 614 714 3)
(7372 46573 37260.6 529 629 0)
(7390 -61316.5 35115.4 145 245 1)
(7393 -29182 117781 628 728 1)
(7397 61469.1 104612 431 531 3)
(7398 118917 53140.8 593 693 1)
(7399 -86541.9 53334.2 447 547 1)
(7400 -23945.5 -3150.14 442 542 3)
(7404 -46228.7 104429 205 305 0)
(7406 -110670 84400 443 543 0)
(7410 83502.9 101344 280 380 1)
(7414 24203 -113852 351 451 1)
(7419 47324.3 40116.2 213 313 0)
(7421 -59246.1 50162.9 1 98 3)
(7428 -70440.9 -110900 528 628 0)
(7429 110819 -90643.7 405 505 0)
(7440 39338.8 -44427.7 360 460 1)
(7446 -79345.6 -42321.4 15 115 1)
(7455 46630.6 -9454.87 538 638 1)
(7472 42296.4 69347.5 1 101 1)
(7485 26321.6 111599 421 521 3)
(7494 -83441.2 -9072.97 98 198 3)
(7496 64500.2 66286 298 398 3)
(7498 -66441.4 -57477.9 440 540 1)
(7501 -22084.8 -27235.8 142 242 3)
(7503 71621.3 66424.6 555 655 3)
(7504 69509.6 -11125.3 110 210 3)
(7512 -84506.5 8912.66 468 568 1)
(7521 -4932.99 -148117 377 477 0)
(7522 -100640 -73643.1 324 424 1)
(7525 -48213.9 93411.7 4 104 1)
(7535 -69422.9 63234 548 648 1)
(7537 5022.78 111345 136 236 1)
(7540 19241 -106849 458 558 1)
(7545 -30115 -116756 39 139 1)
(7548 82636.4 -84703.9 451 551 1)
(7550 50525.5 127717 373 473 1)
(7556 -40217.6 -2113.39 179 279 1)
(7569 -62511.4 -81736.1 31 131 3)
(7572 8133.14 121646 53 153 3)
(7576 -37161.9 -28284.4 250 350 1)
(7580 -42242.6 -19470.7 475 575 0)
(7586 -83627 118314 287 387 0)
(7592 -61401.1 -39280.3 297 397 0)
(7610 95603.4 -12176.9 106 206 1)
(7612 -48010.3 112136 480 580 0)
(7615 -6165.88 -96633.6 104 204 1)
(7616 -27151 -67463.4 517 617 1)
(7627 -63276.3 -78532.8 24 124 1)
(7635 -91462.3 -93677.4 56 156 1)
(7637 68452.7 73316.3 206 306 1)
(7639 -59355.5 -134059 558 658 0)
(7649 -24102.9 98496 340 440 3)
(7657 104926 142770 558 658 1)
(7661 -69958.3 -103485 275 375 1)
(7664 57472.4 -1163.04 417 517 3)
(7669 -42273.5 144887 432 532 1)
(7670 -66346.9 -57411.9 70 170 1)
(7671 -18052 71354.1 611 711 1)
(7674 -44244 -60470.7 405 505 3)
(7675 104.93 -122043 577 677 1)
(7676 1068.9 -100948 546 646 1)
(7682 -64328 -114826 276 376 1)
(7694 72490.6 9937.83 1 101 1)
(7695 -28048.7 -80516.5 12 112 0)
(7705 100693 -30299.2 372 472 3)
(7707 41223.1 -100815 289 389 1)
(7709 -67373.8 -118998 587 687 1)
(7712 -27116.4 -124882 218 318 1)
(7716 -38187.1 -44407.4 280 380 1)
(7718 67463.8 120773 579 679 1)
(7719 5103.18 -29313.9 90 190 1)
(7726 -57399.2 51239.7 623 723 1)
(7727 -1875 -31400.1 430 530 0)
(7730 63423.3 -114853 336 436 3)
(7735 -81559.1 -6238.38 585 685 3)
(7745 -93484.7 -132917 176 276 3)
(7749 -33115.2 -80698.5 532 632 1)
(7753 118925 93640.3 549 649 1)
(7754 82791.2 -23113.9 619 719 3)
(7755 43304.7 44149.4 226 326 1)
(7756 55361.9 -37301.4 44 144 1)
(7784 -20973.8 109552 565 665 0)
(7785 109788 -44379.7 164 264 1)
(7786 -79404.6 124607 174 274 1)
(7790 -52304.6 -72680.6 555 655 1)
(7796 44390.6 -68589.6 425 525 1)
(7799 57518.7 -12588.4 607 707 1)
(7806 -14980.7 99496.5 322 422 1)
(7821 36248.7 74293.3 18 118 0)
(7823 67430 21007 73 173 1)
(7832 37306.4 -145052 391 491 3)
(7842 -46179.2 -20284 197 297 1)
(7858 -78421.2 25039.3 475 575 1)
(7866 118873 -79680.7 452 552 1)
(7871 21122.4 61228.6 62 162 1)
(7875 -78462.3 -10152.7 510 610 3)
(7879 -76479.1 -80594.4 511 611 1)
(7890 -2929.74 -71602.2 58 158 1)
(7899 72559.4 24015.4 406 506 0)
(7909 -7288.3 11913 359 459 0)
(7910 -45958.2 -96477.3 138 238 1)
(7911 108709 90407 193 293 1)
(7917 -68309.1 85347.6 9 109 3)
(7926 43366.3 -39327.8 194 294 1)
(7933 -83435.2 5921.68 219 319 1)
(7934 50371.8 80439.3 266 366 3)
(7945 40263.8 -129941 26 126 0)
(7946 56406.6 90421.4 218 318 1)
(7953 45306.5 -109726 150 250 1)
(7958 -103519 -33105.6 614 714 0)
(7960 -47204.8 30246.5 412 512 1)
(7967 28310.8 61381 224 324 3)
(7970 89560.7 145737 133 233 1)
(7972 -86506.1 -84681.2 329 429 1)
(7982 -43134.5 114558 10 110 0)
(7991 -102624 -35384.7 447 547 1)
(7996 -61346.6 -5168.7 455 555 1)
