(11000 44276.4 28112.3 341 441 3)
(11015 115057 55608.1 491 591 1)
(11033 -109760 -116887 616 716 0)
(11043 52429.1 -101635 57 157 1)
(11050 -120609 -95634.6 48 148 1)
(11060 44339.4 45155 117 217 1)
(11062 -25087.5 -60537.5 396 496 1)
(11063 62491.2 125667 389 489 1)
(11065 1069.25 -57449.1 422 522 1)
(11069 66569.2 138909 528 628 3)
(11071 18086.5 -33399.2 217 317 0)
(11074 -76534.9 -12600.2 240 340 1)
(11079 -114745 44217 348 448 1)
(11086 65445.9 -141956 69 169 1)
(11089 -4884.86 -71636.9 411 511 0)
(11093 89564 140672 166 266 1)
(11101 -42199 -40363.7 202 302 0)
(11110 -114682 -23261.4 375 475 1)
(11112 -95500.7 4882.89 37 137 1)
(11114 37280.1 -36342.6 223 323 1)
(11115 37333.5 133728 287 387 3)
(11126 -20030.6 126607 111 211 1)
(11129 -19950.5 -125.475 616 716 1)
(11137 30257.2 27031.6 438 538 1)
(11151 24300.8 134704 74 174 3)
(11152 -27134.1 18067 176 276 3)
(11154 42242.4 -27276 34 134 1)
(11160 124852 -136795 282 382 1)
(11162 51403.3 50207 437 537 1)
(11163 -63352.7 -99740.3 310 410 3)
(11165 -19165.2 -60437.2 158 258 1)
(11169 -6960.79 -131853 62 162 1)
(11175 19225.8 -73724.3 354 454 1)
(11183 10087.4 63230.3 108 208 1)
(11202 26231.8 10926.7 19 119 1)
(11211 -67440.4 -24305.4 460 560 0)
(11218 112225 65602.7 624 724 3)
(11222 -59271.6 23002.9 299 399 1)
(11225 -123564 -125998 360 460 1)
(11232 104704 86306.9 323 423 3)
(11241 8107.85 114582 298 398 0)
(11242 57462.8 -43415.8 190 290 1)
(11244 -58569.9 -144083 538 638 1)
(11248 -71394.2 -79685 592 692 1)
(11255 -86493.6 96578.3 164 264 1)
(11260 -940.011 101553 277 377 3)
(11262 24269 66353 571 671 1)
(11270 117660 109501 72 172 1)
(11271 -57312.8 4910.71 410 510 1)
(11275 -56843.2 -132154 37 137 1)
(11277 -114564 -51390.2 1 97 1)
(11287 -3072.54 -111865 545 645 1)
(11296 -32094.5 132610 57 157 1)
(11300 54546.1 73380.4 628 728 3)
(11319 -49260.9 17907.2 303 403 -1)
(11321 -111786 130586 523 623 0)
(11328 -61444.3 106599 476 576 3)
(11329 -124680 -3177.18 277 377 1)
(11340 88589.6 -48407.9 138 238 1)
(11344 16108.3 139925 488 588 3)
(11352 4237.98 102497 198 298 1)
(11354 107752 129738 396 496 3)
(11356 -37170.2 96447.6 159 259 1)
(11358 -115901 110553 504 604 1)
(11363 -56134.7 -8400.59 558 658 3)
(11364 -75253.7 -3818.19 80 180 1)
(11366 -16346.7 83589.9 276 376 3)
(11373 -10032.7 -42144.2 35 135 1)
(11378 27239.8 -80648.2 352 452 1)
(11379 -113639 -38383.3 275 375 1)
(11383 -40222.1 -127879 129 229 1)
(11384 11193.9 19024.3 552 652 3)
(11386 27233.2 -149056 342 442 1)
(11394 87659 125697 459 559 1)
(11396 24300.3 117730 532 632 0)
(11401 -71383.1 8957.24 181 281 0)
(11403 -57361.4 -11232.1 480 580 3)
(11407 89673.5 6818.84 250 350 3)
(11415 -79404.8 -116994 576 676 1)
(11428 33250.4 7926.16 132 232 1)
(11433 -96448.1 -87717.5 316 416 3)
(11442 -58341 -135055 455 555 3)
(11445 18190.2 -120872 333 433 1)
(11452 17199.8 -102765 200 300 0)
(11461 -75606.9 -93834.7 598 698 3)
(11471 -12702.9 -38555.5 535 635 1)
(11482 -62374 -78650.5 469 569 0)
(11488 -24073.2 -142111 486 586 1)
(11493 87754.3 37054.8 621 721 1)
(11512 30304.9 144930 618 718 0)
(11516 -61271.1 -64449 1 97 1)
(11520 -20091.6 84437.4 466 566 1)
(11527 6080.56 -75534.7 73 173 1)
(11529 124905 -114115 600 700 3)
(11531 -72469.6 -36373.7 575 675 1)
(11538 93455.3 -81510.6 49 149 0)
(11540 -91525.9 23235 6 106 3)
(11542 64296.5 -29124.6 428 528 0)
(11544 119948 -53471.1 623 723 1)
(11549 51434.1 80396.1 456 556 1)
(11553 27229.1 -56561.6 316 416 3)
(11560 -35110.2 -107771 74 174 3)
(11575 23201.2 50198 445 545 1)
(11578 -78513.1 -49265.5 51 151 1)
(11582 -71385.1 -133894 178 278 1)
(11586 -18398.9 52110.7 462 562 0)
(11594 -47239.5 3822.31 437 537 3)
(11598 73302.9 68331.7 1 101 1)
(11602 36285.3 -145159 165 265 1)
(11607 -82999.4 37954.6 194 294 3)
(11608 -62281.6 123645 159 259 1)
(11621 -65176.6 26093.5 290 390 1)
(11623 33434.6 114528 28 128 0)
(11627 14195.8 56266.4 602 702 3)
(11637 41344.1 124586 390 490 0)
(11639 119852 -31383.5 247 347 1)
(11640 14155.5 -27210.4 91 191 3)
(11643 53419.3 -144137 540 640 3)
(11650 22803.4 -49542.8 551 651 1)
(11663 -88561.4 -55315.2 422 522 1)
(11665 34341.9 -53512.6 474 574 1)
(11672 -23088.6 48225.4 391 491 1)
(11681 41298.1 -34470.5 107 207 1)
(11686 -50244.6 88394.8 150 250 1)
(11688 -121479 -123869 125 225 3)
(11700 -44195.1 -91698 360 460 1)
(11701 9155.51 -51621 309 409 1)
(11709 -67444.9 32080 236 336 1)
(11734 -35237.9 -109729 231 331 1)
(11735 108826 -44391.3 335 435 0)
(11738 9077.81 38031.5 579 679 3)
(11739 99693.5 31087.2 383 483 1)
(11747 -50043.2 -29238.8 277 377 1)
(11759 -63320 75276.7 94 194 3)
(11763 -120557 143813 590 690 0)
(11765 56490.6 -92729.8 492 592 3)
(11766 -119630 -21253.1 101 201 1)
(11767 -22067.4 96661.8 625 725 1)
(11772 27272.1 60274 52 152 3)
(11774 27163 21125.1 259 359 1)
(11776 -22086.1 77399.3 582 682 1)
(11777 -58331.9 42146.7 514 614 1)
(11779 -92367.2 -124649 264 364 1)
(11783 -12958.2 -38281.6 128 228 3)
(11785 -122638 115554 103 203 1)
(11787 -74409.7 137672 234 334 1)
(11788 -20073 -47439 299 399 1)
(11804 -24133 56195.9 196 296 3)
(11816 99733 -126886 253 353 3)
(11818 -4063.79 -44436.5 620 720 0)
(11831 65490.4 -3168.29 387 487 1)
(11834 48452.7 -23329.2 473 573 3)
(11836 -68440.3 72289 23 123 0)
(11841 -74505.4 5930.41 499 599 0)
(11844 52465.7 4924.24 408 508 1)
(11871 68337.8 -49479.5 1 95 1)
(11872 -6993.16 -132960 290 390 1)
(11873 122940 -37399.7 614 714 1)
(11874 8173.92 20073.9 84 184 3)
(11885 -74440.9 -104848 492 592 0)
(11910 20122.5 62273.5 176 276 1)
(11914 34459.4 70110 64 164 0)
(11917 -9994.38 33057.1 203 303 0)
(11918 -5950.58 2811.32 474 574 1)
(11930 -18039.9 24014.7 609 709 1)
(11933 3099.45 -145884 73 173 3)
(11935 -85578.8 -41357.4 473 573 3)
(11941 -37062.1 -77743.3 297 397 3)
(11946 -15047.8 43170.7 577 677 3)
(11950 3141.03 -145879 42 142 3)
(11954 25226.2 -66597.2 344 444 0)
(11960 -16005.6 16979.8 123 223 1)
(11963 123920 78270.4 82 182 3)
(11986 52369.4 -15222.4 355 455 0)
(11989 24333.7 104639 464 564 3)
