(16007 65396.9 37150.3 416 516 0)
(16017 -114590 -21181.6 65 165 3)
(16022 93888.4 -13058.1 136 236 0)
(16024 40282 88381.9 172 272 1)
(16026 56320.6 90429.4 401 501 0)
(16031 -10902.3 -29361.2 402 502 3)
(16035 76567.7 100521 52 152 3)
(16038 -111687 3874.87 581 681 1)
(16047 -7063.13 -24302.9 255 355 1)
(16048 84696 -61549 383 483 0)
(16049 -115148 -134090 513 613 1)
(16052 41239.9 -107805 158 258 1)
(16056 -93620.7 -48478 546 646 1)
(16058 -49215.6 -88616.6 117 217 1)
(16059 110880 107554 602 702 1)
(16065 -93532.2 69396.9 140 240 0)
(16066 39252.1 35061.5 97 197 0)
(16069 97613.9 -98644.3 97 197 1)
(16070 -81425.2 78108.5 176 276 1)
(16077 83796.9 -85645.9 168 268 3)
(16079 -70319.6 -25234.4 15 115 0)
(16084 47427.1 -63614.2 463 563 1)
(16085 -115565 24063.3 1 98 1)
(16086 -13019 -7198.4 468 568 3)
(16101 2081.07 30060.2 306 406 1)
(16105 26244.6 -68551.6 237 337 1)
(16109 16065.2 -122715 18 118 1)
(16118 -33125.6 132554 189 289 1)
(16121 -65460.4 9999.58 618 718 0)
(16125 85758.4 -21222.6 614 714 1)
(16128 73457.4 -12190.1 54 154 1)
(16132 -40281.9 -133819 111 211 1)
(16133 -6969.06 -118848 163 263 3)
(16148 -23847.3 -79823.3 66 166 0)
(16153 23354 63326.5 399 499 1)
(16166 25236.4 -14195.2 447 547 3)
(16180 104635 94473.5 298 398 1)
(16183 115713 24007.2 155 255 1)
(16193 -31821.2 -14267.7 430 530 1)
(16197 -18017.2 71335.8 501 601 1)
(16208 -38425.4 78422.1 496 596 3)
(16218 7130.91 -3171.17 308 408 1)
(16229 20176.7 -105832 412 512 1)
(16232 32276.4 -49430.8 592 692 3)
(16247 -78465.4 70344.4 571 671 1)
(16264 30107 113697 226 326 1)
(16267 -65375.4 68304.9 475 575 3)
(16269 -19047.4 -124772 59 159 1)
(16278 77519.9 7892.76 291 391 0)
(16282 49353.8 42003 203 303 3)
(16285 -117595 3916.54 106 206 1)
(16286 77526.3 -59491.6 197 297 0)
(16288 92673.5 22963.2 393 493 3)
(16293 -25087.4 -4075.32 142 242 1)
(16296 -82416.3 -104761 72 172 0)
(16308 104860 -76854.2 517 617 3)
(16313 78592.2 -25204.5 201 301 0)
(16318 4039.46 23744.6 481 581 3)
(16332 -31101.7 -2130.05 27 127 0)
(16334 61508.1 125686 475 575 1)
(16340 -88560.3 -144162 563 663 3)
(16342 16120.1 -28398.9 583 683 -1)
(16353 -90548 49169.2 376 476 1)
(16358 -93475.7 -33324 186 286 3)
(16362 -22102.6 -141035 429 529 3)
(16371 68468.7 74257.8 149 249 1)
(16378 -3846.21 111440 192 292 0)
(16410 -110777 -53485.5 578 678 1)
(16416 -67391.4 76361.7 45 145 1)
(16420 11131.4 -27256.8 87 187 1)
(16427 -52171.8 -27374.5 438 538 3)
(16432 82451.6 -138225 411 511 1)
(16433 -49248.6 -85558.6 53 153 1)
(16435 83533.6 137849 270 370 1)
(16436 -36169.7 33063 463 563 1)
(16443 51443.8 -28345.1 584 684 1)
(16444 -109470 23028.3 425 525 1)
(16459 4063.89 -78531.8 47 147 1)
(16460 -76411.4 70318.1 213 313 1)
(16467 85642.4 -13265.3 458 558 1)
(16475 -122678 18994.9 249 349 1)
(16484 121816 111542 234 334 3)
(16485 40525.8 -147265 507 607 1)
(16503 10161.5 32080.4 554 654 1)
(16505 31215 -119760 86 186 1)
(16509 -37220.1 -149170 274 374 0)
(16515 39235.9 101731 489 589 1)
(16517 -39183.7 -16205.5 309 409 1)
(16520 94620.1 47179.6 113 213 1)
(16522 64403.7 -142968 99 199 1)
(16524 -56169.8 -121629 1 96 1)
(16535 36133.2 -116094 84 184 1)
(16548 59921 134666 441 541 3)
(16583 -39158.6 -25258.4 71 171 1)
(16584 1039.21 -140862 55 155 1)
(16589 17167.5 -50460.3 386 486 1)
(16602 -40188.8 -147931 116 216 0)
(16607 -3827.49 58284.2 56 156 1)
(16621 -93653.8 1875.58 619 719 3)
(16629 -101529 51241 337 437 1)
(16633 -27234.9 -101860 528 628 3)
(16644 33268 -102753 100 200 1)
(16677 90417.3 -24338 25 125 0)
(16683 8151.83 -56410.5 340 440 1)
(16685 16194.8 -113965 584 684 3)
(16689 -6962.81 19949 592 692 0)
(16691 -111688 -77728.7 553 653 1)
(16701 87763.2 79404.8 626 726 0)
(16721 -41196.8 113650 535 635 1)
(16729 -94552.1 -27328.4 430 530 1)
(16745 31333.7 58282.9 619 719 3)
(16747 -104546 -103715 235 335 3)
(16751 -33162.4 55185 1 100 3)
(16755 -69330.2 75255 204 304 3)
(16758 83662.9 -14153.8 200 300 3)
(16764 1779.92 -15212.2 599 699 0)
(16770 42229.2 -49384.9 92 192 1)
(16778 -14043.2 -100655 81 181 3)
(16781 54382.6 -133008 84 184 3)
(16784 116700 -79583.4 567 667 1)
(16790 -118952 148830 366 466 3)
(16805 119871 37125.3 576 676 0)
(16819 98844 121807 531 631 1)
(16835 67554.5 4890.65 506 606 1)
(16837 14095.1 -2212.83 483 583 1)
(16841 39345.1 -51423.6 493 593 0)
(16858 -99652.2 -63590.5 516 616 1)
(16863 -95571.4 -53542.7 619 719 0)
(16868 100871 -26386.3 542 642 3)
(16871 20948.1 5895.08 362 462 1)
(16874 -106688 -112813 326 426 0)
(16880 71373.2 -126877 469 569 3)
(16886 84597.1 -127922 147 247 1)
(16890 -59368.3 4789.32 624 724 1)
(16894 -20047 54196.8 55 155 0)
(16924 -27106.8 -31315.1 353 453 3)
(16938 108778 -22270.8 385 485 3)
(16941 50512.4 80630.7 610 710 3)
(16948 38287.4 -6161.93 53 153 1)
(16958 -83437.9 70287 81 181 3)
(16963 29236.1 57230.1 179 279 1)
(16966 -78449.1 91537.9 524 624 1)
(16970 -93409.9 -134.763 16 116 1)
(16971 11183.8 5948.66 140 240 3)
(16974 55411.7 122567 526 626 3)
(16982 -120842 67233 597 697 1)
(16983 83528.8 -142924 138 238 1)
(16992 -52290.5 30098.4 517 617 3)
