(80001 121714 -99888.6 311 411 0)
(80003 -64252.1 39036.9 623 723 3)
(80006 121675 -24250.3 42 142 1)
(80021 -83884.4 -105823 528 628 1)
(80022 43373 30073.3 465 565 3)
(80027 -89601.4 -62704.4 274 374 1)
(80032 -83260.3 36105.2 12 112 3)
(80035 -92450.8 61218.3 43 143 3)
(80057 -94531.4 91450.3 278 378 3)
(80059 -65332.3 -95676.1 109 209 1)
(80069 -54265.3 -124867 202 302 3)
(80076 -37145 -14201.4 279 379 1)
(80082 112697 -8124.27 82 182 0)
(80090 -76767.9 -134967 155 255 3)
(80091 16197.5 -40450.6 527 627 3)
(80108 -98573.3 95493.1 484 584 1)
(80111 -16081.9 -13142.8 110 210 1)
(80112 75548.2 -11186.7 424 524 3)
(80117 -120948 -65701.8 414 514 1)
(80123 -54284.9 7922.8 349 449 3)
(80140 52494.3 101574 594 694 1)
(80165 84537.4 -24145.4 247 347 1)
(80167 -39164.3 35074.1 85 185 1)
(80180 120890 133767 410 510 1)
(80181 -73382.5 -148976 79 179 3)
(80189 49395.4 59464.3 194 294 1)
(80201 -8910.72 -28297.9 284 384 1)
(80202 33266.6 -75793.9 478 578 1)
(80206 -20107.9 4074.35 380 480 0)
(80218 -104465 -25193.4 427 527 3)
(80227 -57313.7 22019.9 434 534 1)
(80229 11941.1 -53464.8 287 387 1)
(80231 7122.85 -108829 383 483 3)
(80245 32343.1 -46305.6 579 679 1)
(80249 -66296 93440.7 84 184 1)
(80257 -117681 25970.6 249 349 0)
(80264 78717.4 -52552.8 486 586 3)
(80268 -89454.9 -12221.2 315 415 3)
(80269 -27066.5 -35308.7 17 117 3)
(80270 -57364.4 105716 584 684 1)
(80278 -15111.7 -16146.3 216 316 1)
(80281 -64458.3 94422.6 526 626 1)
(80288 39445.4 -37443.1 440 540 1)
(80303 -17073.8 -134075 556 656 3)
(80318 124944 13940.2 581 681 3)
(80325 -60205.3 -11392.1 314 414 1)
(80334 13137.6 -8186.6 248 348 1)
(80335 1045.01 62207.5 25 125 3)
(80339 -13957.9 39250.3 501 601 1)
(80365 90528.3 -12112.2 470 570 1)
(80367 -13987 -69427.5 129 229 3)
(80371 -52258.7 47187.4 317 417 0)
(80388 -25178.7 -88735.5 423 523 1)
(80394 -67218.9 -3187.32 52 152 1)
(80399 -9990.99 30053.2 121 221 1)
(80411 85564.1 -13230.9 112 212 3)
(80418 39340.4 105717 308 408 3)
(80423 70556.1 -10214.3 405 505 1)
(80429 83789 -103897 532 632 1)
(80446 58464 -102880 469 569 0)
(80449 55408.5 -56485.2 403 503 1)
(80460 23209.7 -15227.5 285 385 3)
(80464 64452.5 89446.6 396 496 1)
(80467 107737 108600 418 518 1)
(80469 -111706 -77690.8 447 547 3)
(80476 94672.3 -115869 370 470 1)
(80483 -116653 -91690.6 310 410 3)
(80485 -71247.1 -96650.3 317 417 1)
(80491 -67285 120551 391 491 1)
(80492 -39365 109471 194 294 1)
(80497 85840.8 84796.3 390 490 3)
(80499 -2972.87 -70552.3 196 296 3)
(80506 23174.9 6892.25 85 185 0)
(80513 -11896.2 149852 240 340 3)
(80516 -50221.1 -42371.8 87 187 1)
(80520 106739 -105761 191 291 1)
(80525 32259.9 -45368.7 467 567 1)
(80540 -40317.4 -86732.7 562 662 0)
(80546 -36127.5 -138874 87 187 1)
(80551 123892 48951.8 196 296 1)
(80559 -54138.4 -89880.4 460 560 1)
(80566 43378.5 3872.44 545 645 3)
(80586 -32964.7 65367.5 144 244 0)
(80590 -50323.7 19996.4 614 714 1)
(80591 18172.6 -50427.6 222 322 3)
(80595 18171.8 99502.8 381 481 0)
(80600 58404.6 132610 149 249 1)
(80606 -1932.91 113532 106 206 1)
(80613 5106.78 -79671.7 489 589 3)
(80620 -83372.5 -136953 79 179 0)
(80635 1074.17 -102658 7 107 1)
(80645 31283 61296.1 552 652 1)
(80646 -3971.34 -59473.5 219 319 1)
(80660 -5973.21 5875.67 433 533 1)
(80663 -57094 -37368.8 110 210 1)
(80664 -17064.3 10946.4 2 102 0)
(80670 -56640.3 21043.8 229 329 3)
(80671 60487.3 -75667 614 714 1)
(80677 62449.3 -38367.7 271 371 0)
(80686 38106.2 17141.6 95 195 1)
(80687 3135.99 -81669.7 395 495 1)
(80692 -81426.9 -44477.9 299 399 3)
(80708 -41263.6 133829 58 158 1)
(80716 -24084.2 -116819 300 400 -1)
(80718 55301.5 -72533.9 1 101 0)
(80728 -15989.9 -148031 233 333 3)
(80732 97599.2 2895.35 356 456 3)
(80733 79549.9 -106796 158 258 1)
(80735 16995.5 55528.6 512 612 0)
(80738 50460.3 36087.6 216 316 0)
(80742 38.8469 81338.3 15 115 3)
(80751 44395.5 107497 251 351 1)
(80754 -123729 54156.5 307 407 1)
(80758 -47225.9 -99708.6 283 383 1)
(80767 75695.5 -7201.94 549 649 1)
(80772 -22073.9 54218 253 353 1)
(80773 -101435 -68541.6 53 153 1)
(80775 -116636 10957.4 156 256 1)
(80777 -8984.81 -14214.6 554 654 1)
(80779 63408.8 59052.9 74 174 0)
(80782 -28109.9 13985.9 120 220 1)
(80816 51317 -56567.7 559 659 0)
(80817 -113021 91408.8 560 660 0)
(80822 -82406.2 13943.7 65 165 0)
(80824 41284 -42365.2 100 200 1)
(80826 -47237.1 -39380.8 544 644 1)
(80838 -15074.1 -61515.6 10 110 1)
(80840 -11048.9 -118967 265 365 1)
(80850 -101599 34088.8 418 518 0)
(80872 76600.4 -98067.9 484 584 1)
(80885 70538.4 10840.7 61 161 1)
(80890 12312.9 138825 287 387 1)
(80893 18209.5 109611 55 155 1)
(80909 -103678 -143090 486 586 1)
(80918 -118638 26030 187 287 1)
(80926 64557.6 5925.83 586 686 1)
(80928 -9979.98 -111728 333 433 3)
(80933 -109561 -109726 54 154 1)
(80937 -91660.2 -114882 436 536 0)
(80938 117657 -142871 88 188 1)
(80942 -86513.9 -60596.8 525 625 3)
(80944 -113669 -127975 451 551 0)
(80952 24052.4 32130.9 252 352 1)
(80953 -18053.1 30029.8 148 248 1)
(80956 10051.4 87286.9 541 641 0)
(80962 15155.4 -145932 65 165 0)
(80965 -121617 78338.3 187 287 0)
(80974 -16011.3 22084.8 185 285 3)
(80982 -7302.25 -83828.6 11 111 1)
(80984 33314.5 17991.1 150 250 1)
(80996 -76464.3 -141141 597 697 1)
