(121003 24721.7 -44184.2 106 206 1)
(121005 -12925.9 -42510.7 462 562 1)
(121008 109726 70331.1 188 288 0)
(121010 99587.9 38002.8 112 212 1)
(121011 55401.3 -38324 219 319 3)
(121019 -90534.3 -66555.5 374 474 1)
(121021 11139.5 -115777 141 241 1)
(121027 -116588 23017.9 109 209 1)
(121029 12214.2 -37305.7 538 638 1)
(121034 -9989.68 -27306.6 462 562 1)
(121035 -40185.8 -77581.5 135 235 3)
(121037 102561 14990.4 560 660 1)
(121041 103668 131674 185 285 1)
(121048 -59272.3 -75564.5 146 246 1)
(121052 102818 -37196.1 476 576 3)
(121057 -45125.3 -5207.25 329 429 1)
(121060 52391.8 140821 442 542 1)
(121068 116820 2895.39 108 208 0)
(121074 58392.6 17959.5 454 554 0)
(121078 -54505 -58368.5 411 511 0)
(121083 -78482.5 -56526.6 570 670 1)
(121085 15049.5 84421 298 398 1)
(121089 -64516.7 73365.6 410 510 0)
(121099 69428.1 48142.9 66 166 1)
(121102 -6954.1 111668 351 451 1)
(121106 46327.4 -85621.7 245 345 0)
(121108 -77323 -21275.4 404 504 1)
(121109 77558.1 -110859 322 422 1)
(121115 -27069.1 88553.7 626 726 1)
(121121 -59309 -123219 605 705 1)
(121128 68757.1 -95835 548 648 1)
(121131 -10064.9 -113809 120 220 1)
(121143 -29239.6 -40305.8 226 326 1)
(121165 11122.7 -108679 1 93 1)
(121178 10178 -14241.1 607 707 3)
(121197 -93653.6 105630 594 694 1)
(121214 -28150.1 74401.1 626 726 1)
(121223 112037 -137104 586 686 1)
(121225 20125.5 -50394.3 275 375 1)
(121240 121022 37139 252 352 1)
(121247 96618.6 89584.8 247 347 1)
(121253 -39915.6 20724.4 227 327 0)
(121263 -54420.6 -95990.7 559 659 1)
(121271 -43174.6 85344.2 1 101 3)
(121277 111738 29990.7 90 190 0)
(121278 -91577 21963.6 580 680 1)
(121292 58222.1 -23514.5 319 419 1)
(121297 99732.4 111612 332 432 3)
(121303 -26929.5 -27330.7 473 573 3)
(121306 -41173.4 113559 119 219 0)
(121310 61271.9 -97771.1 377 477 3)
(121314 24228 7986.55 266 366 3)
(121317 -28092.9 -126869 217 317 1)
(121320 -113772 -15214.3 561 661 3)
(121327 -77517.2 -121920 237 337 0)
(121342 -21994.9 40196.6 192 292 3)
(121349 39294.8 7926.79 51 151 0)
(121350 -34076.4 36348.9 197 297 3)
(121351 -16971.6 -156.748 623 723 0)
(121352 -9017.43 -71557.3 366 466 1)
(121354 -68454.8 -22255.3 196 296 1)
(121355 -3817.61 -97719 332 432 1)
(121356 -71386.4 -28293 154 254 1)
(121358 25073.9 46102.9 552 652 1)
(121362 -31121.6 50202.9 613 713 1)
(121368 -118610 -101647 5 105 1)
(121374 -58301.9 57108.3 147 247 1)
(121375 -58151.1 -72685.7 275 375 0)
(121378 15098.3 -54438 218 318 3)
(121383 21941.8 97430.2 533 633 3)
(121402 -45330.5 135728 159 259 3)
(121411 11175.2 -110891 501 601 1)
(121438 -5946.64 -77720.2 618 718 3)
(121448 -119775 -115940 488 588 1)
(121451 30849.9 -50917.1 613 713 1)
(121466 -4840.75 3106.91 481 581 1)
(121476 78605.5 -90653.7 246 346 0)
(121485 10138.6 -81601.7 172 272 3)
(121486 -61393.7 -76527.4 425 525 1)
(121488 -113764 39135.6 240 340 1)
(121490 19978.9 30327.3 507 607 3)
(121492 58352.3 7943.88 62 162 1)
(121495 -87400.8 144825 553 653 1)
(121503 -17189.1 -59257.3 245 345 1)
(121504 -120599 -116840 302 402 1)
(121508 -86509 -83658.8 395 495 1)
(121510 -88586.2 -72675.5 534 634 1)
(121513 53372.2 18961.4 463 563 3)
(121515 16304 -95635.6 303 403 1)
(121526 -31105 36081.7 491 591 3)
(121531 8024.03 103237 50 150 1)
(121534 41360.8 -27345.7 429 529 -1)
(121535 -101595 114603 403 503 3)
(121548 -38154 82350.8 45 145 1)
(121552 48431.1 96315.5 326 426 1)
(121556 8027.4 110558 547 647 3)
(121559 112802 -128880 6 106 0)
(121569 -77606.4 -31363.9 507 607 3)
(121573 54370.9 2902.06 27 127 1)
(121576 -4944.18 -139980 425 525 3)
(121578 73519.6 -34299 96 196 3)
(121581 -9994.59 -119763 1 100 1)
(121583 117177 92659.9 397 497 1)
(121590 7177.28 -123073 467 567 3)
(121591 -32183.3 -105815 432 532 1)
(121613 -4968.27 61282.7 362 462 1)
(121616 121866 -71585.1 507 607 1)
(121620 -22964.3 133680 616 716 1)
(121650 -96500.1 -122808 103 203 3)
(121652 41315.4 129557 1 100 1)
(121659 -67436 -116875 503 603 1)
(121663 55593.5 -137972 423 523 1)
(121664 24179.8 -23267.8 68 168 1)
(121665 108648 124596 96 196 3)
(121666 -62429.4 -73794.1 613 713 0)
(121669 123724 -88586.2 37 137 3)
(121671 -92450.8 -124865 213 313 1)
(121673 -92568.8 61118.9 431 531 3)
(121680 5146.26 45100.8 20 120 0)
(121694 14165 -10277.3 601 701 1)
(121705 -29099 -44407.2 203 303 1)
(121708 -64329.9 -62539.7 290 390 3)
(121710 -86281.7 -102662 131 231 3)
(121712 63454.2 -37402.1 217 317 0)
(121727 82571.7 102539 411 511 1)
(121732 41371.6 -81690.5 476 576 1)
(121753 -82417.8 -9145.26 114 214 1)
(121755 24265.9 -96768 584 684 1)
(121761 79662.6 25024.7 550 650 3)
(121767 -10085.2 86424.3 210 310 0)
(121774 48378.9 -19274.9 488 588 1)
(121783 80529.4 -41440.4 541 641 1)
(121792 73544.9 -34066.8 147 247 3)
(121796 -71251.3 -24295.8 211 311 1)
(121800 -57538.5 -2039.87 626 726 3)
(121812 64378.3 127606 127 227 3)
(121815 -40207.6 -11282.7 146 246 1)
(121817 -96500.6 66468.6 338 438 1)
(121847 -31067.7 -93694.8 67 167 0)
(121850 -106731 3890.64 579 679 1)
(121851 106803 -85731.3 550 650 1)
(121854 -85542.2 -9209.66 503 603 0)
(121856 21037.5 -18182.2 353 453 1)
(121860 -105684 76302.4 482 582 0)
(121868 99489.4 -76625.4 3 103 0)
(121870 17175.2 -123897 358 458 1)
(121874 -1947.05 -27244.4 327 427 1)
(121877 -2726.17 120946 273 373 3)
(121887 -46180.4 57234.5 397 497 1)
(121902 -79356.7 29064.5 3 103 0)
(121906 116791 -51427 104 204 1)
(121909 63485.8 -145146 236 336 0)
(121917 -39175.3 102710 628 728 1)
(121919 3238.45 -3120.75 463 563 0)
(121920 14148.4 -90653.7 109 209 3)
(121930 52352.5 -65516.2 154 254 3)
(121941 58509.3 112698 593 693 1)
(121942 6087.43 -22268.3 368 468 1)
(121949 2052.7 -135943 278 378 1)
(121951 -98602.1 -90762.9 512 612 3)
(121957 -6985.81 -148895 3 103 1)
(121962 -4949.87 16981 247 347 3)
(121964 -68390.5 21027.3 404 504 0)
(121966 118740 53204.1 314 414 1)
(121974 -103551 -42464.7 84 184 3)
(121978 -45458.8 41154.3 424 524 0)
(121996 -18097.7 -6139.71 299 399 1)
(121999 -120674 56235.6 4 104 0)
