(129004 -59303.2 -34202.6 149 249 1)
(129016 81560.9 -56434.6 212 312 1)
(129018 -2935.97 -52427.2 211 311 1)
(129027 123862 72354.9 395 495 1)
(129028 -63353.9 -69591.1 360 460 1)
(129038 -114689 -59520 434 534 1)
(129072 49401.4 20029.6 38 138 0)
(129074 -35193.6 -109732 275 375 3)
(129077 74388.8 134637 217 317 1)
(129082 -81349 19953.1 262 362 0)
(129083 -9979.75 -127967 382 482 1)
(129085 11039.5 -142867 52 152 0)
(129087 121942 -134092 547 647 1)
(129089 -65382.3 -34192.9 169 269 0)
(129093 50438.3 -106855 380 480 0)
(129110 40365.1 -141062 397 497 1)
(129116 65449 6919.94 199 299 1)
(129119 -70137.1 103257 274 374 1)
(129123 -3942.2 4900.59 189 289 1)
(129134 91695.2 -112871 4 104 1)
(129138 78216.3 90611.3 252 352 1)
(129155 -88469 127599 161 261 1)
(129159 -11993.4 29177.9 616 716 1)
(129164 85682 100279 117 217 3)
(129165 -68453.4 132721 298 398 3)
(129169 91610.1 -125788 129 229 0)
(129170 7141.9 -129159 601 701 3)
(129177 78405 14010.1 399 499 0)
(129179 -103558 -74476.8 29 129 1)
(129184 47410.2 1890.69 606 706 1)
(129189 77567.4 -144074 518 618 0)
(129193 43492.7 -140090 255 355 0)
(129208 111901 82398.8 444 544 1)
(129209 44377.4 -86662.8 221 321 1)
(129214 20227.4 16984.1 370 470 1)
(129216 -11045.5 -3143.89 256 356 1)
(129217 -89511.6 -82530.7 69 169 1)
(129226 -83527.2 -7183.01 508 608 1)
(129230 -84500.4 81417.1 295 395 1)
(129251 113729 -96742.2 248 348 3)
(129254 -59312.8 -109795 317 417 1)
(129257 -28174.2 93360.5 349 449 0)
(129260 78514.6 60278.3 244 344 1)
(129264 -27187.8 -54475.6 267 367 1)
(129265 19212.8 -140111 298 398 1)
(129272 58327.8 117493 283 383 3)
(129273 -601.878 -140338 141 241 1)
(129276 62408.1 -9166.76 186 286 1)
(129278 35284.1 -100706 165 265 0)
(129295 -42227.2 -70641.9 619 719 3)
(129300 -107610 -15227.6 301 401 1)
(129306 65446.1 63328.1 186 286 1)
(129324 -33146.6 71305.1 179 279 3)
(129329 111847 -129678 181 281 1)
(129345 77786.6 -90795.8 365 465 1)
(129350 96692.7 -43437.5 495 595 3)
(129360 112721 1763.73 57 157 0)
(129369 -7040.87 -111838 202 302 0)
(129370 -98635.8 -56547 606 706 1)
(129374 9093.04 -28351.8 111 211 3)
(129376 72462 105498 179 279 1)
(129377 100864 -8190.11 336 436 1)
(129379 -103565 -54451.6 252 352 1)
(129381 -107592 -87616.4 327 427 1)
(129390 23138.7 5875.32 122 222 1)
(129391 118716 45136.8 131 231 1)
(129392 -32171 2970.44 508 608 0)
(129394 -74362.5 -32316.2 164 264 3)
(129403 -60255.9 -68451.6 32 132 3)
(129406 39282 98539.2 234 334 0)
(129414 34915.1 -35066.4 183 283 1)
(129415 64440.1 -117830 252 352 1)
(129416 -33055.6 21070 603 703 1)
(129419 17196 -66604.4 526 626 3)
(129420 41469.3 112598 276 376 3)
(129430 64463.1 -7226.95 197 297 1)
(129440 21186 137707 69 169 1)
(129453 69340.7 40148.5 198 298 0)
(129456 -117775 -90720.1 564 664 0)
(129457 8067.01 5049.48 340 440 0)
(129458 61493 -109885 538 638 3)
(129462 10314.5 -136995 564 664 1)
(129463 -114661 112537 283 383 1)
(129468 -50214.4 90428 235 335 3)
(129473 -93659.7 -42399.2 423 523 1)
(129474 43389.7 -125088 487 587 1)
(129475 -60367.5 115610 187 287 0)
(129485 -49220.6 -11205.8 296 396 3)
(129491 -51258.6 19095.8 231 331 1)
(129493 -108582 19963.6 242 342 3)
(129496 -21150.3 -122625 36 136 1)
(129503 106399 67650.2 376 476 0)
(129506 -89355.5 20978.8 463 563 3)
(129509 89554 -59441.5 333 433 1)
(129510 -16241.3 134942 252 352 1)
(129514 90533.7 -22288.2 2 102 1)
(129515 1077.23 59226.7 100 200 1)
(129518 -69434.7 112662 555 655 1)
(129519 -115569 34131.6 500 600 1)
(129520 7906.4 -102867 127 227 1)
(129522 -48736.9 115084 520 620 1)
(129523 -27060.2 74281.6 168 268 0)
(129525 115622 -21381.9 446 546 1)
(129536 -38100.4 -131878 142 242 3)
(129541 -18018.1 -117759 22 122 3)
(129544 -55359.5 -140101 600 700 3)
(129551 -48912.5 124458 143 243 1)
(129560 -76471.8 75498.2 430 530 0)
(129567 -1953.83 -104809 363 463 3)
(129568 14190.5 -71687.2 599 699 1)
(129577 5075.59 -1142.49 287 387 1)
(129581 117812 -4353.76 506 606 1)
(129589 35251 -123840 84 184 3)
(129599 -36147.7 -4161 128 228 1)
(129602 -57297.5 137762 220 320 3)
(129607 -14044.8 -100655 68 168 3)
(129608 -96632.3 -146150 429 529 1)
(129623 -41992.8 45077.1 237 337 3)
(129628 39332.7 11913.6 562 662 3)
(129629 59.9047 -16238.1 402 502 3)
(129635 66399.4 148679 1 98 3)
(129642 106650 -104734 344 444 1)
(129643 37306 23030.5 481 581 1)
(129644 -98561 -17221.5 325 425 3)
(129672 65441.2 -142944 209 309 1)
(129673 -53310.8 103609 284 384 0)
(129674 84610.6 -38381.1 400 500 3)
(129684 -22059.9 -106962 370 470 1)
(129686 65697.5 -63476.7 541 641 3)
(129689 -20048.5 -141995 144 244 1)
(129691 -53186.1 -66558.1 280 380 1)
(129699 32186.1 -147953 34 134 3)
(129704 -50251.1 -35339.4 20 120 1)
(129737 84584.9 -139000 379 479 3)
(129741 71472.6 60114.8 13 113 0)
(129744 57401.6 -43581.1 31 131 1)
(129745 -10033.4 50174 620 720 1)
(129747 79415.1 65234.2 1 97 0)
(129749 -47372.3 67354.1 623 723 1)
(129754 -44307.9 -51324.1 203 303 1)
(129762 -96598.3 -116942 508 608 3)
(129764 12154.8 -60545.5 469 569 1)
(129774 113760 1885.05 281 381 0)
(129777 24330.3 15113 286 386 0)
(129778 36972.7 -52091.9 346 446 1)
(129779 -99593.7 -31303.1 179 279 0)
(129781 62451.5 -8210.63 440 540 1)
(129782 116909 -59597.8 615 715 0)
(129787 16192.6 87495.2 610 710 1)
(129790 114686 77251.9 41 141 0)
(129794 -88557.4 37966.9 572 672 1)
(129805 -65362.5 -63520.5 374 474 1)
(129806 -10074.8 98598 496 596 1)
(129809 80778.6 -147136 524 624 -1)
(129827 36048.6 -58665.9 322 422 1)
(129833 45383.9 -49254.1 570 670 1)
(129845 106584 10741.9 271 371 1)
(129855 27216 -18159.6 234 334 0)
(129856 7127.78 -110896 466 566 1)
(129864 -61378.7 -69640.5 459 559 1)
(129866 74544.5 112584 450 550 0)
(129874 106753 48163.6 464 564 1)
(129878 -36122.2 -45403.9 146 246 0)
(129884 60494 45174 321 421 1)
(129895 83633.9 1848.78 166 266 0)
(129898 94631.2 103504 194 294 1)
(129902 94242 93427.1 498 598 1)
(129904 -113710 84451.7 388 488 3)
(129907 52465.9 -77138.7 212 312 0)
(129916 -67272.9 -136927 61 161 1)
(129931 32299.7 44253.2 473 573 1)
(129932 30226.1 -36314.4 73 173 1)
(129934 -62311.8 -64414.3 82 182 3)
(129937 -48202 86465.8 187 287 3)
(129939 -14046.6 2882.3 215 315 1)
(129956 -53342.1 -44270.5 606 706 1)
(129959 -28117.4 -18255 328 428 3)
(129963 30451.9 21052.6 112 212 1)
(129965 -58262.4 -125823 52 152 1)
(129967 -82392 -90372.4 177 277 3)
(129968 -121005 128905 534 634 1)
(129981 61368.4 -145918 41 141 3)
(129999 -99649.5 39090.1 522 622 3)
