(3007 -13956.2 23112.4 220 320 1)
(3009 99704.6 5949.01 513 613 0)
(3031 -91352.8 -27302.1 101 201 1)
(3038 -66528 4918.13 455 555 3)
(3040 52387.4 -112804 1 99 1)
(3044 95632.5 -148157 457 557 1)
(3048 -56327.5 104368 119 219 1)
(3051 89780.3 12886.5 617 717 1)
(3056 16186.4 88440.8 51 151 3)
(3058 -3973.21 -79650.4 362 462 1)
(3068 -4975.7 -135035 469 569 1)
(3071 -41223.1 82358.8 144 244 1)
(3073 28200.2 38099.3 344 444 1)
(3074 -10967.8 75328.6 114 214 0)
(3075 -100567 9750.4 329 429 1)
(3080 -21262.7 -33326.4 425 525 0)
(3084 71520.4 -52477.8 456 556 1)
(3090 -89526.4 -33426.9 308 408 1)
(3100 72494.8 -108967 460 560 1)
(3102 87551.7 -126708 45 145 1)
(3121 -25835 -23342.9 228 328 1)
(3128 21132.1 65401.2 44 144 3)
(3132 -122805 -52511.6 626 726 1)
(3140 -90530 37104.1 325 425 1)
(3145 113803 -34445.6 154 254 1)
(3146 -998.561 64208.1 103 203 1)
(3147 60392.3 132590 135 235 3)
(3148 -75089.2 111498 397 497 1)
(3151 -79536.2 -64433.8 434 534 1)
(3153 21203.2 -99614.9 328 428 3)
(3162 66500.6 26132.5 471 571 0)
(3166 124927 123775 575 675 1)
(3168 -116612 -146020 421 521 3)
(3169 -20076 -26253.2 65 165 1)
(3170 56278.7 -105894 533 633 1)
(3197 -62410.8 -61574.2 549 649 1)
(3201 -122028 72238.2 610 710 3)
(3213 -90613.2 24012.7 607 707 1)
(3215 -33132.6 -27221.9 443 543 0)
(3221 62371.7 35145.6 19 119 0)
(3225 3902.15 -29188.6 147 247 0)
(3228 90836.3 37199.7 568 668 1)
(3230 -97794.4 -66413.3 498 598 3)
(3241 -48244.5 32079.9 372 472 1)
(3242 -68252.5 -33312.7 153 253 1)
(3245 3064.59 -16208 355 455 0)
(3255 -107430 -63938 535 635 1)
(3257 -67282.1 36208.1 101 201 3)
(3267 63383.3 -37289.6 170 270 1)
(3280 84562 -109765 410 510 3)
(3283 8049.12 -131071 309 409 1)
(3289 -124061 19821.8 604 704 1)
(3290 18191.1 -38425.1 543 643 3)
(3295 100547 -32222.7 1 96 0)
(3298 93676.4 42156.6 299 399 1)
(3305 43315 -35321.9 360 460 0)
(3312 41313.2 22956.6 338 438 1)
(3315 -116644 -119884 129 229 0)
(3317 97578.9 89369 38 138 1)
(3319 -10028.2 114478 291 391 1)
(3326 58386 94445.2 199 299 3)
(3327 -26111.1 -16219.7 288 388 3)
(3331 2969.8 -32382.3 512 612 1)
(3353 24239.1 104530 534 634 3)
(3354 -88652.7 -11154.5 304 404 0)
(3370 115560 50444.8 510 610 1)
(3372 -9048.41 53165.6 593 693 1)
(3377 -77298.4 -77526.4 118 218 1)
(3380 3162.61 -18453.1 430 530 3)
(3384 -95519.3 96576.7 496 596 0)
(3387 -7977.56 -144885 64 164 3)
(3402 -123782 -46307.9 205 305 1)
(3407 84587.1 -44350.1 196 296 1)
(3410 113854 108752 594 694 0)
(3412 75434.7 -130837 48 148 1)
(3413 -54262.8 81412.3 226 326 1)
(3415 67424.9 -34215.7 85 185 1)
(3421 75477.3 -117830 197 297 1)
(3424 -13045.8 148824 338 438 1)
(3426 103625 -124772 4 104 3)
(3428 -115731 -28365.3 195 295 1)
(3436 46278.5 -51419.5 105 205 1)
(3440 104415 -139041 137 237 1)
(3450 37353 -67509.3 466 566 0)
(3455 -45227 -6136.03 273 373 1)
(3469 -83415.2 -62486.1 107 207 1)
(3471 -24120.1 -21258.6 589 689 3)
(3474 -115733 62282.6 517 617 1)
(3477 -12103.8 -60488.8 502 602 3)
(3491 -70404.5 60315.9 398 498 1)
(3499 42106.7 119840 228 328 0)
(3507 68543.8 -112023 540 640 1)
(3509 -6093.82 -90489.5 72 172 1)
(3513 -55256.1 138679 25 125 3)
(3522 74712.8 59356.2 629 729 1)
(3523 -40146.1 -57445.1 188 288 1)
(3526 -80513.5 -25281.3 605 705 1)
(3530 -82434.1 -30389.6 555 655 1)
(3531 62530.7 39050.1 139 239 0)
(3532 -97519.4 -123890 223 323 1)
(3540 -93495.9 -23283.1 1 94 1)
(3541 -14070.1 -4156.26 294 394 3)
(3545 -73278 89526.3 128 228 3)
(3546 -4926.69 21688.9 88 188 0)
(3548 -10978.8 -54459.4 113 213 3)
(3550 93634.1 -18279.5 297 397 3)
(3554 64511.2 -146177 506 606 1)
(3560 -32961.9 91611.8 120 220 3)
(3563 99751.7 103609 559 659 1)
(3567 103641 -100720 29 129 1)
(3583 103574 -96624.1 1 98 1)
(3587 -40067.3 -35223.2 16 116 3)
(3594 64381.4 112500 129 229 1)
(3600 -70325.2 25023.5 1 93 1)
(3611 50407 -16209.6 171 271 3)
(3620 -58354.6 35109 621 721 3)
(3623 -22077.6 46136.6 347 447 1)
(3632 -2899.45 -95647.1 382 482 1)
(3633 97023.9 20926.6 512 612 1)
(3639 -34177.3 -48503.9 288 388 1)
(3641 121764 -77652.6 234 334 0)
(3652 90524.7 -59456.8 144 244 1)
(3654 122770 76336.9 132 232 0)
(3655 -29048.7 -84702.7 290 390 1)
(3660 -16038.1 129600 98 198 1)
(3664 -94513.2 46151.9 275 375 3)
(3668 -55272.9 48056 214 314 3)
(3672 38330.7 -125833 43 143 3)
(3673 -32136.1 -14237.7 384 484 0)
(3676 -51953.8 -103461 148 248 1)
(3682 90568.4 81326.1 16 116 1)
(3683 46303.4 -137959 146 246 3)
(3688 116812 52179.4 353 453 1)
(3689 -18081.8 -64507.2 193 293 1)
(3700 -114437 -49542.9 378 478 3)
(3701 -29115.9 117555 166 266 1)
(3703 -98542.3 -120936 414 514 3)
(3704 79559.4 -110006 428 528 3)
(3721 -48216.2 -55443.2 94 194 3)
(3723 -90522.5 -65570.2 398 498 1)
(3736 -30112.9 27036.2 134 234 1)
(3740 -7982.82 30962.5 447 547 1)
(3742 -14241 -88593.1 254 354 3)
(3745 85528 -104683 110 210 1)
(3748 83666.7 -148149 621 721 1)
(3751 18178.9 4890.07 269 369 1)
(3752 -29231.1 -10296.3 446 546 1)
(3757 40411.9 37222.1 474 574 1)
(3759 -46216.7 -142049 402 502 3)
(3760 -39201.8 122713 536 636 1)
(3768 -88703.2 -137126 472 572 0)
(3773 102608 56196.1 67 167 1)
(3813 -74384.6 119780 519 619 1)
(3828 -78439.2 -52431.4 75 175 1)
(3830 -28137.8 11948.5 573 673 1)
(3834 106077 -66699 514 614 1)
(3837 -33280.2 59431.3 173 273 1)
(3838 -56271.2 36085.9 146 246 3)
(3843 -47273.4 -81633.6 405 505 1)
(3858 18189.8 -169.585 358 458 0)
(3860 -102659 144898 565 665 1)
(3866 15209.1 -19251.4 439 539 1)
(3874 35351.9 89515.2 619 719 1)
(3878 37303.1 -80767 544 644 1)
(3880 -88538.6 -72627.1 521 621 1)
(3883 -66336.3 15002 98 198 3)
(3889 31397.2 -106843 550 650 1)
(3892 31425.4 -33387.3 394 494 3)
(3894 97727.1 89448.4 357 457 1)
(3895 59425.8 -46375.7 16 116 3)
(3911 59260.8 56160.7 124 224 3)
(3913 7880.75 29134.9 162 262 1)
(3914 -82539.8 -112073 621 721 1)
(3922 -51226.6 110604 303 403 3)
(3928 -58219.6 32229.1 569 669 1)
(3929 71545.3 941.909 316 416 1)
(3932 109780 -78742.8 545 645 0)
(3943 95375.6 -44615 98 198 3)
(3946 -77424.4 46126.8 261 361 3)
(3953 -30967.7 25174.4 4 104 1)
(3958 -78513.2 -126160 357 457 1)
(3974 9158.15 -15215.8 617 717 1)
(3975 67509.2 -141082 466 566 1)
(3976 -86563.4 -4180.15 454 554 0)
(3979 3071.94 43105.2 344 444 1)
(3980 34258.8 -60842.5 48 148 1)
(3983 -37203.4 -1210.14 150 250 1)
(3985 -51284.1 22013.1 408 508 0)
(3995 -28958.5 126726 243 343 3)
(3996 -29145.5 -77653.5 437 537 0)
