(86006 -94465.7 -71436.9 78 178 3)
(86014 74563.5 -75589.5 374 474 1)
(86021 80564.6 -95713.9 345 445 1)
(86024 54390.1 1906.97 230 330 1)
(86027 -42857.1 35126.7 219 319 0)
(86029 -2033.3 147688 18 118 1)
(86036 64311.3 7765.82 333 433 1)
(86037 5125.93 -124013 612 712 1)
(86053 96901.9 81600.3 590 690 1)
(86062 48328.5 -9175.64 173 273 1)
(86064 -3936.28 -61547 534 634 0)
(86065 -49398.3 -108797 485 585 1)
(86067 -98550.5 27039.8 381 481 1)
(86093 112910 100530 608 708 3)
(86096 -9966.87 -124835 176 276 1)
(86106 83598.7 147808 355 455 1)
(86107 -6643.83 -142112 212 312 1)
(86115 -58212.4 98443.4 233 333 3)
(86125 23209.7 -50431.2 463 563 1)
(86126 -119761 7354 240 340 1)
(86127 36335 -34308 138 238 1)
(86137 73517.1 -148044 308 408 0)
(86142 -65596.8 2052.81 457 557 3)
(86154 101680 -49353.9 217 317 1)
(86162 -91445.3 -121797 111 211 1)
(86163 -18033.1 -8133.73 1 97 1)
(86165 -55522.8 76410.4 51 151 3)
(86168 -31825.6 130809 364 464 1)
(86172 -66176.7 55349 93 193 1)
(86183 85665 -57387.3 1 94 0)
(86191 -106722 3883.49 601 701 1)
(86198 -11002.5 -65471.1 82 182 1)
(86202 -117613 145954 504 604 1)
(86205 33264.8 -72511.2 84 184 1)
(86207 93724 -135000 311 411 3)
(86222 16200.9 -149268 613 713 1)
(86223 -22022.2 -52397.7 211 311 1)
(86227 -92627 -10262.9 321 421 1)
(86229 41198.1 -6149.45 242 342 1)
(86235 19175.7 -45473.6 608 708 3)
(86243 77586.8 -55504 409 509 3)
(86245 -9972.54 44127.1 133 233 1)
(86247 23221.6 -128948 377 477 3)
(86250 -50159.8 -110645 81 181 1)
(86255 -98700.1 9824.39 586 686 1)
(86276 -25853 -46426.3 297 397 1)
(86280 -45151.2 -39306.7 1 96 1)
(86290 -72129.4 28858.7 76 176 1)
(86308 -73432.8 -44413 375 475 1)
(86310 15176.7 27170.3 118 218 1)
(86321 27286.5 35120.3 484 584 3)
(86343 37540.3 25778.8 250 350 1)
(86348 37357 -117831 135 235 1)
(86350 95725.2 -64634.7 435 535 0)
(86352 41301.6 -5169.83 365 465 1)
(86356 40333.3 114588 250 350 1)
(86362 -10030.9 128815 540 640 3)
(86372 -7803.12 102471 413 513 3)
(86380 49382.3 -87597.2 73 173 1)
(86393 -69424.9 75398 625 725 1)
(86395 -99622.6 80411.7 343 443 1)
(86396 -92022.4 -22303.4 377 477 3)
(86408 51406.6 40069.7 305 405 1)
(86430 13132 -7174.2 98 198 3)
(86431 -7797.43 -111810 343 443 1)
(86454 -86545.3 101531 457 557 1)
(86463 -36368 -3830.2 546 646 1)
(86468 -35182.7 87484.5 263 363 1)
(86470 75439.9 136707 86 186 1)
(86474 94640.8 87505.5 212 312 3)
(86476 22177.9 -60504 224 324 1)
(86478 3098.11 -98712.1 62 162 1)
(86496 31245.7 22021 412 512 0)
(86502 62489.7 60221.1 498 598 1)
(86505 77623.2 27127.3 502 602 0)
(86512 95701.1 -58543.5 236 336 1)
(86519 -91626.9 59263.3 563 663 3)
(86520 -48161.7 -39691.1 387 487 3)
(86525 15168.1 -13228.9 192 292 1)
(86530 -80530.8 -44517.5 628 728 1)
(86536 23220.2 65272.3 257 357 3)
(86549 6934.74 -57449.1 271 371 1)
(86552 20146.4 -80635.2 341 441 1)
(86556 -50234.9 140827 439 539 1)
(86558 -58318.7 27028.3 578 678 1)
(86562 -34079.7 36062.5 553 653 1)
(86571 50364.1 -90733.6 344 444 0)
(86585 66465.3 -1094.66 167 267 3)
(86588 -53292.2 94388.9 183 283 1)
(86589 -104414 143659 165 265 0)
(86592 -98614.3 95354.1 2 102 1)
(86598 96676.4 -53470.2 333 433 3)
(86608 -62323.4 142827 104 204 1)
(86616 -46308.8 125705 178 278 1)
(86619 -40181.7 121609 274 374 1)
(86642 37450.1 1877.08 234 334 0)
(86644 -46331.4 123840 528 628 1)
(86647 -53302.2 -143062 451 551 1)
(86648 28202.7 60195.7 306 406 3)
(86669 -95561.5 -91762.1 522 622 1)
(86686 -14104.8 -110973 608 708 0)
(86692 99703.2 -145052 343 443 1)
(86695 -115773 -40491.2 480 580 1)
(86700 20155.6 -133826 14 114 1)
(86709 -58348.5 84444.7 404 504 1)
(86717 -37154.4 -94610.9 12 112 3)
(86724 -41111 -54387.7 87 187 1)
(86727 33377.6 -90854.5 622 722 3)
(86733 94594 -117889 345 445 1)
(86739 -52313.2 -50497.7 619 719 1)
(86740 44295.4 -48387.6 118 218 -1)
(86745 -102638 -35409.1 480 580 1)
(86758 -26864.9 35161.6 622 722 3)
(86759 -106463 -140210 478 578 1)
(86760 -96608.2 -122893 343 443 1)
(86765 87725.3 143737 349 449 0)
(86768 -103486 4990.34 252 352 3)
(86769 45310 -69498.2 36 136 1)
(86802 -91432.8 -39521.6 34 134 0)
(86803 -76435.1 130771 477 577 1)
(86807 -55245.5 47132.5 83 183 3)
(86810 22251.5 -57557.2 537 637 1)
(86816 -99790.2 23060 306 406 1)
(86826 44450.1 -59545.1 543 643 3)
(86830 34390.9 29007.5 494 594 1)
(86836 2655.48 -8587.89 431 531 1)
(86840 -99535.5 39113.7 186 286 1)
(86849 -35295.8 12025.7 100 200 3)
(86857 60470.3 -46353.4 248 348 3)
(86859 38312.5 -66529.4 237 337 1)
(86861 18197.2 -124966 395 495 1)
(86870 -19116.7 23125.8 149 249 0)
(86876 69650.5 132905 585 685 -1)
(86878 -26212.5 12972.9 232 332 0)
(86880 46335.2 98465.2 165 265 1)
(86882 85718.5 49086.1 98 198 0)
(86885 36311.8 131672 320 420 3)
(86888 97929.8 89644.3 625 725 1)
(86892 -3953.46 47149.3 407 507 1)
(86894 64545.7 -40336.8 148 248 3)
(86895 -63316.9 -53397.1 112 212 1)
(86897 -113692 48415.2 466 566 1)
(86902 36234.8 -132811 10 110 1)
(86903 -3957.88 47165.9 21 121 3)
(86909 -3984.73 135647 589 689 3)
(86913 49407.5 -1106.3 625 725 0)
(86918 -31015.3 -93847.7 325 425 1)
(86924 -73468.9 9895.12 625 725 1)
(86926 35286.6 108632 536 636 0)
(86931 -24081.9 -19285.1 534 634 0)
(86946 -9023.41 -1107.1 219 319 1)
(86951 -115559 -31275.6 22 122 1)
(86952 21189.7 -46429.7 309 409 1)
(86956 -32414.8 -146133 379 479 1)
(86962 92703.8 40148.7 558 658 3)
(86964 -97612 -132015 471 571 3)
(86973 -25138.1 -132010 507 607 3)
(86983 -101664 52225.4 625 725 1)
