(17003 59503.7 -81788.5 430 530 1)
(17005 -44136.5 -115981 431 531 1)
(17028 80632.1 89484.7 564 664 1)
(17030 -38122.1 80378.6 286 386 0)
(17043 -108574 -35371.1 466 566 3)
(17046 15982.5 -46471.1 392 492 0)
(17048 15279.3 -2141.89 265 365 3)
(17052 -53260.7 -72581.2 308 408 1)
(17057 -79399.6 -113752 110 210 1)
(17061 -67396.8 108547 207 307 3)
(17079 74521.2 -138069 102 202 1)
(17087 -6047.03 64340.2 510 610 0)
(17098 -43173.2 -98923.8 627 727 1)
(17099 85607.3 39110.1 101 201 3)
(17102 -27450.8 95386.8 1 99 1)
(17112 8067.34 -91612.4 83 183 1)
(17115 58430.2 -78720.5 409 509 1)
(17117 33256.1 6935.66 55 155 1)
(17130 -95613.7 -84724.6 612 712 1)
(17131 -57242.4 -115880 416 516 1)
(17132 -3966.46 -2104.71 358 458 1)
(17137 24216.3 59250.5 308 408 3)
(17145 -42192.5 106530 455 555 3)
(17149 -22142.4 -41305.5 266 366 1)
(17155 -959.583 29015.9 57 157 0)
(17156 -71371.3 67269.6 268 368 1)
(17166 7235.2 -51427.9 23 123 1)
(17170 -34125.6 36098.5 543 643 1)
(17171 -58348.2 -75686.2 605 705 1)
(17172 54406.9 26030.5 493 593 1)
(17187 -100772 13896.2 508 608 1)
(17190 -30280.8 -28273.9 499 599 1)
(17194 -116550 -79540.5 13 113 1)
(17197 38327.2 -123801 41 141 1)
(17198 -68382.1 -139228 600 700 1)
(17211 49264.4 -84463.4 151 251 -1)
(17212 -104667 -67649 565 665 1)
(17214 -53364.1 5974.17 449 549 1)
(17228 -68350.4 -23259.2 77 177 3)
(17230 95610.7 -72525.5 189 289 1)
(17232 -8989.56 -32485.3 372 472 3)
(17234 -894.349 75400.3 548 648 1)
(17237 -15032.9 26040.7 381 481 1)
(17246 65398.5 -102678 58 158 1)
(17254 -74342 -1121.37 49 149 1)
(17262 -67801 -135181 588 688 3)
(17264 70493.5 60212.5 527 627 1)
(17270 -122946 -51546.2 405 505 1)
(17273 20345.8 -100906 598 698 0)
(17277 56358.3 116585 93 193 3)
(17281 119864 -100816 498 598 3)
(17292 36355.5 -116559 104 204 3)
(17296 -89503.1 42144 367 467 1)
(17302 67430.7 -27286.9 181 281 1)
(17314 19299.8 -29315.8 411 511 3)
(17320 120824 19675.3 366 466 3)
(17325 3105.99 39129.2 377 477 3)
(17326 101789 -50486.2 498 598 3)
(17335 -41247.3 -121765 122 222 1)
(17347 116819 78561.9 339 439 0)
(17352 77394.5 27094.5 104 204 1)
(17370 -114841 -58557 462 562 1)
(17371 20222.9 13001.6 564 664 0)
(17374 10219.9 -10086.4 629 729 1)
(17380 -54292.6 -53480.4 367 467 0)
(17381 -101575 -44533.8 394 494 1)
(17382 19298 -52384.6 410 510 0)
(17386 -56266.5 14017.6 208 308 3)
(17388 28167.9 -37317.4 288 388 1)
(17396 53339.6 -87648.5 190 290 1)
(17402 123967 96455.2 576 676 1)
(17405 -20991.6 -106011 316 416 0)
(17411 29344.6 -101755 159 259 3)
(17412 111704 -23183.2 1 95 0)
(17413 -98568 72420.9 537 637 3)
(17419 122840 -59525.9 358 458 3)
(17426 -83473.6 -24281.8 392 492 1)
(17427 -67336.2 -63472.1 65 165 0)
(17428 100318 -136149 299 399 1)
(17430 -84557.6 11755.4 227 327 3)
(17435 46578.8 60428.5 487 587 1)
(17437 81546.7 -40365.1 196 296 3)
(17439 -8904.37 9126.37 192 292 1)
(17442 12986.4 -89691 309 409 0)
(17443 -9944.56 -60.712 523 623 3)
(17444 -50232 -144906 37 137 3)
(17446 -81507.6 -83715.7 314 414 1)
(17447 -53215.1 -25264.6 213 313 1)
(17452 70.7171 97508.9 493 593 3)
(17463 65458 58249.6 251 351 1)
(17465 -81280.9 -12167.1 1 95 1)
(17467 85636.2 -52598.9 451 551 0)
(17473 51422.9 77415.6 427 527 3)
(17490 -26161.8 -95747.4 493 593 1)
(17492 -25122.8 -127027 611 711 1)
(17508 -20046 6927.86 305 405 3)
(17516 56342.3 -65588.6 229 329 1)
(17518 19180.3 110549 305 405 1)
(17528 -52239.6 -75557.3 315 415 1)
(17538 -110547 -72691.9 141 241 1)
(17545 -7015.13 -18279.7 579 679 1)
(17552 107769 23031.7 535 635 1)
(17553 91530.6 88293.4 129 229 1)
(17566 113865 -56513.3 543 643 0)
(17568 -27110 -34325.3 534 634 1)
(17588 17114.8 -87461.5 133 233 1)
(17590 84094.7 45095.5 534 634 1)
(17593 -62357 58260.8 405 505 3)
(17600 -6100.53 -72517.5 146 246 1)
(17612 36023.9 -115763 345 445 0)
(17639 89695.4 -24205.8 74 174 3)
(17641 68547.8 -120972 537 637 3)
(17645 -37176 -66596.1 304 404 1)
(17653 91647.7 -49356.3 293 393 1)
(17665 109755 -45372.7 244 344 1)
(17666 -40175.2 -89662.1 236 336 1)
(17672 -1943.67 126713 378 478 0)
(17678 97901.3 74692.1 18 118 3)
(17680 -111543 29033.4 2 102 1)
(17685 58509.8 47166 490 590 1)
(17698 34311.9 -47504.5 586 686 1)
(17707 -121758 29081.4 348 448 1)
(17712 -4409.38 -72670.3 589 689 3)
(17721 59340.8 -26505.2 551 651 3)
(17734 20191.9 21052.1 494 594 1)
(17740 -40211.7 -66559.1 382 482 3)
(17750 -26028.5 33046.5 2 102 1)
(17759 -32140.1 -95736.5 366 466 1)
(17762 -122765 -24245.5 38 138 1)
(17764 -13016.7 21000.5 526 626 1)
(17772 -29163 29045.1 157 257 0)
(17779 121006 -42504.8 548 648 1)
(17799 74536.3 -67528.8 428 528 1)
(17806 25217.8 -2087.71 8 108 1)
(17808 -18053.7 -76586.1 257 357 1)
(17824 34425 106549 525 625 3)
(17827 -113658 -19168.4 577 677 1)
(17835 69445.2 -4074 77 177 1)
(17837 76581.5 -77735.2 622 722 3)
(17839 -29089.4 -102676 219 319 3)
(17859 76420.7 88378.5 41 141 1)
(17863 -5975.29 22133.7 327 427 1)
(17864 -22082.4 106578 496 596 1)
(17866 103796 -94634.2 589 689 1)
(17869 91696 -49528.4 617 717 1)
(17872 -58307.3 -46405.2 164 264 1)
(17875 -38164.2 -77539.9 138 238 1)
(17880 9186.66 -12242.8 319 419 1)
(17882 -9701.48 -148022 298 398 3)
(17885 -43431.7 63460.1 600 700 1)
(17886 36134.9 -37319.5 244 344 0)
(17890 20100.8 14063.9 358 458 0)
(17894 -33210.5 -64549 388 488 3)
(17899 64407.1 65261.4 182 282 1)
(17910 -34134.4 -98641.9 42 142 1)
(17912 -56279.4 138697 99 199 1)
(17915 -9565.91 -19505.7 430 530 3)
(17921 102705 -9195.74 307 407 3)
(17923 -95489.2 71269.7 42 142 3)
(17925 43380.1 -35384.8 591 691 1)
(17931 112775 93500.3 308 408 1)
(17937 -26108.8 -108835 467 567 0)
(17949 -16382.8 7682.93 101 201 1)
(17954 61441.2 69520.5 167 267 1)
(17959 111738 116581 235 335 3)
(17960 53479.5 92498.4 269 369 1)
(17966 -58288.9 47108.1 91 191 1)
(17968 -14124 -124675 225 325 0)
(17975 -109717 66353.5 524 624 1)
(17981 -26001.8 -47405.5 549 649 1)
(17989 38210.3 -2136.92 99 199 1)
(17990 31293.4 -111702 256 356 1)
(17991 2061.52 -43384.4 239 339 3)
