(62003 -115664 -42564.2 518 618 1)
(62005 -9139.64 91676 617 717 1)
(62007 -54226.1 141874 381 481 1)
(62012 -37371.5 -123651 336 436 1)
(62013 13972.2 -65554.6 462 562 3)
(62016 -88485.5 38467.2 196 296 1)
(62019 71413.2 -90610.1 134 234 3)
(62020 84763.7 64531.9 136 236 3)
(62023 -52244.1 -40312.6 379 479 1)
(62024 -27098.2 -11353 36 136 0)
(62027 90599.6 58229.6 219 319 1)
(62032 -23123.1 39144.3 263 363 1)
(62040 -10061.7 -11272.4 601 701 1)
(62044 61540.3 123692 604 704 3)
(62046 73560.6 -27307.1 470 570 1)
(62051 -58288.4 106463 149 249 3)
(62062 99659.8 96449.5 196 296 3)
(62064 -17180.4 109781 410 510 1)
(62065 -6933.35 -65610 345 445 1)
(62066 59443.5 -98709.2 350 450 1)
(62071 -56277.1 51199.4 46 146 1)
(62072 -59274.9 -54484.7 353 453 1)
(62073 -121848 59284.8 456 556 0)
(62081 84541 -114809 151 251 1)
(62099 -101758 -40794.4 70 170 1)
(62112 -31188.7 30143.6 57 157 1)
(62117 6041.1 -16270.6 589 689 1)
(62130 -6986.15 -3131.94 426 526 1)
(62133 -64279.9 -61436.9 99 199 3)
(62137 -5948.46 -18242.7 324 424 1)
(62144 -5842.73 80411.6 180 280 1)
(62148 -66274.9 -21232.6 39 139 1)
(62151 -5960.04 4885.95 566 666 1)
(62162 -69539.2 -132911 255 355 1)
(62167 -46995.2 -30287.9 151 251 0)
(62182 29286.5 -43464.4 588 688 1)
(62183 -52120.1 -75486.4 317 417 1)
(62184 -87423.4 -26254.6 100 200 1)
(62192 -58222.7 43156.2 471 571 1)
(62193 32234.9 -95675.8 169 269 1)
(62207 68638.4 116657 560 660 1)
(62210 17220 -44459.7 520 620 3)
(62212 -43213 101528 376 476 3)
(62214 -87535.5 30062.6 576 676 1)
(62220 -945.89 -89641.9 95 195 1)
(62222 33233.8 -38297.1 330 430 0)
(62223 -77476.9 -117935 574 674 1)
(62226 111795 83669.4 469 569 1)
(62227 -92538.3 -72638.5 430 530 1)
(62230 -27134.8 52250.9 346 446 1)
(62238 -61452.7 7861.07 9 109 3)
(62264 88689.4 -95810.5 432 532 3)
(62266 -40184 -114775 81 181 3)
(62270 80450 5807.11 320 420 1)
(62281 47271.3 134731 211 311 3)
(62292 4109.98 3879.63 358 458 3)
(62307 65531 -22258.7 422 522 1)
(62308 -27024.7 61186.9 409 509 0)
(62309 -69430.2 -139102 543 643 1)
(62314 -40921.5 77194.9 218 318 1)
(62317 83601.1 81384.5 376 476 3)
(62322 -92821.7 -110831 268 368 1)
(62323 -60354.3 51186.9 272 372 1)
(62336 -86402.1 -136000 126 226 1)
(62337 81760.4 -111896 577 677 3)
(62344 70420.1 -121773 2 102 3)
(62346 77540.2 -43384.9 354 454 3)
(62347 -19120.2 -94791.4 216 316 0)
(62360 46321 119618 398 498 3)
(62367 61436.9 104636 550 650 3)
(62369 -41242.9 -124008 609 709 3)
(62370 -31072.4 26050.7 195 295 3)
(62375 -83379.5 -114751 80 180 3)
(62381 41329.3 -4165.37 363 463 1)
(62391 106906 109631 595 695 3)
(62397 -13034.7 -157.937 45 145 1)
(62401 13139.3 -80530.9 39 139 1)
(62407 -14041 45115.1 81 181 1)
(62409 63344.8 -51327.4 204 304 0)
(62411 111474 9887.83 57 157 1)
(62413 33309.8 27066.6 386 486 0)
(62415 -74348.5 17986.7 97 197 1)
(62416 -95488.4 37986.2 328 428 1)
(62418 87579.4 -11198.5 68 168 1)
(62424 71568.8 4863.33 552 652 3)
(62428 124911 -77713.2 319 419 3)
(62431 -66364.1 67311.4 392 492 1)
(62443 96511.5 128669 310 410 1)
(62449 25170.3 -69541.9 121 221 3)
(62460 -97484.8 61264.3 288 388 0)
(62474 -22121.5 81327.1 502 602 1)
(62479 100667 -76577.9 337 437 1)
(62486 -22123 42139.3 468 568 1)
(62492 -24103 13962.2 418 518 3)
(62495 25175.6 -84579.9 78 178 1)
(62501 89052.7 -132775 592 692 0)
(62505 54454.3 -116613 531 631 0)
(62510 22202.3 16933.1 504 604 1)
(62511 -93631.6 -45514.5 614 714 3)
(62518 -73458.5 -18299.2 375 475 1)
(62527 44342.5 -2149.76 553 653 1)
(62528 107978 -86782 535 635 1)
(62542 790.556 -67628.4 465 565 1)
(62544 -40192.6 -53457.4 305 405 0)
(62551 38250.6 -141959 176 276 0)
(62564 45396.4 145901 484 584 1)
(62567 46418.7 44246.4 402 502 1)
(62573 -84141.6 -120847 391 491 3)
(62581 3174.73 6952.05 186 286 1)
(62587 -59358.7 -34387.6 527 627 1)
(62598 -43252.3 117664 472 572 0)
(62601 43936.4 -97707.4 132 232 1)
(62608 -121725 -145872 140 240 1)
(62611 -79392.5 -133850 10 110 3)
(62618 -82406.5 -12183.8 97 197 1)
(62631 -50183.9 16043.4 557 657 3)
(62636 38273.7 -87549 4 104 1)
(62639 -47264.9 -16163 314 414 1)
(62655 -10024 104483 266 366 3)
(62662 -29133.8 22997.5 208 308 1)
(62670 80718.3 -147221 508 608 1)
(62672 23089.2 -69.268 21 121 0)
(62673 6198.53 -81588.5 303 403 1)
(62675 50329.3 -1241.06 103 203 0)
(62679 84553.5 -72555.5 192 292 0)
(62690 -114688 -18265.3 451 551 1)
(62698 -83611.6 -158.539 422 522 1)
(62704 54562.9 -21230 519 619 0)
(62711 -1831.36 118896 455 555 1)
(62712 89561.2 26045.4 75 175 3)
(62713 -14087.6 -66579.1 326 426 3)
(62717 -31095.5 -47365.3 29 129 1)
(62726 22230.5 -84734.3 570 670 1)
(62727 -72871.7 54174.1 161 261 1)
(62728 35313.1 -32327.7 242 342 1)
(62751 4077.63 -32274.4 167 267 0)
(62755 -37397.4 -34416.7 65 165 1)
(62757 -123809 37137.2 537 637 1)
(62760 55435.1 -78606.9 301 401 1)
(62761 -106543 -6245.84 40 140 1)
(62763 -54355.9 -39359.2 575 675 0)
(62785 60384.6 148722 116 216 1)
(62802 -110649 24016.7 423 523 1)
(62805 -96603.3 -29355.9 540 640 1)
(62813 -105027 61741.7 551 651 3)
(62817 -73415.2 62281.3 496 596 1)
(62821 6111.6 -90673 260 360 1)
(62826 -117742 -46453.4 505 605 1)
(62831 -32130.9 141689 110 210 3)
(62842 -110585 84424.4 305 405 3)
(62847 18230.7 76255.6 550 650 1)
(62850 62345.9 -127728 24 124 1)
(62855 26266.7 -79669 446 546 1)
(62856 -29131.9 -103856 548 648 3)
(62872 90546.9 -119038 501 601 1)
(62873 24034.1 -23210.1 462 562 1)
(62876 -17067.5 -63599.5 519 619 0)
(62880 -115685 -89718.7 371 471 1)
(62883 -108554 -143949 136 236 3)
(62888 15140.7 -74536 209 309 3)
(62889 83686 46275.5 502 602 1)
(62898 -46278.8 15279.7 385 485 1)
(62905 -23427.3 -132128 115 215 1)
(62909 90712.4 -105.015 625 725 3)
(62910 -3978.95 -144938 60 160 1)
(62915 -34150.3 -36351.2 196 296 0)
(62917 -48281.4 -61538.4 477 577 0)
(62918 68461.4 -45405.4 166 266 0)
(62936 -123656 -114711 1 97 3)
(62938 -112597 136734 1 96 1)
(62942 -107729 -68560.1 456 556 1)
(62951 11130.8 138755 402 502 3)
(62958 -84517.1 -100833 560 660 3)
(62961 101718 86224.4 39 139 1)
(62964 -13953.2 103479 257 357 3)
(62969 -56351.3 -28301.5 441 541 3)
(62971 -11013.4 108605 543 643 1)
(62976 10081.7 -67609 569 669 0)
(62980 -77402.2 -146946 10 110 3)
(62982 25183.4 20986 189 289 3)
(62989 36324.9 63279.4 460 560 1)
(62990 -49241.2 -123889 296 396 3)
(62997 78.8296 -125925 394 494 0)
