(55000 -81352.8 19043.7 92 192 3)
(55004 -20083.7 108586 552 652 1)
(55013 -52115.3 47314.1 1 93 0)
(55015 -969.952 69281.8 69 169 3)
(55025 -15035.3 102498 247 347 1)
(55026 -101659 1990.07 174 274 1)
(55027 59648.7 -54514.3 433 533 1)
(55036 18171.2 -16226.8 71 171 1)
(55039 62431.4 67287.4 179 279 3)
(55050 10171.4 -4147.38 583 683 3)
(55051 -71381.9 -33332.3 191 291 3)
(55058 18195.8 69328.4 399 499 1)
(55069 -43298.6 133687 305 405 -1)
(55081 -54263.4 31098.8 61 161 1)
(55087 118905 54134.4 464 564 1)
(55091 71460.9 36126.5 51 151 1)
(55102 27234.4 -90729.8 266 366 1)
(55104 100738 147895 435 535 1)
(55105 -59177.1 26920.6 122 222 1)
(55110 14264.6 50459.2 419 519 3)
(55119 -40108.5 -127902 297 397 0)
(55122 124825 -3085.89 13 113 1)
(55130 114656 -64471.5 40 140 1)
(55144 -80413 -72560.8 274 374 1)
(55158 71471.3 37178.3 209 309 0)
(55162 36216.6 96271.3 23 123 1)
(55163 -75400.1 -100719 91 191 0)
(55167 29219 -52384 102 202 1)
(55169 95741.5 -93483.5 132 232 3)
(55192 114835 -139128 535 635 1)
(55201 93599 14989.1 226 326 0)
(55211 -29166.5 -205.342 350 450 1)
(55221 111732 -133934 257 357 1)
(55223 -87496.2 -38319.1 83 183 1)
(55224 65511.9 -32374.9 586 686 1)
(55234 -106543 -24263.6 107 207 3)
(55255 -6013.43 -91726.5 278 378 1)
(55260 120973 52309.6 1 95 0)
(55261 -35263.2 37103.4 523 623 1)
(55267 54363.7 37089.1 143 243 1)
(55275 114820 123589 284 384 1)
(55281 -32029.4 -123213 385 485 3)
(55284 84613.9 7997.69 196 296 1)
(55291 -49290.3 -132099 531 631 3)
(55292 76535.1 -134078 506 606 1)
(55296 -8123.86 -138237 319 419 1)
(55300 -25096.5 -68580.1 287 387 1)
(55301 -52350.3 -100813 13 113 3)
(55303 -100518 -71643.1 185 285 3)
(55308 29107.3 51406.3 146 246 3)
(55315 -106690 -30306.6 462 562 3)
(55317 -25002.9 4010.21 226 326 0)
(55319 56413.3 -142037 417 517 3)
(55325 100792 -9339.6 367 467 1)
(55326 -114740 99542.7 455 555 1)
(55330 97151.8 52271.5 432 532 3)
(55332 57446.5 -49517.6 501 601 1)
(55340 -80367.3 -109789 139 239 1)
(55342 11129.9 3843.32 22 122 1)
(55351 -121674 28060.6 290 390 3)
(55362 -43138.9 -11188.8 388 488 0)
(55367 -85441.8 89405.5 248 348 1)
(55372 102697 124627 256 356 3)
(55376 16219.3 -130066 419 519 0)
(55377 36276.9 96523.8 442 542 3)
(55378 72575.5 -123027 556 656 1)
(55381 -87467.3 -12084.4 209 309 1)
(55384 -14164.8 -97697.7 224 324 0)
(55389 29233.4 -107783 238 338 1)
(55393 115852 -33381.3 482 582 1)
(55397 -34121.7 72283.3 211 311 1)
(55399 37352.9 -2911.01 213 313 1)
(55410 -105568 -12177.6 61 161 0)
(55416 -102603 -26562.8 488 588 0)
(55423 100672 125683 284 384 1)
(55426 94663.7 -117923 425 525 1)
(55429 -92500.9 -14221.1 305 405 3)
(55433 71520.3 41155.5 372 472 1)
(55437 -40037.8 75505.1 278 378 1)
(55439 -22081.4 -110824 303 403 1)
(55443 81488.3 -109737 115 215 1)
(55451 -38154.7 98417.5 107 207 3)
(55453 -42203 4889.36 285 385 1)
(55457 -71380.5 -15239.8 109 209 0)
(55463 33257.3 94461.5 213 313 1)
(55471 21259.1 54561.2 1 100 1)
(55472 -15034.6 -61477.5 205 305 1)
(55477 -31144 127591 39 139 0)
(55494 119947 120709 620 720 3)
(55502 73647.3 -33306.4 520 620 0)
(55503 -89550.1 -40427.1 553 653 1)
(55509 -41170.2 68329.5 369 469 3)
(55518 -104666 -57087.6 587 687 1)
(55523 78536.1 -94644.9 122 222 1)
(55530 88585.5 -52660 198 298 1)
(55545 -24119 -33458 575 675 1)
(55558 39283.9 5831.63 227 327 3)
(55566 -30237.6 136904 125 225 1)
(55573 -39201 -36277.6 392 492 1)
(55579 -36144.5 98439.3 122 222 1)
(55583 -22035.6 -143984 192 292 1)
(55595 -53239.1 -84578.2 68 168 1)
(55596 -46094.3 -59560.8 454 554 0)
(55598 29200.1 -35333.4 191 291 1)
(55608 -18909.7 94342.8 252 352 3)
(55611 -14033 83356.5 52 152 1)
(55616 52433.9 71347.2 478 578 1)
(55620 95693.7 -124992 437 537 3)
(55622 67.144 105472 115 215 1)
(55626 -35205.7 -28259 166 266 3)
(55632 -45195.1 70305.7 235 335 1)
(55638 -8977.75 69283.8 152 252 1)
(55639 106836 110654 585 685 1)
(55645 104552 25067.1 12 112 3)
(55648 -29933.6 -55494.4 33 133 1)
(55651 -104432 -51585 446 546 3)
(55663 69490.8 -59560.2 279 379 1)
(55671 112837 -80582 288 388 3)
(55672 -8010.84 -96750.4 405 505 3)
(55685 -29071.2 -80636.2 59 159 3)
(55691 -13034.1 -93711 141 241 1)
(55695 85746.4 8922.24 353 453 1)
(55696 27248.3 121665 418 518 1)
(55699 73481.7 143707 182 282 3)
(55700 -38203.9 44339.7 435 535 1)
(55703 -87481.2 -93656.8 158 258 3)
(55716 62457.8 52200.3 322 422 0)
(55728 -43083.1 70362.4 404 504 1)
(55731 -103598 -145907 75 175 1)
(55740 15196.3 -107780 216 316 3)
(55743 39127 -44913.5 1 95 1)
(55751 -77688.9 -43323 498 598 3)
(55756 85696.2 105627 428 528 3)
(55759 59505.9 35085.6 619 719 0)
(55764 -16035.1 -96779.2 65 165 1)
(55765 16324.6 -133700 270 370 1)
(55789 -972.268 -113817 558 658 3)
(55798 15187.8 -39486.9 428 528 1)
(55801 67512.7 -50500.5 471 571 1)
(55806 43355.2 1893.13 462 562 3)
(55808 -112715 22929.3 9 109 1)
(55814 -41211.9 -36361.4 366 466 0)
(55817 95597.6 676.713 239 339 3)
(55818 89617.4 145770 329 429 3)
(55825 49348.9 34124.1 10 110 3)
(55830 -111558 -79540 49 149 1)
(55831 100523 -123153 549 649 1)
(55834 -49272.6 1826.25 533 633 1)
(55836 22288 120857 510 610 1)
(55841 -61261.8 -72536.2 171 271 1)
(55844 -100514 -123760 34 134 1)
(55845 -25812.5 -23195.9 92 192 1)
(55849 65418.1 99461.3 86 186 1)
(55871 -76689.3 10876.1 489 589 0)
(55889 47379 55270.1 249 349 1)
(55897 37502.4 -94511.7 240 340 0)
(55899 46246.6 -34286.6 317 417 1)
(55903 22195.1 -77639.4 265 365 1)
(55908 27233.1 72313.5 31 131 1)
(55917 89788 -75654.5 487 587 1)
(55919 -52573.8 -4197.39 262 362 3)
(55924 36359.5 -72218.5 76 176 0)
(55938 79540.8 -83655.6 223 323 1)
(55941 -69534.5 -145157 438 538 1)
(55955 45379.7 -16199 222 322 1)
(55960 19159.5 -86751.9 528 628 1)
(55963 58354.1 99448.2 58 158 1)
(55968 19049 130639 123 223 1)
(55972 53401.3 -61526.1 290 390 1)
(55975 40292.6 38101 303 403 3)
(55984 99601.2 -118765 21 121 1)
(55988 2083.03 -51481 521 621 1)
(55989 13152.2 -53443.4 385 485 1)
(55993 -116678 -125981 428 528 0)
(55997 18135 -47459 481 581 0)
