(127003 110721 5936.09 89 189 3)
(127018 70619.6 -22230 571 671 3)
(127023 -4962.68 -34376.3 519 619 3)
(127025 -53447.1 -84540.4 81 181 1)
(127028 -6940.01 -43560.3 527 627 3)
(127032 -123707 21004.6 366 466 3)
(127034 75593.1 -116956 559 659 3)
(127039 80621.1 144840 517 617 1)
(127045 -44161.4 15995.9 230 330 3)
(127051 44374.3 64328.5 559 659 1)
(127054 20219.1 -146956 249 349 1)
(127056 23190 124674 521 621 1)
(127057 19155 -83612.2 356 456 3)
(127059 -13934 -81651.8 344 444 1)
(127066 16223.7 -62577.9 164 264 1)
(127067 54390.1 -146913 84 184 1)
(127082 -83643.3 -4108.24 582 682 0)
(127085 -100609 6924.48 455 555 1)
(127098 97511.1 -67464.9 147 247 1)
(127101 62474.7 -50461.2 362 462 1)
(127104 -103699 129885 586 686 3)
(127105 100825 -295.952 624 724 1)
(127108 -21137.5 -137071 479 579 3)
(127124 -123771 91484.3 412 512 1)
(127137 67523.2 24015.3 482 582 1)
(127140 23252 -16242.4 252 352 1)
(127141 62436.4 31111.7 225 325 1)
(127146 -88488.3 -29341.5 476 576 0)
(127147 94721.6 -125133 593 693 3)
(127149 14084.6 -101654 262 362 3)
(127150 -77492.6 -6141.21 30 130 1)
(127153 -109697 105619 573 673 1)
(127156 36262.7 101478 140 240 0)
(127175 30248.5 7974.5 6 106 1)
(127182 -104536 66263.4 135 235 1)
(127188 68447.4 -69600.1 186 286 0)
(127192 14109.5 -35254.7 28 128 1)
(127203 27167.3 -77616.4 1 98 1)
(127210 103736 -57521.8 432 532 1)
(127213 120937 -78553.4 557 657 1)
(127220 11218.5 -67646.9 559 659 1)
(127230 -58458.5 115461 187 287 3)
(127232 44323.1 79355.2 158 258 1)
(127234 -82618.7 126668 130 230 1)
(127239 -37132 26073.1 37 137 1)
(127245 -54235.1 95396.8 80 180 3)
(127260 76403.2 -92510.1 136 236 1)
(127265 -40251.6 6672.48 24 124 1)
(127270 44360.8 -27318.7 516 616 0)
(127271 76243.1 53241.1 2 102 1)
(127274 7113.37 -86686.4 361 461 1)
(127281 -14016 2889.78 610 710 0)
(127284 -5989.23 6919.6 270 370 3)
(127286 40405.5 -104928 323 423 1)
(127291 33542.1 97530 506 606 0)
(127302 36288.3 -140978 239 339 1)
(127308 53416.5 92506.6 246 346 1)
(127309 -70330.5 85356.2 80 180 1)
(127318 83.341 -109792 295 395 1)
(127334 -34326.7 -40055.3 108 208 3)
(127339 -24170.1 -10144.8 209 309 1)
(127342 -30122.8 -12195.9 305 405 1)
(127346 -83421.2 -113795 175 275 1)
(127349 -20096.5 -54430.6 510 610 1)
(127352 62426.6 -89744.1 331 431 1)
(127359 35293.3 -52515.7 520 620 3)
(127366 120745 -68517.6 147 247 1)
(127373 -11009.4 -35345.7 265 365 1)
(127379 -92589.5 -119988 529 629 1)
(127389 -93455.1 86404.6 299 399 3)
(127390 -46243.8 116549 148 248 1)
(127392 -31147 130657 358 458 1)
(127400 18220.1 -10228.8 574 674 1)
(127409 -49252.9 -68504.4 426 526 1)
(127417 67418.7 -29295.3 34 134 3)
(127427 -12080.4 -144140 569 669 1)
(127428 52416.9 -131208 463 563 1)
(127430 -122530 -55670.9 3 103 1)
(127431 -9813.19 51041.3 424 524 3)
(127437 117753 -48435.9 164 264 1)
(127439 70581.9 46166.9 600 700 1)
(127443 52462.5 -117791 436 536 1)
(127447 -7076.6 -64607.2 413 513 1)
(127455 47334 38293.7 388 488 3)
(127462 82718.7 -34296.5 324 424 3)
(127467 30254.6 -95877.9 511 611 1)
(127471 -35138.5 -56464.3 151 251 0)
(127474 17212 38250.7 447 547 3)
(127476 -24391.7 135959 243 343 1)
(127496 14134 -20247.3 142 242 1)
(127501 4113.23 -54551.7 338 438 1)
(127503 -1046.87 86299.8 123 223 1)
(127509 -110528 61212.5 102 202 0)
(127524 -57329.9 -111880 398 498 3)
(127528 106540 -72476.4 92 192 0)
(127539 38368 84517.6 534 634 1)
(127540 29199.5 -109713 290 390 1)
(127557 37238.8 -55445.5 2 102 3)
(127558 -96569.9 3917.29 122 222 3)
(127564 -29182.5 -49386.3 224 324 3)
(127565 35128.1 -141161 484 584 3)
(127577 77474.8 -97650.7 7 107 3)
(127579 107738 -131017 514 614 1)
(127585 55369.9 -93821.3 229 329 1)
(127590 93727 41723.2 516 616 1)
(127601 5080.02 -70469.1 44 144 1)
(127606 -34279.7 -12534 237 337 1)
(127607 74341 105326 346 446 1)
(127611 38255.6 -51443.3 177 277 1)
(127614 37446.8 -84576.2 311 411 1)
(127624 -21050.2 34004.6 1 97 0)
(127635 -10003.7 -64603.3 561 661 1)
(127636 -41172.1 -79587.4 180 280 1)
(127642 72321.3 141289 305 405 1)
(127647 -17049.5 -38367.5 343 443 1)
(127656 -99487.9 -116804 243 343 0)
(127674 94517.1 -111036 585 685 1)
(127679 -3940.65 72437.3 543 643 1)
(127681 44280.4 -48462.6 298 398 0)
(127684 36443.2 -59477.4 70 170 1)
(127692 14022.8 15803.6 218 318 1)
(127696 98684.1 -16228 337 437 3)
(127699 15197 -136405 342 442 0)
(127704 -32107.2 -59433.4 41 141 1)
(127708 -113582 -93667.6 200 300 0)
(127714 100598 -133879 168 268 3)
(127716 37971.4 -113814 502 602 3)
(127728 -18051.3 -42452.1 521 621 1)
(127729 18129.8 98364.8 105 205 3)
(127733 59426.7 -71576.9 432 532 1)
(127745 21128.7 1730.64 592 692 0)
(127747 -890.449 -83595.5 21 121 1)
(127750 -26095.9 -123806 127 227 1)
(127753 95.9472 14025.7 197 297 3)
(127761 90530.3 72264.4 19 119 1)
(127763 67476.5 -141842 146 246 1)
(127765 24193.7 8915.26 327 427 1)
(127768 -76419.8 -139020 312 412 1)
(127771 -1927.95 -134979 396 496 0)
(127772 -69275.5 -99932.8 364 464 1)
(127784 -3828.75 -116830 530 630 3)
(127788 -67388.3 -109876 548 648 1)
(127790 23240.1 -134096 456 556 1)
(127798 8100.78 62351.1 325 425 3)
(127802 10096.8 -39323.5 14 114 3)
(127804 -94732.2 68499.7 423 523 3)
(127807 -2050.2 47949.8 532 632 1)
(127811 2130.82 -102691 13 113 3)
(127824 -28093.3 21006.5 30 130 1)
(127827 19070.7 130684 266 366 0)
(127828 -23123.8 18947.3 361 461 1)
(127832 23173.9 6882.52 113 213 0)
(127834 -1999.72 -87838.8 500 600 0)
(127841 -20092.3 -8102.82 286 386 1)
(127842 -69327.9 81342.9 120 220 1)
(127848 -45317.2 148782 480 580 3)
(127853 -33088.3 -46534.6 320 420 1)
(127857 -15231.6 79493.1 510 610 3)
(127860 17268.3 69451.4 21 121 3)
(127862 122791 20959.6 220 320 1)
(127864 84676.7 -137134 596 696 1)
(127865 -82410.5 35171.8 238 338 3)
(127866 12069.1 -142944 31 131 3)
(127870 -57322.6 7894.12 82 182 1)
(127871 60385.5 75327.9 204 304 1)
(127873 -121778 -5177.14 570 670 1)
(127878 -64323.8 -147043 318 418 1)
(127885 30225.3 -53376 40 140 1)
(127891 -65342.3 11976 89 189 1)
(127892 -3059.67 125700 1 99 0)
(127894 32256.7 57195.6 45 145 1)
(127904 -123571 91432.9 118 218 1)
(127906 28309.5 -70100 620 720 1)
(127916 -124712 -113599 3 103 1)
(127923 -10913.4 69383.6 130 230 1)
(127925 103655 -45291.8 109 209 0)
(127933 114869 -141108 546 646 1)
(127939 -67359.9 20967.5 309 409 1)
(127941 -78370.9 91408.2 62 162 3)
(127943 117624 -85575.4 12 112 1)
(127944 -14018.8 -18160 168 268 1)
(127949 -9980.35 -118868 308 408 1)
(127954 118764 -136902 194 294 3)
(127955 -68345.3 -42388.1 436 536 3)
(127962 -98705 95401.8 135 235 1)
(127968 45311.7 146700 70 170 1)
(127984 -4024.5 -27195 63 163 1)
(127989 42324.7 -121053 512 612 1)
(127990 27260.1 -19211.9 316 416 0)
(127991 43277.3 -10104.5 121 221 1)
(127998 43321 -20283.7 217 317 1)
