(47005 -8919.49 -75600.8 247 347 0)
(47007 95964.4 22121.3 269 369 3)
(47044 33185.8 -37300.9 311 411 3)
(47046 33306.8 -30134.6 231 331 3)
(47052 -86421.8 59213.6 98 198 0)
(47057 -120604 87341.1 133 233 1)
(47061 85576.3 54199.8 226 326 3)
(47064 18210.4 -103708 91 191 3)
(47066 -42199.3 -29390 441 541 3)
(47071 75568.1 -105724 241 341 1)
(47073 -77453.5 33096.6 598 698 1)
(47075 2933.31 65194.2 149 249 0)
(47094 30238.8 -87640.6 142 242 3)
(47098 -1816.71 -71571.8 155 255 1)
(47100 -90568.6 -107853 555 655 0)
(47101 52462.2 -129081 540 640 0)
(47121 -4935.57 -17225.9 403 503 3)
(47122 -59436.7 -13202.3 421 521 1)
(47125 42342.7 21045.3 558 658 0)
(47138 -15048.4 79396.7 167 267 0)
(47140 9106.26 -111873 327 427 3)
(47146 -71373.4 27009.7 197 297 0)
(47149 111666 -22329.6 45 145 1)
(47157 -71398.3 -61539 250 350 1)
(47167 13141.7 19994 303 403 3)
(47176 75610.4 -86739.4 414 514 0)
(47195 -123830 62331.4 458 558 3)
(47202 -101532 25062.5 28 128 1)
(47211 94587.5 -79716.6 136 236 3)
(47212 -11001.7 -108899 537 637 1)
(47214 -45200.2 124770 138 238 3)
(47217 -57399.9 -58832.9 585 685 3)
(47225 -103571 -133885 146 246 1)
(47227 -22098.9 -30283.8 176 276 1)
(47234 -52289 -50494.1 487 587 0)
(47235 66478.2 93446.1 264 364 -1)
(47237 64518.7 -90667.1 318 418 1)
(47243 -15923.1 71265.5 352 452 1)
(47263 56801.5 -129141 584 684 1)
(47278 -27041 28077.9 172 272 3)
(47298 -108631 13938.6 352 452 1)
(47304 -78555.4 82284.8 257 357 3)
(47310 3779.32 94620.7 276 376 1)
(47311 54381.2 38105.9 158 258 1)
(47315 -21061 -92663.3 169 269 0)
(47332 -27124.9 -47411.5 381 481 1)
(47334 -97637.8 103709 547 647 1)
(47340 18154.7 -80543.2 175 275 1)
(47347 -18031.2 -98841.2 550 650 0)
(47349 1076.53 -73571.4 231 331 1)
(47355 54190.7 46296.9 134 234 1)
(47359 -12059.7 36095.9 231 331 1)
(47364 -31090.8 -145944 81 181 3)
(47366 -78580.4 88511.3 537 637 3)
(47369 -67327 -96745.1 306 406 1)
(47370 8163.45 -77586.6 423 523 0)
(47377 11134.3 2897.23 277 377 3)
(47391 32225.8 95539.9 95 195 0)
(47392 49478.5 140911 494 594 1)
(47394 91498.9 41229.5 70 170 1)
(47396 -19037.8 46123 532 632 3)
(47413 50685.9 -85750.6 123 223 3)
(47417 -88694.8 44104.1 330 430 0)
(47429 85400.3 -60506 170 270 3)
(47437 -100609 118640 206 306 1)
(47449 29259.5 -33347.8 310 410 1)
(47450 8156.31 -39302.3 542 642 3)
(47451 -79450.7 17975.1 374 474 1)
(47452 -97645.3 -104858 561 661 1)
(47454 -115757 -4149.45 553 653 0)
(47455 38409.4 148867 320 420 1)
(47459 14163.1 -89756.1 564 664 0)
(47467 109768 -79629.1 355 455 3)
(47475 -12052.6 20995 626 726 1)
(47482 58443.5 -5219.58 369 469 1)
(47484 -42215.1 -112812 273 373 1)
(47486 58438.8 -89725.2 354 454 0)
(47489 101724 -138997 338 438 1)
(47493 -48206.2 -54473.1 518 618 3)
(47498 -77433 -52469.3 374 474 1)
(47502 -52245.7 -115867 360 460 1)
(47503 76614.1 30068.9 295 395 0)
(47506 48590.7 -33347.2 493 593 0)
(47515 1086.35 -30358.3 530 630 3)
(47524 -72379.7 110706 396 496 1)
(47549 -114690 6871.98 268 368 0)
(47557 4120.59 -122876 296 396 0)
(47561 -24100.6 52189.9 272 372 1)
(47562 68471.7 -18306.1 178 278 1)
(47565 -46726.2 -91697.2 32 132 1)
(47569 -104610 33088.1 383 483 3)
(47575 32537.4 -66479.7 272 372 1)
(47582 -67387.7 -137134 594 694 1)
(47583 -7102.89 -12923.3 601 701 1)
(47587 -40240.5 -42379.8 324 424 0)
(47591 71423.7 129613 93 193 3)
(47593 73627.4 121546 359 459 1)
(47602 -65645.4 -28121.3 601 701 1)
(47604 -81740.8 15840.1 600 700 1)
(47611 -82397.9 -3207.97 436 536 1)
(47613 31239 -12218.5 274 374 1)
(47619 60427.3 64233.6 97 197 3)
(47632 30202.5 15957.1 111 211 1)
(47640 68524.8 -241.151 469 569 -1)
(47641 -110490 -117708 49 149 1)
(47653 20171.8 46305.7 402 502 1)
(47658 -28148.4 -12190.6 18 118 3)
(47676 -5898.75 -74458.4 31 131 0)
(47678 -72426.4 86340.1 290 390 1)
(47679 59426 85402.2 65 165 1)
(47682 -38275.5 -15150.5 521 621 0)
(47699 7109.96 -29312 320 420 0)
(47702 -85425.6 45131.5 121 221 1)
(47709 17181.6 88430.9 352 452 1)
(47719 -45181.3 41238.2 455 555 1)
(47722 69601.9 31068.3 425 525 3)
(47730 -71356.9 122682 212 312 1)
(47735 99518 131588 25 125 3)
(47746 64541.9 54001.3 133 233 1)
(47759 33242 97424.3 91 191 0)
(47772 42282.2 9933.09 32 132 1)
(47783 -83336.8 -80589 124 224 3)
(47802 -9004.97 -6170.73 203 303 0)
(47803 10127.4 -24279.1 298 398 1)
(47814 92179.5 -60433.9 142 242 1)
(47816 96082.2 -106696 604 704 1)
(47817 67516.2 -120892 322 422 1)
(47822 -70468.7 16999.6 619 719 3)
(47828 -75464.8 -19253.4 451 551 3)
(47833 -38173.1 -80598.7 215 315 1)
(47839 67539.3 821.295 511 611 3)
(47840 -45166.6 -122907 130 230 1)
(47841 -59327.6 -63554 429 529 1)
(47851 13178.9 21101.4 99 199 0)
(47857 -97641 -149118 440 540 1)
(47862 84494.7 -113849 236 336 1)
(47865 -51250.5 -85775.5 355 455 0)
(47881 90554 -118838 222 322 0)
(47886 13935.1 67424.8 5 105 1)
(47892 -66373.8 136686 372 472 1)
(47898 -51214.9 118795 520 620 1)
(47901 41387 -20309.7 567 667 3)
(47912 -21086.9 -36350.7 213 313 1)
(47917 -37262.5 -49526 600 700 3)
(47923 34288.5 142738 217 317 3)
(47926 96791.9 -123981 462 562 1)
(47938 -4187.8 -76434.4 46 146 1)
(47948 -19977.8 -6071.26 229 329 1)
(47949 -20025.7 -59425.8 234 334 0)
(47963 -78416.8 -24294.7 362 462 0)
(47976 -966.428 -38304.4 51 151 1)
(47979 100799 -63561 520 620 3)
(47980 46345.2 -1101.5 261 361 1)
(47984 -101793 59327 209 309 1)
(47985 12038 98684.2 476 576 3)
(47986 -51215.8 79331.8 604 704 1)
(47991 -67325.6 -4165.73 75 175 3)
(47999 -55309.2 -149215 523 623 3)
