(49000 -109624 105537 386 486 3)
(49010 117015 -144059 625 725 3)
(49014 -14889.7 -20491.3 207 307 3)
(49016 14179.9 -1133.43 356 456 0)
(49017 -97563.7 -27315.3 597 697 0)
(49018 31350 -12403.6 16 116 1)
(49028 -104493 46086.1 176 276 0)
(49043 -120860 21880 381 481 3)
(49046 -24089.3 21921.2 73 173 1)
(49059 49317.2 -73507.1 14 114 1)
(49064 -51337.1 -32310.4 17 117 1)
(49066 -91538.7 -81740 550 650 0)
(49075 -75355.1 23028.8 104 204 3)
(49083 -15008 -95789.4 482 582 1)
(49087 -101856 -31131.4 559 659 1)
(49088 -3915.72 -28127.8 129 229 1)
(49089 116818 64288.5 382 482 3)
(49102 -79573.7 -59549.2 347 447 0)
(49110 -7927.88 -103785 96 196 1)
(49111 -43400.2 -47743.9 471 571 0)
(49113 115640 -60381.1 92 192 1)
(49121 44216.2 -148004 235 335 1)
(49139 115771 -40368.9 313 413 1)
(49145 -8998.39 -39393.3 155 255 0)
(49148 56388.4 140693 86 186 1)
(49152 45286 -19215.8 540 640 1)
(49154 -36383.2 -56581.4 254 354 3)
(49164 -9909.6 30101.1 186 286 1)
(49171 89641.7 -109830 235 335 3)
(49172 -28075.5 -87610 15 115 1)
(49181 -15061.4 -61416.7 139 239 1)
(49185 93963.2 83387 109 209 1)
(49189 46370.5 -66462.4 337 437 3)
(49193 54363.2 -76469.4 230 330 0)
(49196 -24088.1 -3184.5 549 649 1)
(49207 34308 77362 408 508 1)
(49214 -70606.8 35127 627 727 1)
(49221 -101510 -94681.7 67 167 0)
(49230 106877 22051.7 476 576 0)
(49231 -88512.4 24211 401 501 3)
(49233 60488 69334.1 578 678 3)
(49238 -81480.4 -64527.8 565 665 3)
(49244 47418.2 -54487.2 453 553 3)
(49251 -21144 146981 503 603 3)
(49257 -33226.5 139156 596 696 1)
(49260 -22939.4 -98344.9 23 123 1)
(49266 -120760 13926.3 354 454 3)
(49269 -50312.3 -110925 560 660 1)
(49273 -35054.9 -126747 157 257 3)
(49275 -47313.7 -74745.7 584 684 3)
(49278 -23077.3 -36378.5 576 676 0)
(49296 -67292.2 3938.6 172 272 1)
(49301 -106678 -70636.8 557 657 1)
(49308 -14028.6 130766 571 671 1)
(49309 114887 108692 471 571 1)
(49310 -49519.1 29405.3 582 682 1)
(49325 73700.8 72311.3 573 673 3)
(49326 -45209.1 71395.5 512 612 3)
(49331 -14910.2 49365.9 491 591 3)
(49339 -31054.9 -35335.9 242 342 3)
(49366 -52234.6 51149.3 1 98 1)
(49369 -37209.3 -135109 475 575 1)
(49372 -85415.1 -116717 1 101 0)
(49374 113897 -79713.3 614 714 1)
(49377 79452.5 -57462.6 117 217 1)
(49382 106226 -106807 592 692 3)
(49383 116748 -58483.1 233 333 1)
(49386 67451.6 -22250.3 185 285 0)
(49391 -24122.8 136779 522 622 1)
(49392 -32139.4 -129844 62 162 1)
(49396 80533.1 -87631.3 202 302 1)
(49397 -94552.4 -127988 517 617 1)
(49410 92575.1 -145991 257 357 0)
(49421 -8977.66 126675 248 348 1)
(49424 59642.1 -93769.9 4 104 0)
(49431 83610.7 7919.05 452 552 0)
(49433 22095.3 21068 255 355 1)
(49435 -50254.2 7908.39 601 701 1)
(49440 -3919.71 133685 269 369 1)
(49449 9153.59 32106.5 266 366 1)
(49455 112734 -5539.67 280 380 3)
(49460 -24077.8 -47339.8 486 586 1)
(49463 -115558 -66464.9 2 102 1)
(49469 17163.2 72359.3 555 655 3)
(49480 30260.1 144869 505 605 0)
(49484 -68427.3 6942.36 386 486 1)
(49490 -10971.4 -128976 396 496 1)
(49491 26223.6 23016.1 275 375 1)
(49497 -51399.9 45326.3 581 681 1)
(49507 72684.7 138914 593 693 1)
(49508 -28179.3 -19223.2 44 144 3)
(49511 95659.6 -36945.3 135 235 1)
(49512 43306.3 -37326.1 26 126 3)
(49517 40474.8 -60454 559 659 0)
(49523 8171.9 -79538.4 515 615 1)
(49528 71413.5 9063.02 51 151 1)
(49533 15999.1 93541 361 461 0)
(49534 -78440.5 -98728.4 313 413 1)
(49538 98848.2 100570 555 655 1)
(49545 78665.7 26067.5 140 240 0)
(49553 -2961.72 58206.1 166 266 3)
(49558 107722 -79586.3 342 442 1)
(49561 -85598.4 105586 622 722 3)
(49563 34608.9 126751 152 252 1)
(49564 -108568 -122860 162 262 3)
(49566 65224 68431.4 1 101 1)
(49583 -122596 -27269.4 62 162 1)
(49593 6126.52 -133857 72 172 1)
(49594 25276.1 -98686.1 142 242 1)
(49612 51379.4 -8282.18 247 347 0)
(49615 -114828 -105635 388 488 1)
(49631 -2955.22 145766 55 155 1)
(49632 82706.7 132752 540 640 1)
(49640 -18039.1 125737 619 719 3)
(49641 42326.2 52333.7 477 577 0)
(49652 -85513.1 -35514.9 36 136 1)
(49655 -102605 -25315.9 423 523 3)
(49663 -10004.3 -105759 302 402 1)
(49665 -120744 124708 384 484 1)
(49677 -16032.7 42120.9 80 180 1)
(49682 67606.3 121608 594 694 1)
(49685 -3871.68 111433 163 263 0)
(49688 -101624 114630 434 534 1)
(49690 12106.6 -93649.8 81 181 1)
(49691 113857 74543.8 596 696 0)
(49699 92732.3 -28349.1 607 707 3)
(49704 -42217.8 98427.4 116 216 3)
(49707 98607.1 109485 61 161 0)
(49709 -76374 -12297.2 444 544 1)
(49710 1263.07 21021 560 660 1)
(49714 48398.2 -58516.4 443 543 1)
(49715 104676 -128886 278 378 1)
(49717 120890 82343.7 311 411 1)
(49725 14148.2 14943.9 102 202 1)
(49728 6054.38 59283.1 378 478 3)
(49731 -104736 73455.5 619 719 3)
(49737 -19813.3 -126745 343 443 3)
(49749 55492.5 112751 553 653 1)
(49753 -57267.7 -8197.75 363 463 1)
(49754 2145.22 -32206.1 88 188 0)
(49756 60514.4 63281.4 578 678 1)
(49758 110905 3873.64 520 620 1)
(49760 114981 90497.7 327 427 1)
(49770 93760.5 16939.9 532 632 1)
(49780 -83482.2 -144110 509 609 3)
(49787 -110562 -129861 121 221 3)
(49789 251.649 143625 90 190 1)
(49792 -98497 -13227.2 237 337 1)
(49796 60533.2 104651 611 711 1)
(49801 77651.8 83439.5 563 663 1)
(49802 -31055.5 -63437.8 378 478 1)
(49810 -117703 125688 376 476 3)
(49835 -27164 141670 106 206 0)
(49836 -104597 43142.4 377 477 1)
(49845 -59232.5 -68447 1 100 0)
(49846 23299 -124910 241 341 1)
(49856 -13031.8 41249.9 52 152 1)
(49858 -97609 57233.3 436 536 0)
(49873 -58239.4 -30521.1 261 361 0)
(49874 53372.8 -53444 263 363 0)
(49878 -87453.6 45116.9 172 272 0)
(49882 112457 -57508.5 38 138 3)
(49889 -69266.2 132531 42 142 3)
(49894 84578.1 75295.1 189 289 1)
(49895 -93414.7 -55451.3 154 254 0)
(49902 -84690.8 -30416.9 611 711 1)
(49906 -35126.4 -149922 59 159 1)
(49908 -120663 106491 221 321 1)
(49909 -79375.6 -149914 73 173 1)
(49912 -101520 52170 140 240 3)
(49919 121596 -105745 11 111 3)
(49921 -65323.5 -68544.9 232 332 1)
(49925 -39335.7 -8179.53 340 440 1)
(49936 3155.85 -145903 161 261 3)
(49945 -75349.4 60233.2 158 258 1)
(49954 -32152.2 -82739.6 513 613 3)
(49956 88794.1 -129039 554 654 1)
(49961 124051 78303.7 442 542 0)
(49962 -67316.6 -107823 478 578 1)
(49966 -119657 116565 367 467 0)
(49968 101690 74200.6 197 297 1)
(49972 110639 -27217 100 200 1)
(49974 79549.2 -78594 251 351 1)
(49992 -44022.3 19945.1 620 720 1)
