(70001 -53344.3 8880.01 482 582 1)
(70007 24286.8 -4153.26 573 673 1)
(70009 -93531.8 145804 238 338 3)
(70010 -59336.5 52198.9 322 422 1)
(70012 86576.2 30070.8 253 353 1)
(70015 78504.6 -111734 165 265 3)
(70016 -79449.4 -61558.1 434 534 3)
(70017 -82155.7 -91831.8 333 433 1)
(70019 47340.9 -145024 469 569 1)
(70021 -72450 87461.6 585 685 1)
(70022 74590.7 -53416.9 368 468 1)
(70024 -86342 -34310.2 229 329 0)
(70026 32352.5 16780.7 275 375 1)
(70040 58389.6 93508.2 137 237 1)
(70046 -20939.2 137039 433 533 3)
(70053 -23089.1 -79602 325 425 1)
(70055 -4820.92 136111 551 651 3)
(70058 42347.3 4103.18 1 94 1)
(70079 93678.3 -62537.7 436 536 1)
(70092 53531.9 -63553.3 621 721 0)
(70095 1234.19 -37637.4 604 704 1)
(70102 -62255.7 -129803 1 98 1)
(70105 -44178.9 1877.84 37 137 1)
(70107 35323.6 90498 550 650 1)
(70109 -38978.3 28125.3 507 607 0)
(70121 -60297.7 -76495.5 135 235 1)
(70132 -86419.7 -135901 133 233 1)
(70138 -60342.1 18132.7 567 667 1)
(70141 -70424.1 33039 485 585 1)
(70145 45330.4 -33339.6 539 639 1)
(70147 81616.7 35103.8 460 560 1)
(70148 -62399.4 -35475.8 592 692 1)
(70159 49340.5 128585 60 160 1)
(70163 -39219.4 83431.7 369 469 1)
(70165 -58922.8 -42533.3 419 519 1)
(70175 55394.7 -41388.1 160 260 1)
(70176 91545.1 -24258.2 82 182 1)
(70178 -64371.8 -96717.3 268 368 0)
(70179 56368.3 40100.6 113 213 3)
(70180 90554.3 -107722 5 105 1)
(70181 77494.1 -59469.3 158 258 0)
(70190 -92667.1 -123772 153 253 0)
(70193 -76366.1 -2052.36 148 248 1)
(70198 117756 -119823 160 260 1)
(70204 -116816 108303 381 481 1)
(70205 -11685.8 76589.6 129 229 3)
(70207 117923 10162 111 211 1)
(70224 68445.5 -15536.1 455 555 1)
(70234 -42231.8 9973.75 428 528 3)
(70235 -6953.73 4976.77 295 395 1)
(70244 112828 -134040 460 560 1)
(70249 95606.4 -76682.6 524 624 1)
(70252 35290 -20289.2 482 582 3)
(70253 101600 131730 222 322 3)
(70260 -90437.9 27084.7 143 243 1)
(70261 79917 2677.65 498 598 1)
(70264 89580.8 -35298 308 408 1)
(70288 11153.8 24122.4 251 351 1)
(70292 54382.4 -84700.8 329 429 1)
(70293 -19012.4 -61516.8 253 353 0)
(70296 19600.2 -74507.3 145 245 1)
(70297 -33197.4 -91585.2 183 283 0)
(70310 -87347.9 -134915 70 170 3)
(70311 81598.4 -118902 403 503 1)
(70325 -118617 -53519.1 343 443 3)
(70328 -107520 -16250.6 121 221 1)
(70334 -99623.9 -111877 323 423 1)
(70337 60495.5 66182.8 435 535 3)
(70340 -17055.1 -23307.5 611 711 1)
(70345 -74396.7 48263.2 535 635 0)
(70352 -25018.7 -87204.8 306 406 3)
(70356 -21184.5 850.01 201 301 3)
(70360 -63243.5 -60404.9 4 104 1)
(70364 49551.7 68572.9 254 354 1)
(70367 66559.7 105580 531 631 1)
(70387 -91781 -92693.2 310 410 3)
(70390 -78626.1 91720.3 469 569 0)
(70393 -70416.9 116692 258 358 1)
(70398 57248.7 21007.1 369 469 0)
(70403 15009.2 -136423 98 198 3)
(70404 -106569 122303 82 182 1)
(70406 -110682 -40316.6 229 329 1)
(70407 -98599.6 -143063 322 422 1)
(70413 -106563 86423.3 249 349 3)
(70417 16181 -56365.5 539 639 1)
(70426 19201.6 -85652.3 374 474 1)
(70434 9132.77 -58487.1 255 355 1)
(70436 -64298.8 126601 69 169 0)
(70438 -5969.23 -98798.6 469 569 0)
(70447 -87637.5 121924 485 585 3)
(70452 99756.8 -39424 298 398 0)
(70455 100640 106483 116 216 3)
(70489 -88381.5 -103817 355 455 0)
(70503 101708 99494.7 406 506 1)
(70511 62578.3 -129148 427 527 0)
(70513 -92727.4 99362.9 628 728 3)
(70514 -95569.6 -135807 426 526 1)
(70519 26295.8 -130087 589 689 1)
(70521 -55236.4 -121897 183 283 0)
(70522 -47205.5 -36352.4 172 272 1)
(70532 -63343.1 40127.3 185 285 3)
(70535 67416.3 96414.5 15 115 1)
(70538 63590.6 -54541.3 113 213 3)
(70539 97.7756 122711 556 656 0)
(70542 -60365.8 -2167.69 482 582 1)
(70554 -103632 -65395 215 315 1)
(70555 93571 35071.4 63 163 3)
(70564 -57244.6 -19302 248 348 0)
(70568 -60279 -136885 81 181 3)
(70574 -116737 77375.3 386 486 1)
(70585 102620 94385.8 89 189 3)
(70593 -18069.1 -46377.4 40 140 0)
(70598 -114244 -47624 282 382 1)
(70632 -41184.2 -101683 29 129 1)
(70638 92600.6 110587 162 262 0)
(70641 43361.3 42137.2 392 492 1)
(70646 13141.5 39150.2 419 519 1)
(70647 -87565.8 64582.3 585 685 3)
(70653 -31044.3 -149029 4 104 1)
(70667 97585.2 102428 15 115 1)
(70670 -118740 34983.2 132 232 0)
(70678 64399.4 23185.9 301 401 1)
(70681 -108594 -30276.3 585 685 3)
(70691 59319.8 55079.8 323 423 1)
(70693 -64312 -63490.6 135 235 1)
(70694 52370 -42333 48 148 1)
(70705 66735.7 -33418.7 553 653 0)
(70713 45426.4 -12148.4 410 510 1)
(70728 697.885 -83979 326 426 1)
(70735 -10964.3 26971 85 185 1)
(70737 -47198.5 -30337.4 66 166 0)
(70743 16213 -36295 217 317 3)
(70744 -58240.5 -13198.3 360 460 3)
(70746 -979.56 -129887 343 443 1)
(70750 63512.9 37098.7 534 634 1)
(70751 -107432 -11345 437 537 1)
(70754 120895 -140994 515 615 1)
(70755 -14029.8 27083 41 141 1)
(70766 -107655 74270.5 3 103 1)
(70768 -3159.15 -141370 541 641 0)
(70772 117885 56392.1 624 724 1)
(70778 -123648 -70665.5 303 403 1)
(70780 -122616 90376.4 96 196 1)
(70782 7097.24 109581 181 281 1)
(70785 -35165.2 98504.9 424 524 3)
(70786 1067.08 -36397.6 604 704 1)
(70793 37307.4 -37409.9 407 507 0)
(70798 33535.7 -11263.6 592 692 3)
(70800 -3906.42 111619 524 624 0)
(70801 72332.3 -130240 159 259 1)
(70806 -29056 4869.25 511 611 0)
(70826 -32193.6 -8269.03 524 624 0)
(70833 -19162.1 146876 5 105 1)
(70836 53877.1 45085.8 278 378 1)
(70838 -12099.5 108507 168 268 3)
(70846 64462.2 -51413.6 155 255 3)
(70847 66446.3 22046.6 377 477 3)
(70849 -116503 54186 6 106 0)
(70850 -28207.7 -36648.6 374 474 1)
(70857 89525.9 -83519 28 128 3)
(70859 45363.1 -119939 524 624 0)
(70861 -25176 119839 542 642 0)
(70865 -121902 41996.9 9 109 1)
(70869 -123682 -148915 209 309 1)
(70873 75528.6 -46421.6 365 465 1)
(70880 -24108 -125939 351 451 3)
(70888 47277.7 76536.9 117 217 3)
(70892 67435.1 -97692.8 189 289 1)
(70893 -57288.6 -29357.2 464 564 1)
(70895 101724 -5178.55 559 659 0)
(70902 26247.6 -90717.8 387 487 3)
(70904 68.4226 97525.3 537 637 1)
(70908 -88555 -11196.3 475 575 0)
(70920 22178.3 17983.2 207 307 3)
(70921 -11985.5 -125822 120 220 1)
(70922 -51158.9 -120959 22 122 1)
(70927 -62446.5 -65519.3 574 674 0)
(70937 74658.1 63277.9 498 598 1)
(70942 68491.4 -72626.3 392 492 1)
(70957 62873.6 29291 624 724 3)
(70965 18191.7 -130029 504 604 1)
(70969 -25079.4 26035.6 585 685 0)
(70971 -26086.3 -63506.1 247 347 1)
(70974 49377.7 47124.1 563 663 1)
(70984 -109572 -116759 104 204 0)
(70994 -18119.6 -109728 158 258 0)
(70998 -1114.89 -118056 449 549 1)
