(98009 -23082.5 -108809 178 278 3)
(98012 -81523.3 72363.9 220 320 1)
(98015 74562.8 -54474.3 325 425 1)
(98016 70500.5 11911.9 392 492 3)
(98022 62671.3 -71637.3 362 462 0)
(98026 82040.7 -88688.5 198 298 1)
(98027 -82464 104358 488 588 3)
(98032 45370.5 -38369.9 325 425 3)
(98051 -78403.9 -18429 217 317 1)
(98054 -107556 -61438.2 334 434 0)
(98060 -28053.8 -54436.2 117 217 3)
(98073 47392.2 81420.7 567 667 1)
(98074 -9888.93 29072.5 605 705 1)
(98080 -62303.3 -59538.6 536 636 1)
(98083 -102655 -60568 593 693 3)
(98090 -38975.5 67466.5 372 472 1)
(98098 -86536.3 -46470.5 515 615 1)
(98100 -32133.6 91599.6 407 507 1)
(98105 53351.2 -18227.4 321 421 1)
(98113 -53259.2 -144.936 498 598 3)
(98114 -63273.6 58323.2 270 370 0)
(98124 82693 57343.2 563 663 1)
(98137 10095.4 -80598.9 153 253 1)
(98139 -41091.9 -139014 111 211 1)
(98153 -100594 -39377 312 412 3)
(98159 -115583 -39363.8 7 107 1)
(98161 66526.5 3869.36 541 641 1)
(98169 -16108.7 23124.6 1 99 1)
(98170 -36186.9 -32364.5 430 530 3)
(98171 13187.4 -17026.3 82 182 3)
(98176 119962 62346.2 534 634 3)
(98177 -108592 136633 60 160 0)
(98188 36288 109697 591 691 1)
(98200 62618.3 124841 172 272 1)
(98210 102696 21993.9 229 329 0)
(98214 -73308.6 27066.9 17 117 1)
(98215 -62269.4 48197.8 134 234 1)
(98237 -49262.8 -66572.1 517 617 3)
(98239 44354.9 36076.7 288 388 1)
(98240 -61265.3 109177 3 103 1)
(98241 112712 -60636.5 420 520 1)
(98242 -76354.9 -43434.4 283 383 0)
(98261 25163.9 52188.6 31 131 1)
(98271 -85516 -82754.9 470 570 3)
(98287 85626.5 124528 100 200 1)
(98292 82381.3 106545 72 172 1)
(98302 13007.6 13978.3 289 389 1)
(98309 -20117.4 -4180.79 56 156 3)
(98310 99809.6 46139.6 297 397 1)
(98316 -83403 -83786.4 209 309 3)
(98319 -60287 -130918 239 339 1)
(98323 -7709.01 -139421 562 662 0)
(98325 -101514 -49391.7 31 131 1)
(98341 4323.22 -67784.9 621 721 0)
(98343 55390.1 -8150.32 319 419 1)
(98349 -73402.2 12897.8 621 721 1)
(98351 -72506.6 133597 369 469 1)
(98358 -81442.8 -67574.3 284 384 1)
(98361 -44161 39120.5 120 220 1)
(98368 -83540.5 -41424 568 668 1)
(98372 -59265.1 18993 44 144 1)
(98378 89674.1 -18254.6 355 455 1)
(98379 -72462.9 14983.6 489 589 0)
(98397 -35197.7 119612 487 587 3)
(98405 -32133.3 -73629.2 271 371 1)
(98407 -46236.9 69295.6 90 190 1)
(98408 28297.3 -35421.5 320 420 0)
(98413 -36150.8 -9216.07 373 473 1)
(98415 -94494.4 -121821 173 273 1)
(98426 111808 -60629.1 354 454 1)
(98431 -77367.8 -118.351 39 139 3)
(98433 -88579.5 27999.4 602 702 3)
(98450 59465.4 -105943 541 641 1)
(98456 7099.75 49206.2 410 510 1)
(98458 -58326.4 -110869 479 579 1)
(98468 119695 -100726 127 227 1)
(98476 110802 -67603.2 466 566 1)
(98487 104813 -30254.5 13 113 0)
(98488 -929.277 -73507.1 190 290 1)
(98496 124914 76371 231 331 1)
(98509 -28159.8 -16264.8 470 570 0)
(98526 15598.9 -56545 458 558 1)
(98527 -47252.7 -50493.8 519 619 1)
(98538 58400.9 102736 389 489 3)
(98551 52299.6 52097.2 159 259 3)
(98552 79584.8 -142012 277 377 1)
(98553 -76564.7 46324.6 471 571 3)
(98557 38524.7 142815 359 459 3)
(98566 69464.3 -15274.6 407 507 3)
(98572 -5946.35 95289.5 79 179 0)
(98573 29325.9 -82638.7 387 487 1)
(98581 21270.8 -121960 592 692 3)
(98590 5081.93 15036.2 438 538 1)
(98599 -69141.6 -88681.1 125 225 1)
(98604 114775 77249.8 71 171 1)
(98607 -42385.6 39079.8 624 724 1)
(98608 -98573 84443.8 437 537 1)
(98611 19180.1 -25309.2 207 307 1)
(98612 100604 -82654.8 194 294 1)
(98613 -18000.6 5892.65 496 596 1)
(98615 -100539 135486 312 412 1)
(98617 -73537.4 -44392.9 586 686 1)
(98620 -78476.8 -41430.9 470 570 1)
(98624 -69306.8 22936.4 130 230 3)
(98625 124712 -44361.8 22 122 3)
(98633 71487.3 -16189.5 147 247 1)
(98641 -88438.6 -111710 39 139 1)
(98644 41260.2 9017.22 534 634 3)
(98645 47344.8 127572 60 160 3)
(98648 108741 -11119.4 1 100 1)
(98652 -85405.9 4907.74 126 226 1)
(98686 -119727 61119.6 224 324 0)
(98692 -37161.5 86367.5 142 242 1)
(98694 -113641 -98756.6 203 303 1)
(98699 -83313.5 122664 358 458 1)
(98704 -27100.6 -89698.8 312 412 0)
(98720 -118690 148864 164 264 1)
(98722 -31164 61277.1 487 587 1)
(98740 119946 -130582 294 394 3)
(98742 -78389.5 -10140 93 193 1)
(98745 -15158.2 -69665 87 187 1)
(98757 28127.3 29072.8 593 693 1)
(98760 47450 -90668.3 464 564 1)
(98761 -29170.8 -145089 430 530 1)
(98762 -50317.2 -117924 319 419 1)
(98784 12519.8 127780 613 713 1)
(98786 -111602 5996.18 229 329 3)
(98788 -114490 -32260.8 115 215 1)
(98789 -108667 -37448 405 505 1)
(98800 -48194.9 140813 547 647 1)
(98802 22189 15965.5 368 468 0)
(98806 110803 34122.3 277 377 0)
(98810 53399.3 65306.9 68 168 0)
(98815 -36192.9 84376.4 52 152 1)
(98819 -99636.6 44115.8 597 697 1)
(98823 -21126.9 77455.3 524 624 0)
(98824 68437.9 30055.9 100 200 1)
(98827 98738.9 14904.8 443 543 3)
(98850 -54290.5 -60330.3 47 147 1)
(98869 -87585.1 89623.4 385 485 1)
(98880 97606.3 -73508 130 230 1)
(98890 90680.8 -144128 463 563 3)
(98893 106587 27018.4 129 229 1)
(98901 23240.4 84462 554 654 1)
(98908 101810 -53540.1 614 714 1)
(98910 119776 -55442.2 199 299 1)
(98913 -1961.83 -3055.75 36 136 3)
(98924 -33298 -85735.4 498 598 1)
(98929 -48171.3 121906 425 525 3)
(98930 -58236.5 144132 367 467 0)
(98936 -47231.4 108570 156 256 1)
(98946 -19062.7 -76533.2 143 243 1)
(98947 -113696 -95793.2 458 558 0)
(98950 -92484.1 -148806 45 145 1)
(98955 -5956.04 122797 447 547 1)
(98967 -60289.9 -41321.4 33 133 1)
(98972 -93535.4 -42403 386 486 1)
(98974 -123877 -31466.1 526 626 3)
(98979 -109424 -106780 83 183 0)
(98981 37017 -8321 407 507 1)
(98983 107763 85459 235 335 1)
(98984 -122710 -143033 321 421 3)
(98987 78556 -33226.8 433 533 1)
(98991 124742 -149950 73 173 0)
