(25004 -71345.2 -28320.4 124 224 1)
(25007 -57116.1 -117979 558 658 1)
(25012 -16043.1 -20184 96 196 0)
(25019 15207.9 -79642.8 404 504 3)
(25034 -33161.3 45194.3 503 603 1)
(25036 42259.4 935.319 447 547 1)
(25046 103676 125618 99 199 3)
(25054 8118.43 30053.4 188 288 0)
(25062 -22097.6 11899.2 257 357 1)
(25081 -114693 3873.04 555 655 1)
(25090 97660.5 -132941 299 399 1)
(25093 28269.6 48200.9 623 723 1)
(25101 38327.3 -142117 522 622 0)
(25103 77603.2 -47456.5 371 471 1)
(25124 63475.1 27029.1 307 407 1)
(25128 32319 -87736.1 571 671 1)
(25138 -92561.8 -124754 83 183 0)
(25141 108708 -122791 130 230 1)
(25150 18202 -16213.7 31 131 1)
(25159 -67354.2 48432.4 615 715 0)
(25161 -19104.4 122566 231 331 1)
(25162 -10040.4 23030.4 144 244 3)
(25163 16132.8 -131043 563 663 3)
(25174 -29148.1 43149.5 38 138 1)
(25178 40244 -67434.2 79 179 3)
(25200 38350.1 61241.9 141 241 1)
(25213 21201.6 61257.1 362 462 3)
(25220 -104676 -75689.6 252 352 1)
(25229 12205.2 6938.37 612 712 0)
(25230 -48229.7 -83610.8 139 239 1)
(25239 24148.3 -26345.1 346 446 0)
(25258 83653.6 101561 570 670 3)
(25262 -30107.8 -76626.3 226 326 1)
(25263 97524 -38470.1 261 361 1)
(25265 123583 -132787 69 169 0)
(25269 -27095 -83586.3 148 248 0)
(25270 -95653.3 -130228 550 650 0)
(25271 -69292.7 53149.2 1 94 3)
(25275 -10829.3 142277 359 459 0)
(25285 3099.32 70230.2 279 379 1)
(25292 -92518.1 -19210.8 132 232 1)
(25294 24198 118558 230 330 1)
(25304 79614.9 -84714.4 353 453 1)
(25308 50533.3 100539 445 545 0)
(25327 122880 40168.9 330 430 0)
(25331 -120587 -149174 267 367 1)
(25335 12148.8 142786 400 500 1)
(25340 48438.2 -120014 610 710 1)
(25341 -75422.1 -36372.4 447 547 3)
(25343 -78540.9 -90675.1 353 453 0)
(25364 -92540.2 124569 179 279 1)
(25366 40399.9 -57627.7 600 700 1)
(25396 59453.4 -66188.6 1 94 1)
(25403 21214.8 23011.6 488 588 3)
(25404 -46258.2 -6087.24 457 557 0)
(25406 -4090.5 -70769.4 392 492 1)
(25411 -29110.5 -53504.2 433 533 1)
(25414 64551.1 -14216.9 363 463 1)
(25426 -119620 78320 72 172 1)
(25427 86660.1 115375 261 361 0)
(25448 -31209.5 67354.9 342 442 1)
(25453 -64231.4 -34246 470 570 1)
(25457 44367 129718 461 561 3)
(25459 19361.5 19008.2 1 96 0)
(25464 -15985.9 -142964 182 282 1)
(25465 120893 32086.4 538 638 1)
(25474 79865.6 57433.3 558 658 1)
(25475 -36183.1 -101680 169 269 1)
(25476 -48346.7 18896.1 48 148 3)
(25477 33633 -57573.4 59 159 3)
(25481 -90457.9 21153.3 348 448 0)
(25490 -120662 28817.8 574 674 1)
(25491 -62267.2 51335.2 347 447 1)
(25492 27216.3 -66523.3 303 403 3)
(25496 97770.3 -50498.1 602 702 1)
(25506 -5918.64 -89642.6 84 184 0)
(25512 -3965.97 -62451 41 141 1)
(25513 45387.7 90521.2 392 492 1)
(25519 81570.3 -91641.4 149 249 1)
(25527 67566 -78715.9 592 692 1)
(25530 -9004.98 24035.2 498 598 1)
(25539 12127.6 38006.6 96 196 1)
(25544 -4029.39 7724.53 99 199 1)
(25546 25261.6 16010.2 564 664 1)
(25558 31371.8 -81584.9 33 133 1)
(25567 63623.3 -133078 569 669 3)
(25573 32381.2 51110.2 179 279 1)
(25575 120744 -90604.4 195 295 3)
(25601 31231.5 122562 71 171 0)
(25617 12097.6 35092.4 73 173 1)
(25619 89596.2 -23189.4 266 366 1)
(25623 -60533.1 -14432 264 364 1)
(25629 60444.8 24997.9 349 449 1)
(25642 110719 129666 203 303 3)
(25655 29204 34052.2 40 140 1)
(25662 79.8919 -95806.3 489 589 3)
(25673 123973 -24052.1 294 394 3)
(25678 -76498.5 -80681.3 386 486 3)
(25681 106789 -111876 529 629 3)
(25695 -90276.3 106803 1 97 1)
(25699 18115.5 -58421.4 90 190 1)
(25701 77645.9 -78565 235 335 3)
(25708 1189.09 6867.03 45 145 3)
(25716 52355 126713 236 336 0)
(25717 48398.7 -70631.5 537 637 3)
(25719 25159 -63498.1 412 512 1)
(25725 36313.1 -70623.7 457 557 0)
(25728 -79376.1 -108921 431 531 1)
(25734 83527.7 40322.8 8 108 0)
(25738 27251.3 -107746 304 404 1)
(25747 18135.8 -78606.9 234 334 0)
(25749 110848 -76678.3 580 680 3)
(25750 72835.9 -34231.4 227 327 1)
(25751 -53265.5 -52492.1 260 360 1)
(25754 5129.57 -140141 603 703 3)
(25755 -54237.5 23051.4 156 256 1)
(25759 23971.9 -46015.3 350 450 3)
(25766 14116.5 56207.7 201 301 3)
(25769 54535.5 34136.3 507 607 3)
(25778 -63369.6 120752 616 716 3)
(25785 -58506.3 -148134 542 642 3)
(25790 122846 -126835 193 293 3)
(25792 3068.69 -24375.5 481 581 1)
(25793 66452.4 -139894 129 229 1)
(25798 8117.31 -69580.9 383 483 1)
(25799 -113647 -27257.5 377 477 3)
(25808 12125.3 -146930 67 167 1)
(25809 44245.5 -134854 60 160 3)
(25814 -74283.7 -49346.3 177 277 1)
(25821 122745 -131012 253 353 1)
(25823 -67383.4 -126041 546 646 1)
(25832 4856.44 64218 81 181 0)
(25835 -21208 37044.4 623 723 1)
(25842 30017.5 -8243.25 303 403 1)
(25844 65488.3 27064.2 354 454 3)
(25846 92484.7 33088.1 215 315 3)
(25855 19167.9 73301.2 116 216 1)
(25862 12103.6 65293.8 11 111 3)
(25873 -6942.91 61302.8 526 626 3)
(25879 -77347.2 -141905 43 143 1)
(25887 -8076.24 18008.5 509 609 1)
(25888 26131.1 125810 393 493 1)
(25894 -118715 134721 219 319 1)
(25900 -64293.1 -24256.8 22 122 1)
(25901 -77675.3 -138035 586 686 3)
(25902 51448.4 142744 87 187 3)
(25903 39327.4 31028 331 431 3)
(25905 58474.8 -137999 224 324 1)
(25914 65507.9 91450.6 384 484 1)
(25922 44436.4 138679 314 414 1)
(25926 108769 -46281.3 291 391 1)
(25937 3053.4 9930.82 279 379 0)
(25940 -9002.21 88531.2 587 687 0)
(25942 -109834 78519.2 449 549 1)
(25947 -116673 -135929 253 353 3)
(25951 -114736 -86749.9 540 640 3)
(25956 -69319.4 -46413.1 242 342 1)
(25957 74481.1 -140987 353 453 1)
(25963 -58335.4 -72653.7 409 509 1)
(25964 51574.2 -24108.9 285 385 1)
(25968 81613.3 8943.9 607 707 1)
(25969 -97455.4 -13195 215 315 3)
(25976 71358.6 121721 324 424 3)
(25986 -15047.2 -29270.2 4 104 3)
(25991 45451.1 140793 592 692 1)
