(12001 78735 120643 531 631 3)
(12005 -104522 5982.67 9 109 1)
(12006 95667.3 85401 118 218 1)
(12021 89723.4 -99761.4 610 710 1)
(12023 33312 -98766.9 514 614 1)
(12027 35280.5 17982.2 246 346 3)
(12035 -47254.4 -13155.1 13 113 1)
(12043 -62457.9 -124065 447 547 1)
(12047 10126.7 -1071.02 317 417 3)
(12054 -44154.5 121657 33 133 1)
(12056 96752.9 -75627.9 473 573 3)
(12064 26264.9 13954.7 569 669 0)
(12069 -38302.8 52236.6 603 703 0)
(12070 72401.6 67187.8 293 393 1)
(12072 27230.5 -30331.3 404 504 0)
(12073 -17115.9 -51443.2 381 481 1)
(12076 35277.3 -142002 22 122 3)
(12085 92430.8 5967.84 36 136 1)
(12086 -123683 -119805 166 266 1)
(12091 36281.8 45145.9 229 329 3)
(12092 -55243.9 90366.4 151 251 1)
(12093 51375 -43343.7 155 255 1)
(12097 50206.8 -52550.4 306 406 1)
(12101 33120.4 -143892 207 307 0)
(12103 -51261.7 -72557.8 201 301 1)
(12105 22250 -144170 454 554 0)
(12106 33298.4 -138915 289 389 1)
(12107 -57361.6 -19312.4 565 665 1)
(12109 -64305.2 21115.3 143 243 1)
(12112 -5999.99 -22254.9 331 431 1)
(12116 67.6891 -103893 563 663 3)
(12120 83510.7 -141876 38 138 0)
(12122 -21064 100541 254 354 1)
(12126 -26091.3 -89632.1 434 534 1)
(12135 -51238.5 136785 37 137 1)
(12148 -115775 132858 613 713 0)
(12162 -12361.6 -41563.7 389 489 0)
(12167 42331.8 -79636.2 349 449 1)
(12170 96746.6 -88773.1 560 660 1)
(12171 119799 -98733.5 325 425 1)
(12177 14160.4 106547 219 319 1)
(12182 31315.6 -95376.9 45 145 1)
(12184 -52216.4 58157.8 2 102 1)
(12190 -78449.1 49175 549 649 0)
(12191 12043.8 -59467.8 125 225 0)
(12200 -104515 -91590.7 74 174 0)
(12203 -69365.9 94027.7 109 209 1)
(12204 4032.22 124725 139 239 3)
(12208 122778 55261.9 390 490 3)
(12211 -41007.9 -41303.5 459 559 3)
(12220 85598.3 -134158 526 626 3)
(12226 19172.2 -120113 475 575 0)
(12229 -43305 130647 121 221 3)
(12233 -13083.5 78468.4 581 681 1)
(12236 -92490.4 140708 162 262 1)
(12245 -82349.7 -71786.4 264 364 1)
(12246 -80462.9 90423.2 601 701 1)
(12251 1139.03 26134.1 158 258 0)
(12252 -34061.5 45897.2 491 591 1)
(12259 124849 -12189.2 347 447 0)
(12264 -64287.3 -45367.5 137 237 3)
(12268 110700 -17199.8 140 240 1)
(12271 -99487.7 -79538 60 160 1)
(12278 21768.5 41219.3 498 598 3)
(12283 -84481.6 29044.8 460 560 1)
(12290 -16048.6 -126956 377 477 0)
(12306 78534.5 -9203.2 247 347 3)
(12309 -6975.66 93409.5 85 185 1)
(12318 -40156.9 -56583.6 237 337 3)
(12327 -101509 -36301.4 123 223 0)
(12344 -82452.8 -149060 334 434 1)
(12355 -1994.98 51126.5 352 452 1)
(12358 -44643.6 -61315.1 231 331 1)
(12362 -90428.9 -149959 119 219 1)
(12365 -113752 -22438.8 539 639 0)
(12392 104644 -69598.6 266 366 3)
(12397 -72398.2 130697 408 508 0)
(12405 97709.4 -2169.32 483 583 1)
(12406 9163.83 -69567.9 223 323 1)
(12415 -43230.5 59363.2 156 256 1)
(12418 -99507.1 -66468.9 251 351 1)
(12420 -102500 -134861 74 174 3)
(12426 66530.5 78435.6 297 397 0)
(12431 34356.9 91457.6 269 369 0)
(12435 -76122.2 -48352.8 29 129 0)
(12436 -51381.9 -40334.5 457 557 3)
(12439 -55498.4 -139815 193 293 3)
(12448 14137.9 37111.6 12 112 3)
(12454 -105582 -41378.2 324 424 3)
(12455 27241.3 -110870 317 417 0)
(12456 -91428.6 29056.2 3 103 1)
(12458 108661 2908.03 121 221 3)
(12462 11136.1 -9197.48 482 582 1)
(12464 10123.5 -130959 307 407 0)
(12466 -114711 -80665.2 373 473 3)
(12467 92736.8 -141143 547 647 3)
(12475 -92471.7 -75625.6 289 389 1)
(12476 1159.04 -25272.9 332 432 1)
(12477 -78420.3 20013.8 267 367 3)
(12479 84463 -138814 51 151 1)
(12485 -64387.1 -114647 423 523 1)
(12499 -67341.3 -43347.7 135 235 3)
(12500 42285.2 -19225 54 154 3)
(12502 -57309.5 -53441 214 314 1)
(12512 -106712 -124984 571 671 1)
(12516 -5993.28 -74521.9 249 349 0)
(12521 -114642 -51361.9 32 132 1)
(12533 29898.7 64283.8 96 196 1)
(12538 -7063.45 -47667.2 429 529 1)
(12539 67553.1 -61559.3 514 614 0)
(12540 -80233.6 -6172.93 27 127 3)
(12548 34511.7 34197.2 604 704 1)
(12558 -23105.8 -94747.1 357 457 3)
(12570 43365.8 23001.2 355 455 1)
(12572 123.056 -134982 397 497 0)
(12573 63496.9 -115845 268 368 3)
(12579 17197.2 92423.1 106 206 3)
(12582 87674.1 -82674.6 353 453 1)
(12587 -32269.5 -142004 262 362 0)
(12594 67526.6 -106897 575 675 3)
(12598 78617.7 33102.7 262 362 3)
(12608 53401.6 -118985 540 640 1)
(12613 -119592 13961.2 38 138 1)
(12618 4123.27 12845.8 427 527 3)
(12622 -103515 99440.9 12 112 1)
(12623 -74501.2 -62583.8 585 685 0)
(12631 111830 -74677.1 427 527 1)
(12636 -106812 -28223.5 247 347 0)
(12637 64485.1 9935.81 585 685 3)
(12640 69468.4 -81545.2 308 408 1)
(12647 -19138.5 -3210.46 618 718 1)
(12651 118832 -74618.9 418 518 0)
(12653 -85560.5 42168.4 584 684 1)
(12661 -93571.5 -8317.94 607 707 0)
(12680 -22224.5 -93856.8 43 143 1)
(12698 -73356.7 -140898 266 366 1)
(12701 -111656 -54583.6 574 674 0)
(12708 -108702 -23439.9 100 200 1)
(12709 -64351.7 -104802 388 488 1)
(12712 41318.9 115596 160 260 1)
(12719 -69232.7 -84636.7 246 346 1)
(12720 -75509.5 -27222.4 305 405 1)
(12722 -63.8538 -93922.5 209 309 1)
(12725 75630.5 117744 481 581 1)
(12726 109716 102460 122 222 1)
(12733 -86498.9 94532.3 295 395 0)
(12737 -74498.1 -136054 402 502 3)
(12740 60400.5 -48392.2 255 355 3)
(12756 50455.9 -1211.85 172 272 1)
(12761 -108744 -37520.6 551 651 1)
(12768 -10062.2 38116.8 557 657 1)
(12781 -38259.5 49194.1 313 413 1)
(12782 77648 -97756.5 500 600 1)
(12787 25241.4 99596.3 344 444 0)
(12790 -98580.8 -76676.1 542 642 0)
(12791 59722.8 -105120 370 470 3)
(12810 -35146.4 107511 211 311 3)
(12812 94724.2 -143131 552 652 3)
(12816 -62349.8 -20150.4 465 565 1)
(12826 -15042.7 -20284.5 544 644 1)
(12831 39222.3 31092.5 466 566 1)
(12844 18148.3 -69555.9 269 369 3)
(12845 46587.4 -55711.5 418 518 0)
(12849 10157.2 127719 453 553 0)
(12850 -106610 -139.542 418 518 1)
(12851 -120770 112618 587 687 1)
(12858 115970 34105.4 629 729 1)
(12861 -68338.5 -87621.2 173 273 1)
(12869 8096.57 -131030 445 545 0)
(12870 -13030.6 -16351.6 406 506 1)
(12878 -42007.2 -45213.5 13 113 0)
(12885 18194.7 32082.7 454 554 3)
(12890 112844 875.949 313 413 0)
(12899 -110723 -56387.9 70 170 0)
(12908 81475.3 -21246.1 233 333 1)
(12916 21236 118639 578 678 1)
(12931 35468.1 117904 530 630 0)
(12933 18216.6 93451.6 301 401 1)
(12938 -119757 10928.6 535 635 3)
(12942 7296.5 -58434.7 10 110 1)
(12946 102977 108446 431 531 0)
(12957 -27104.5 -89927.6 315 415 1)
(12965 -11017 70324.4 190 290 3)
(12969 -122710 -1134.08 35 135 1)
(12970 106898 -69619.8 602 702 1)
(12976 -74209.7 -43494.9 343 443 0)
(12977 -107774 74343 517 617 1)
(12981 35202.7 148654 4 104 1)
(12985 -52287.1 -139961 167 267 1)
(12991 18299.2 -77600.8 329 429 0)
