(44002 -70383.3 -83734.5 575 675 3)
(44003 84599.5 -139001 333 433 1)
(44014 -59324.9 -89702.9 416 516 0)
(44017 81526.3 -87782.4 340 440 3)
(44020 47318.8 139698 155 255 1)
(44026 -36252.1 -36245.3 141 241 3)
(44040 -42187.8 -83544.2 5 105 1)
(44046 47375.5 -65584 277 377 3)
(44051 -74352.2 26026 72 172 1)
(44062 19249.6 141047 331 431 1)
(44068 42297.8 -140964 203 303 1)
(44070 -36176.6 -139037 462 562 1)
(44076 65277.6 -45235.4 45 145 0)
(44086 -45184.6 50152.4 1 95 1)
(44106 -41185.2 -28468.4 550 650 1)
(44109 71510.5 -117792 65 165 3)
(44113 81538.9 -41319.8 93 193 1)
(44122 -19052.2 50138.4 1 94 1)
(44126 43413.6 -56413.2 419 519 3)
(44130 34346 -89911.4 578 678 3)
(44132 107434 -112607 7 107 0)
(44136 -35982.2 -50678.9 573 673 1)
(44138 -28152 8906.94 459 559 0)
(44140 -1873.08 -98652.3 69 169 0)
(44142 -58335.7 38090.4 376 476 0)
(44160 10110.2 6904.75 154 254 1)
(44167 81519.8 26903.7 333 433 0)
(44183 102673 -83552.3 42 142 1)
(44188 37319.4 1830.15 594 694 0)
(44199 -58350.1 131727 488 588 1)
(44201 87494.2 -3937.45 191 291 1)
(44206 -6975.42 -16250.7 457 557 1)
(44211 3822.34 -100982 555 655 1)
(44217 -12079.9 -132920 50 150 1)
(44219 68590.2 72368.5 423 523 1)
(44225 -88475.2 -16172.6 12 112 1)
(44229 -100505 -37309.5 258 358 1)
(44231 -103578 -118786 145 245 1)
(44232 -66383.2 -91721.7 366 466 1)
(44236 45309.1 -65977.4 261 361 3)
(44238 -55369.8 -131016 497 597 1)
(44241 -88515.2 29006.6 185 285 0)
(44242 -53303.1 7936.28 451 551 0)
(44243 101474 83655 92 192 3)
(44261 -35159.5 -85654.5 173 273 1)
(44265 46351.2 -76566.1 217 317 3)
(44266 95632.3 115513 67 167 -1)
(44282 54399.3 70302.9 49 149 1)
(44293 24233.3 -82676.4 629 729 1)
(44296 41371.1 125634 102 202 1)
(44299 -65313.6 113520 39 139 1)
(44304 53338 142644 140 240 3)
(44312 -84515.2 -25302.6 539 639 3)
(44319 -6938.48 -136521 34 134 0)
(44324 9009.64 129676 341 441 1)
(44335 -6946.03 58283.6 433 533 1)
(44343 -72492.7 -94500.8 435 535 0)
(44348 40389.2 -86832 333 433 3)
(44349 50376.8 -69515.7 179 279 1)
(44365 -38212.2 -97817.6 586 686 1)
(44379 -65311.1 97438.1 123 223 1)
(44380 -23168.8 72265.2 458 558 1)
(44388 4089.68 -32337.7 364 464 0)
(44393 41340.6 -116850 331 431 3)
(44400 31226.6 -57466.2 1 101 1)
(44404 83557.1 64370.8 507 607 1)
(44419 36246.4 8884.6 545 645 1)
(44424 -90602.1 14028.2 492 592 1)
(44431 -44232.5 121629 212 312 1)
(44432 -49256.2 69265.9 24 124 3)
(44436 124674 44253.1 4 104 1)
(44437 -90646.8 116645 420 520 1)
(44438 2080.14 59265.4 445 545 1)
(44450 90640.4 50208.5 473 573 3)
(44458 -124655 74351.5 407 507 1)
(44473 -78318.5 143641 118 218 3)
(44486 -46060.9 39992.7 9 109 1)
(44491 122956 -93774 580 680 1)
(44495 -28185.8 -27233.5 10 110 1)
(44499 38289.3 -113744 219 319 1)
(44504 -35111.1 -7162.95 558 658 1)
(44510 99706.4 83387.9 358 458 1)
(44513 116890 10008.3 61 161 1)
(44516 -12089.1 -24334.3 526 626 1)
(44527 98685.9 -41384.5 294 394 0)
(44533 58470.2 -101761 387 487 3)
(44548 -95586.4 -145098 414 514 3)
(44549 55371.6 87325.9 129 229 1)
(44558 -12146.3 -49455.6 286 386 1)
(44560 16183.3 -25298.4 469 569 1)
(44567 55470.6 -50514.2 498 598 0)
(44571 -6989.42 4885.67 283 383 0)
(44572 23022 -81542.2 138 238 1)
(44576 -15031.8 35105.1 141 241 0)
(44581 82587.3 -120943 396 496 1)
(44582 48401.8 -144900 36 136 1)
(44593 95649 -95703.6 280 380 1)
(44594 87573 -29281.7 46 146 1)
(44595 -64374.3 2904.79 512 612 1)
(44600 42433.5 54260.6 288 388 0)
(44620 90861.5 -4347.72 492 592 1)
(44639 93411.1 -45303.8 144 244 3)
(44644 113808 80508.5 426 526 3)
(44646 -65328.3 143776 332 432 3)
(44652 -3957.65 -68709.4 493 593 1)
(44654 -106549 140086 310 410 3)
(44656 -19052.9 -73695.3 616 716 1)
(44658 34158.3 -110778 157 257 3)
(44660 2565.92 -6955.67 166 266 1)
(44663 17155.8 28057.6 197 297 1)
(44666 -3956.63 -53371.7 108 208 1)
(44668 -94623.7 -46449.4 455 555 1)
(44675 -79460 -112954 592 692 1)
(44688 87572.3 139876 287 387 0)
(44691 80572.5 -25369.9 555 655 1)
(44695 -16024.1 -85797.2 594 694 1)
(44699 -84438.9 -145981 212 312 1)
(44703 74746.6 -44431.1 547 647 1)
(44704 44301.7 32007.3 1 93 3)
(44707 -61300.4 -1124.34 257 357 1)
(44711 -23933.2 33990.3 537 637 3)
(44713 30887 118568 99 199 1)
(44718 32247.7 -91685.8 259 359 1)
(44722 115134 100514 409 509 1)
(44727 3067.11 -38419.2 485 585 0)
(44731 123839 137662 339 439 1)
(44734 48312.6 70320.5 315 415 1)
(44738 -94591.6 114733 518 618 1)
(44739 65486.4 -55232.4 42 142 3)
(44740 -1925.63 -96661 22 122 1)
(44751 -15000.4 -103742 193 293 3)
(44761 -41271.1 -44254.7 367 467 1)
(44762 -8993.61 -110758 1 94 1)
(44769 83671.2 844.851 496 596 1)
(44775 12026.9 -13.8661 73 173 3)
(44776 -116635 -82582.4 153 253 1)
(44778 52339.5 119541 84 184 3)
(44797 -18173.2 130688 198 298 1)
(44798 -82494.4 6793.69 392 492 1)
(44801 106715 -93898.9 568 668 3)
(44805 -112890 -85444.5 214 314 3)
(44809 1090.87 -61608.7 427 527 1)
(44814 88676.3 -56529.4 539 639 1)
(44816 5140.35 93479.9 537 637 0)
(44828 -34143.3 -106759 253 353 1)
(44835 48447.1 -69482 4 104 1)
(44837 110771 30128.2 264 364 1)
(44843 -14001.8 -31299.9 46 146 0)
(44844 114689 -107684 147 247 1)
(44852 -17055.3 -81767.5 628 728 3)
(44853 6116.73 -62514.4 121 221 1)
(44857 -8973.75 48205.3 500 600 1)
(44862 64407.4 -115847 234 334 0)
(44865 -90504.5 -114887 380 480 1)
(44868 -76358.6 -20219.9 214 314 3)
(44871 73477.1 72333.5 93 193 0)
(44876 -95491.1 -90666.2 607 707 1)
(44881 30228.7 -55451 186 286 3)
(44882 109549 113899 262 362 1)
(44883 -31923.4 -21465.4 298 398 0)
(44895 31305.7 -61503.2 613 713 3)
(44902 46398.6 -138306 87 187 3)
(44916 75351.9 49152.7 121 221 1)
(44935 10136.6 40149.4 613 713 1)
(44940 71533.6 23997.5 482 582 1)
(44944 67478.1 -6153.29 421 521 1)
(44946 50347.1 -101656 35 135 1)
(44952 -12050.9 -58495.2 261 361 1)
(44957 -49267.9 -27266.5 146 246 1)
(44959 88546.5 40191.7 30 130 3)
(44960 -87423.3 -55447.3 49 149 1)
(44963 -81563 -21224.8 64 164 3)
(44964 -110513 -40216.9 379 479 3)
(44966 -65256.4 -142853 7 107 1)
(44968 96646.7 -75637.4 314 414 1)
(44974 33220.6 57202.2 371 471 1)
(44978 33350.6 -20239 528 628 1)
(44980 -4970.19 58157.3 52 152 1)
(44986 69661 36224.5 435 535 1)
(44989 -118639 47177.5 446 546 1)
