(115011 120889 139986 587 687 1)
(115019 -21086.6 -15180.2 605 705 0)
(115026 70457.9 43029 26 126 0)
(115033 -25985.1 -104736 105 205 1)
(115043 19313.3 24515.8 37 137 1)
(115046 -48272 128659 45 145 1)
(115052 -64142.2 -9287.74 465 565 1)
(115055 -44170.9 -90575.1 17 117 0)
(115056 -110578 -35324.4 154 254 1)
(115061 8139.78 -121009 614 714 3)
(115065 86107.4 8710.46 349 449 3)
(115067 38325.2 98462.4 164 264 1)
(115073 -22064.6 -12182.2 40 140 1)
(115075 -5976.62 -117849 276 376 3)
(115080 -110089 53320.7 565 665 1)
(115081 -123781 -21287.4 27 127 1)
(115084 -54312.5 879.701 496 596 1)
(115097 21179.8 -102716 185 285 1)
(115098 -117572 -127066 127 227 3)
(115109 54341.7 139592 33 133 1)
(115110 -20103.7 -14237.8 188 288 0)
(115112 82619 101493 378 478 3)
(115129 -58329.9 -131935 209 309 1)
(115131 -88584.4 -112702 242 342 1)
(115132 -40068.8 32039.8 232 332 1)
(115133 88572.5 -126122 457 557 3)
(115136 -87430.6 -38319 90 190 1)
(115143 -1946.41 -14218.2 281 381 1)
(115144 -8956.69 -9172.52 488 588 1)
(115148 28255.8 123695 565 665 3)
(115152 35192 -73610.6 609 709 1)
(115160 106736 -58485.2 315 415 1)
(115173 16111.7 92409.8 119 219 0)
(115175 76567.3 -84644.9 245 345 1)
(115182 16136.2 -27237 119 219 0)
(115202 95551.4 -20232.7 1 98 1)
(115207 -115619 24252.7 23 123 1)
(115210 26219 -125875 175 275 1)
(115222 -10995.1 -14417.1 587 687 1)
(115224 -15964.1 66308.2 397 497 0)
(115231 124692 -108688 21 121 3)
(115232 -88554.3 60275.6 596 696 0)
(115233 -86367.3 108442 352 452 1)
(115260 -3748.43 -58384 538 638 3)
(115264 -108813 80649.6 578 678 3)
(115265 99805.2 -106828 285 385 0)
(115266 119896 -114855 380 480 3)
(115268 33283.9 38198.8 283 383 1)
(115274 -19059 130771 619 719 1)
(115277 55377.9 39123.4 528 628 0)
(115281 17106.1 -73668.9 361 461 3)
(115282 84656.6 -88719.2 542 642 1)
(115285 -77395.9 -55449 205 305 1)
(115287 -58229.2 -81565.6 48 148 3)
(115295 -57953.2 -37189.5 376 476 1)
(115297 86509.8 -94738.3 62 162 1)
(115309 -2948.99 10937.6 351 451 1)
(115327 -97578.8 149882 502 602 1)
(115336 -41132.1 72361.1 571 671 1)
(115350 -102420 -25357.2 429 529 1)
(115363 -96573.9 47228.6 370 470 0)
(115378 22203.2 -27359.8 185 285 3)
(115379 -40143.3 -128846 14 114 3)
(115390 75405.2 -149027 34 134 3)
(115399 -68383.4 63268.8 269 369 1)
(115414 101645 -16224.5 435 535 1)
(115416 53266.8 44884.2 1 101 1)
(115423 62390.4 75385.6 461 561 1)
(115429 -38174.8 5932.15 31 131 3)
(115431 -69374.7 -88604.8 153 253 1)
(115445 89570.7 -80601.3 547 647 3)
(115446 7669.5 -24696.3 567 667 0)
(115447 -4950.51 -60593.1 541 641 1)
(115458 33324.6 -49450.6 263 363 3)
(115460 -103619 -6310.97 496 596 3)
(115461 -69387.3 -39356.2 182 282 1)
(115464 -72319.9 14033.1 497 597 3)
(115469 -68476.6 142840 452 552 0)
(115470 -11057.1 -51432.1 145 245 0)
(115477 -74367.1 54271.5 567 667 1)
(115480 36327 46175.8 572 672 1)
(115481 82659.2 -51560.4 532 632 1)
(115483 -17040.1 7952.11 482 582 1)
(115488 60348.9 -44305.4 1 99 1)
(115505 -108531 74289.4 21 121 1)
(115511 80524.1 -124995 450 550 1)
(115529 -90469.1 26170.5 546 646 1)
(115535 -22060.7 -41411.2 356 456 1)
(115544 3031.84 39134 202 302 3)
(115550 -73635.6 -123913 292 392 1)
(115551 118922 54154.4 27 127 1)
(115561 109884 -24329.3 440 540 1)
(115566 87727.2 118726 607 707 0)
(115573 118643 98522.4 240 340 1)
(115575 119887 37130.1 488 588 0)
(115581 -41128.1 -21288 309 409 1)
(115582 -47210.3 -21227 84 184 1)
(115583 102982 -37462.3 581 681 3)
(115584 2120.9 -85748.8 599 699 1)
(115588 -7953.4 -18137.7 309 409 1)
(115592 103847 -102867 621 721 0)
(115593 102622 126597 115 215 1)
(115603 -48257.8 -80638.1 333 433 1)
(115614 -50192.7 -135797 14 114 3)
(115616 -10046.9 -23220.8 474 574 3)
(115619 118967 677.117 614 714 0)
(115625 68617.9 90591.3 372 472 1)
(115629 105504 -12239.2 67 167 1)
(115631 43351.8 56172.8 267 367 1)
(115633 118806 -44467.3 181 281 0)
(115636 66539.4 20405.7 544 644 0)
(115644 -83062 46102.1 60 160 0)
(115646 -65365.4 -49415.8 362 462 1)
(115654 -80429.3 2896.76 249 349 1)
(115662 -4798.42 -1142.15 232 332 1)
(115669 -23082.8 43136.9 306 406 3)
(115677 77608.9 -20237 465 565 1)
(115680 -99128.1 -29319 521 621 1)
(115687 -17990.5 -56629.8 103 203 0)
(115688 31161.2 -42486.2 503 603 1)
(115692 52348 -137864 105 205 1)
(115697 17320.6 41167 533 633 1)
(115703 -16154.8 85515.3 373 473 1)
(115713 -47262.7 -16166.7 408 508 3)
(115714 86696.8 -146156 626 726 1)
(115716 32254.9 19072.8 528 628 0)
(115722 -79640.3 -25143.8 200 300 1)
(115724 -37157.1 -37351.8 221 321 0)
(115732 -108607 -117777 160 260 1)
(115733 76494.7 3891.04 167 267 0)
(115734 -11995.7 46172.6 114 214 3)
(115737 46418.1 146593 607 707 1)
(115740 53247 -114798 48 148 0)
(115749 40349.7 -79706.6 554 654 3)
(115750 -13025.1 -64566.1 459 559 1)
(115755 70619.5 -78729.2 617 717 1)
(115757 100725 131597 307 407 1)
(115762 -13986.5 38080.8 54 154 1)
(115766 115850 -55580.3 555 655 1)
(115775 41275.3 132818 317 417 1)
(115784 -117626 21058.3 99 199 1)
(115786 -6973.16 -103690 513 613 3)
(115792 89529.5 71518.3 99 199 3)
(115803 33326.6 47103.3 380 480 1)
(115810 -81434.7 129633 210 310 1)
(115813 -58352.5 106687 231 331 1)
(115815 18202.4 -68577.8 356 456 1)
(115821 -32138.8 -128047 618 718 3)
(115825 17184.7 -14245.2 585 685 1)
(115827 -107595 75340.9 290 390 1)
(115829 90354.4 -24036.9 7 107 1)
(115831 -34164.5 -8221.65 549 649 1)
(115834 -73412.4 -83676.3 477 577 1)
(115835 -55291.6 34054.2 161 261 3)
(115836 -100623 51192 506 606 3)
(115855 -63354.3 -135032 343 443 1)
(115857 84538.3 -116727 26 126 1)
(115862 22208.2 4889.71 180 280 1)
(115864 -122664 -144966 135 235 1)
(115871 23219.7 -74689.4 493 593 0)
(115875 95449.7 -64782.9 609 709 0)
(115885 11142.1 -4220.76 248 348 1)
(115887 11017.1 -48470.8 53 153 1)
(115892 -117641 -72480.2 176 276 1)
(115895 3054.88 81422 304 404 1)
(115898 -76369.9 -80598.9 203 303 1)
(115908 -69517.9 -121968 530 630 0)
(115910 -44294.6 -134991 120 220 0)
(115919 -1900.72 27109.2 592 692 1)
(115923 -2062.15 -52522 90 190 3)
(115924 10134.6 -10196.5 291 391 1)
(115944 97611.2 -89735.8 352 452 1)
(115953 -93576.7 123743 523 623 3)
(115958 -123731 145931 223 323 0)
(115970 88677.3 -49497.5 213 313 3)
(115973 -93681.2 -93102.2 497 597 1)
(115977 -51176.6 85541.8 441 541 1)
