(48002 -107955 63446.7 507 607 1)
(48004 118883 -141128 600 700 1)
(48005 -66342.3 68256.4 479 579 1)
(48013 -88404.4 11941.9 28 128 1)
(48014 66470.7 114557 544 644 3)
(48016 18117.1 97670.2 498 598 0)
(48020 97820.1 -134963 574 674 1)
(48021 -89490.1 -113847 198 298 1)
(48022 2073.9 -137053 470 570 1)
(48029 -3972.03 -88548.5 35 135 1)
(48043 48271.4 49153.7 1 97 1)
(48048 -52334.4 -98859.7 199 299 1)
(48049 -59322.6 -47506.6 577 677 3)
(48052 6134.94 74134.7 257 357 3)
(48053 -94544.5 -54471.9 458 558 1)
(48055 51383.7 -24326.7 217 317 1)
(48060 22222.2 -139931 95 195 1)
(48063 -108484 58798.5 53 153 1)
(48073 -26089.1 -83657.6 421 521 1)
(48082 -19154.6 -4124.12 45 145 1)
(48085 21267.1 15918.8 501 601 1)
(48088 50341.9 -103718 14 114 1)
(48089 -44281.6 -61540 549 649 1)
(48091 60706.3 -19544.8 376 476 3)
(48096 -4932.45 91535.7 562 662 1)
(48105 -112748 122501 85 185 3)
(48107 -89495 -110750 522 622 0)
(48109 -92483.2 -118947 331 431 3)
(48112 -82466.3 -147122 128 228 3)
(48115 -115609 -66503.7 182 282 3)
(48119 -58280.4 -103503 368 468 0)
(48120 105714 40116.4 108 208 1)
(48124 -63274.3 -112748 74 174 0)
(48128 -3874.55 100373 39 139 1)
(48130 -94505.9 -14205.9 174 274 3)
(48142 -74374.9 -33335 202 302 1)
(48143 -17032.5 -107734 180 280 1)
(48146 33242.7 68268 1 99 1)
(48147 94724.7 10938.6 581 681 1)
(48149 -25149.4 -96790.3 305 405 3)
(48152 -116655 59288.5 384 484 1)
(48157 -86547.3 -101846 511 611 0)
(48162 17125.7 49167.7 185 285 1)
(48166 23198.4 76353.6 282 382 3)
(48170 -83492.3 108540 330 430 1)
(48179 42404.1 -138165 582 682 1)
(48188 91673.1 -13210.5 463 563 1)
(48198 59472.4 -32355.6 366 466 1)
(48206 59408.9 -32342.5 302 402 1)
(48221 30291 -103045 482 582 0)
(48223 -19025 13975.6 152 252 -1)
(48229 -42187.1 5863.62 47 147 1)
(48232 9076.36 -30349.9 278 378 0)
(48239 -10059.1 88387.2 197 297 1)
(48240 8094.84 -68659 623 723 3)
(48242 -24156 -39301.6 111 211 1)
(48250 52489.8 112680 530 630 1)
(48257 -30214.4 -121029 594 694 1)
(48267 -70231 -94781.3 190 290 0)
(48286 -45231.6 18976.2 442 542 1)
(48293 29395.5 111671 465 565 1)
(48295 1026.84 -76672.1 391 491 1)
(48299 -49252.9 -118882 293 393 1)
(48300 -57268.5 -85565.7 43 143 3)
(48303 -102669 -132016 552 652 1)
(48307 99689.2 -37313.2 144 244 0)
(48320 -82789.8 -94636 311 411 1)
(48332 -57362.3 -91704.2 465 565 0)
(48340 -119617 96453.7 38 138 1)
(48350 -99622.6 1974.63 244 344 1)
(48351 99643.8 -144895 1 99 1)
(48353 102817 19089.3 577 677 0)
(48354 8256.72 -57350.4 379 479 3)
(48357 23209.4 120642 241 341 1)
(48361 60627.2 89223.6 141 241 0)
(48362 74770.4 13979.1 606 706 1)
(48369 48396.8 -38353.7 577 677 0)
(48381 -2933.4 -134152 478 578 3)
(48395 -31968 91368.2 15 115 3)
(48403 -29100.7 28106.6 254 354 0)
(48410 73398.8 -112785 143 243 0)
(48413 -54294.1 -35342.9 348 448 3)
(48414 -56282.9 148813 216 316 1)
(48418 62420.8 63265.8 413 513 1)
(48422 -73371.5 -92670.3 228 328 1)
(48425 45388.2 70351.4 467 567 0)
(48429 102948 8057.59 169 269 1)
(48430 34315.8 -64571.1 482 582 0)
(48436 34347.4 -89795.2 609 709 0)
(48445 -26098.2 56236.8 130 230 1)
(48448 -88552.7 -43362.9 360 460 3)
(48451 -36171.2 -3127.41 217 317 3)
(48452 -54328.6 145866 567 667 1)
(48460 46399.4 -149874 49 149 1)
(48470 -79437.9 27062.4 299 399 1)
(48474 -95538.3 4941.05 629 729 1)
(48476 -1960.65 -59415.6 152 252 1)
(48482 4096.27 -96811.3 528 628 1)
(48483 -69308.4 93672 478 578 0)
(48484 90660.8 -128988 441 541 1)
(48491 -2933.14 25024.7 599 699 1)
(48497 -83092 -40932.7 1 98 1)
(48504 -35137.1 125638 131 231 1)
(48505 -68649.2 59269.8 52 152 0)
(48508 40363.3 -88783.7 580 680 1)
(48526 -34222.1 -3237.23 466 566 3)
(48528 98654.3 -94722.1 278 378 1)
(48540 -8829.71 131805 474 574 1)
(48542 64445.8 -7175.36 427 527 0)
(48543 84515.8 65368 484 584 1)
(48546 21212.1 -100731 221 321 1)
(48555 67433.4 -55494 255 355 1)
(48560 10086.1 -105745 135 235 3)
(48574 -55264.4 -12192.9 212 312 1)
(48575 85589.6 63266.5 373 473 0)
(48577 26218.7 1876.07 356 456 3)
(48588 -24093.9 -88695.2 400 500 1)
(48589 17172.6 -37381.8 434 534 0)
(48595 65453.8 104508 145 245 1)
(48597 117823 -23256.4 143 243 0)
(48599 -5920.28 -93694.7 419 519 1)
(48604 -118649 -91703.1 232 332 0)
(48606 -31302.5 -81552.1 239 339 1)
(48607 67734.1 87546 517 617 1)
(48614 87663.5 -21292.5 527 627 1)
(48626 -110561 -129821 97 197 3)
(48635 -28129.7 131827 561 661 1)
(48636 -19059.4 -103741 244 344 1)
(48642 -89282.4 102368 33 133 1)
(48655 -86488.4 111563 214 314 3)
(48657 -10988.5 -109764 189 289 0)
(48658 113678 -114809 133 233 1)
(48660 -121638 -108899 347 447 0)
(48669 -112635 -65572.5 456 556 0)
(48674 14492.7 -30186.4 236 336 1)
(48676 -41136.6 -2129.58 452 552 0)
(48683 -96593 -111854 200 300 0)
(48711 56454.6 -105739 325 425 1)
(48715 -63278.4 54149.4 181 281 1)
(48719 -103634 -48497.9 338 438 1)
(48723 -39151.6 24089.2 210 310 1)
(48724 -109570 -7217.7 405 505 1)
(48729 -15010.3 -81732.8 518 618 1)
(48741 100687 -134927 261 361 3)
(48746 119860 -130998 459 559 1)
(48751 56612.4 -112913 442 542 1)
(48754 -31145.5 -93764.8 472 572 1)
(48760 37329.9 -33371.3 532 632 3)
(48765 50260.5 47162.7 132 232 1)
(48772 18203.7 114568 327 427 1)
(48774 -93456.3 -50466.8 420 520 3)
(48776 -29236.3 -149125 595 695 1)
(48780 5121.84 101431 96 196 1)
(48782 -90571.9 71359.9 620 720 1)
(48784 -52134.6 6790 144 244 1)
(48789 -55287.6 49172.4 336 436 0)
(48793 -6980.68 -89684.2 274 374 3)
(48801 48432.2 -9204.92 585 685 1)
(48804 -14168.6 20995.4 485 585 1)
(48807 3087.45 -84730.7 562 662 1)
(48816 -116649 59234.7 229 329 1)
(48820 73701.1 26106.9 593 693 1)
(48821 69508.5 -13247.7 583 683 3)
(48840 -115646 145800 507 607 1)
(48848 65496.8 31042.7 355 455 1)
(48855 -58209.8 -58353 166 266 0)
(48859 -1937.15 -14131 118 218 3)
(48868 123721 -134904 67 167 1)
(48869 81627 -140136 608 708 1)
(48871 -78409.6 94471.1 271 371 1)
(48872 -62292.7 38114.4 129 229 1)
(48874 4098.97 -21298.5 281 381 3)
(48880 41536.8 23171.3 564 664 1)
(48882 -21390.8 -76532.9 351 451 3)
(48883 38376.8 -141941 283 383 1)
(48884 18232.3 37096.7 37 137 1)
(48889 -26152 -69551.9 204 304 1)
(48890 -30209.7 6867.69 255 355 3)
(48892 -53289.8 -36343 321 421 3)
(48896 59395.5 -92591.5 503 603 1)
(48902 59392 -90650.6 166 266 1)
(48913 -28193.1 -56461.8 9 109 0)
(48924 34266.3 48180 179 279 3)
(48927 -24160.4 27048.1 259 359 1)
(48933 -91843.3 -133358 497 597 3)
(48935 124812 96603.8 247 347 1)
(48951 120760 25022 63 163 1)
(48955 11428.9 -35143.2 257 357 0)
(48957 -107652 149840 334 434 1)
(48958 -59291.9 26041.9 354 454 1)
(48963 61378.4 92409.9 84 184 3)
(48968 -106534 -145088 446 546 0)
(48969 78610.1 -122049 404 504 3)
(48972 -23065.9 109458 65 165 3)
(48974 -45198 -142842 1 96 1)
(48975 74529.2 -145932 213 313 1)
(48976 29232 -149121 236 336 1)
(48982 101739 -75577.1 316 416 1)
(48985 -41552.5 -95667.5 236 336 1)
(48991 96808.3 -103047 112 212 1)
(48994 4238.62 16127 622 722 0)
(48997 -73449 -43294.5 156 256 0)
(48998 45395.7 130690 55 155 1)
