(30001 92488.2 -143882 457 557 1)
(30003 33378.2 133695 561 661 1)
(30004 -100538 -23220.5 10 110 1)
(30008 2090.95 -68605.4 566 666 1)
(30013 33246 109452 1 101 1)
(30020 33208 3920.01 40 140 3)
(30037 -117675 54194.6 389 489 0)
(30038 37382.1 -12185.5 228 328 1)
(30050 24247.1 -105836 468 568 1)
(30051 19192.3 -24236.6 122 222 0)
(30054 71468.4 116558 163 263 1)
(30055 10090.7 138624 16 116 3)
(30059 25235.6 -134118 433 533 0)
(30066 109741 -62379.7 60 160 3)
(30076 71462.9 13926.1 17 117 1)
(30077 -56243.7 12960.7 57 157 3)
(30086 -21114.6 -21258 378 478 0)
(30097 5091.18 -47619.7 573 673 3)
(30109 -44263.4 -146121 486 586 1)
(30114 -104548 124582 50 150 3)
(30116 5058.62 65307.2 329 429 1)
(30119 -62406.9 51151.6 257 357 1)
(30120 33322.4 -76686.1 594 694 3)
(30125 -10033.3 -35168.5 561 661 3)
(30129 -5796.45 -28208.6 33 133 3)
(30132 67420.5 38090.3 24 124 1)
(30133 -5977.57 47169.4 180 280 1)
(30139 58426.8 -83599.4 1 95 1)
(30140 -95316.5 -123729 27 127 1)
(30157 29309.6 27122.6 337 437 1)
(30162 -10930.5 -131088 308 408 0)
(30163 -82465.4 16016.1 73 173 1)
(30173 -87555.3 -23241.1 121 221 0)
(30176 48386.7 -51427.3 308 408 1)
(30179 -89393.4 74189.2 37 137 1)
(30187 -35187.5 -101850 571 671 1)
(30204 -107724 80474.6 396 496 3)
(30208 50317.1 -69470.1 189 289 3)
(30210 -99588.3 -109854 407 507 1)
(30212 23190.2 89424 143 243 1)
(30213 -96453.9 -60430.2 4 104 3)
(30217 118735 69271.6 22 122 1)
(30225 -61395.3 133876 583 683 0)
(30237 18912.6 -97162.6 610 710 1)
(30238 5091 119596 3 103 1)
(30239 15167.3 55201.4 104 204 1)
(30252 24195.9 143995 471 571 1)
(30255 -31219.4 -1992.5 1 98 0)
(30275 -116796 -129043 614 714 1)
(30296 106780 4934.88 448 548 3)
(30299 -92547.2 -128967 387 487 1)
(30300 25233.3 -91770.1 628 728 1)
(30307 -122588 116641 245 345 0)
(30315 92653.5 -144113 402 502 1)
(30321 3006.09 -138975 212 312 1)
(30322 -53554 13737 606 706 1)
(30324 40210.4 -107748 145 245 1)
(30328 35326.8 -110929 599 699 3)
(30331 79627.4 69336.6 537 637 3)
(30334 -59291 -138186 593 693 1)
(30346 -39213.7 34079.1 208 308 1)
(30348 77557.3 -13221.4 393 493 1)
(30355 116729 -146956 93 193 1)
(30357 -4954.44 -37407.1 173 273 0)
(30376 36261.5 -6276.33 136 236 1)
(30377 -57580.9 -15246.5 260 360 3)
(30381 124447 45404.2 224 324 1)
(30385 11260.8 -127902 314 414 1)
(30389 -113582 -41402.6 42 142 3)
(30400 -106582 95464.6 298 398 1)
(30402 -1993.76 -47313 316 416 3)
(30403 -122646 -139007 219 319 3)
(30404 -66281.9 68329.9 395 495 1)
(30411 18206.7 -78666.1 333 433 0)
(30417 -39146.5 108119 252 352 1)
(30418 70334.8 42139 432 532 1)
(30420 -14048 47150 13 113 0)
(30422 -75406.5 116619 309 409 0)
(30425 104648 138679 146 246 1)
(30427 -51365.7 51211.3 2 102 0)
(30429 21231.9 -88797.1 574 674 3)
(30430 -101532 -133883 181 281 1)
(30433 27234.9 -43392.8 336 436 1)
(30439 -104567 113529 134 234 3)
(30442 87789.7 -71638.5 379 479 3)
(30448 91559.6 -26248.5 67 167 3)
(30451 -105519 111525 206 306 3)
(30452 17233.4 70331.8 513 613 1)
(30470 8089.97 -57428.9 23 123 1)
(30471 35.4964 -82638.3 138 238 1)
(30479 41480.4 67427.9 584 684 1)
(30481 44314 99530.8 184 284 1)
(30484 -36720.6 6744.4 541 641 1)
(30492 -20042.5 -101679 105 205 1)
(30496 -70404.2 -115912 491 591 1)
(30500 66507.6 13930.7 604 704 3)
(30503 -35183.4 863.021 594 694 1)
(30504 87584.2 137699 403 503 3)
(30512 92503.3 56354.6 196 296 3)
(30514 -82442.5 20866.3 230 330 0)
(30515 36327.6 133822 569 669 1)
(30533 -67334.6 -75662.3 124 224 0)
(30535 -60312.9 -47476.7 133 233 3)
(30542 109777 -74600.5 425 525 0)
(30559 -31000.7 -79.6063 100 200 1)
(30560 -98418.7 24992.2 85 185 1)
(30564 92745.6 40067.4 534 634 1)
(30566 61400.5 -119815 139 239 1)
(30567 -45266.2 -69660.5 545 645 1)
(30569 20194.4 -86714.6 538 638 3)
(30571 1090.8 62286.8 350 450 1)
(30578 -88772.2 140974 577 677 1)
(30589 -19069 -6096.61 194 294 3)
(30591 -84461.1 -85646.4 419 519 1)
(30592 -96532.1 65172.7 87 187 1)
(30593 -122699 -123002 515 615 1)
(30594 -118619 -100844 395 495 3)
(30600 -11950.8 77371.7 151 251 3)
(30601 69457.9 20978.8 216 316 1)
(30604 122797 35129.7 76 176 1)
(30614 -96564.5 137730 353 453 3)
(30622 80561.9 39099.3 194 294 3)
(30623 -50268.3 -3139.42 412 512 3)
(30646 -3014.37 -104749 499 599 1)
(30647 77520 -71565.7 105 205 0)
(30656 -45347 -35562.1 573 673 3)
(30658 -46177.3 -96851.1 470 570 1)
(30662 -21021.5 -92607.6 65 165 0)
(30664 66448.1 24040.9 104 204 1)
(30689 -65209.3 -72530.9 252 352 0)
(30690 44414.2 -158.718 407 507 3)
(30697 -108734 -88540.2 63 163 3)
(30700 113679 23016.5 96 196 1)
(30701 76594 -104899 593 693 3)
(30704 -123577 -33367.7 44 144 1)
(30705 10139.5 -130936 253 353 1)
(30717 89767.5 -48603.5 489 589 1)
(30724 -16055 -140119 575 675 1)
(30732 -23072.5 -1123.01 60 160 1)
(30744 -113719 -63560.8 524 624 0)
(30750 -48217.3 -10187.7 302 402 1)
(30755 -20122.3 923.955 522 622 1)
(30759 82525.3 -42715.8 131 231 0)
(30765 -42285.5 -70416.9 25 125 1)
(30768 -10015.1 -74578.8 285 385 1)
(30778 -40072.7 18847.5 123 223 1)
(30783 -20094 -101719 167 267 1)
(30823 -54106.8 -97585.2 538 638 3)
(30824 50622.7 -78613.8 456 556 1)
(30826 -22082.2 25428.7 314 414 3)
(30830 -14047 -79627.9 104 204 1)
(30839 -45200.5 118569 156 256 3)
(30841 -103547 -95699.6 220 320 3)
(30842 -12038.1 -68502.4 133 233 1)
(30845 -16045.6 66304.5 419 519 0)
(30853 -36162.2 -86671.7 353 453 1)
(30855 -105541 71301.7 158 258 1)
(30857 19170.5 -24278.2 245 345 1)
(30860 45343.9 -109810 303 403 3)
(30865 -87531.2 -67587.7 312 412 1)
(30868 121863 7873.08 255 355 1)
(30869 104094 -22396.6 504 604 3)
(30873 19205 -47468.8 508 608 1)
(30877 5093.39 -10214 563 663 0)
(30880 -39209.5 41190.9 493 593 1)
(30884 85348.5 28054.5 39 139 1)
(30892 -100545 -93701.9 284 384 1)
(30908 15197.5 98470.7 245 345 1)
(30919 -64301 149706 128 228 1)
(30930 -13047.6 82403.1 357 457 0)
(30935 10305.2 -93754.3 580 680 3)
(30939 23282.4 -93812.5 511 611 1)
(30942 16241.8 14924.4 592 692 1)
(30949 47531.9 -121541 472 572 1)
(30950 1038.9 -62507.3 136 236 3)
(30956 -37191.7 -63588.1 608 708 1)
(30957 -106670 49229.5 347 447 1)
(30961 -15003.3 17977 419 519 1)
(30963 -38169.4 -83671.4 491 591 0)
(30972 -31971.8 -113744 4 104 1)
(30984 -32438.3 -17360.6 623 723 3)
(30987 120734 -56647.1 83 183 1)
(30991 52579.1 -3283.11 535 635 1)
(30998 80528.9 -64483.9 185 285 1)
