(79002 -61432 -134896 136 236 0)
(79014 43359.5 -60470.9 325 425 1)
(79020 84528.8 -140037 336 436 1)
(79021 108818 86491.9 539 639 1)
(79023 -17006.5 -147671 28 128 0)
(79030 -49159.6 -74531.5 86 186 1)
(79040 -22112.4 -37397.9 479 579 1)
(79050 87591.2 -96700.2 234 334 1)
(79051 -112587 -125849 346 446 0)
(79062 4093.92 64272.1 217 317 1)
(79074 9150.51 20052.7 417 517 1)
(79079 -79518.6 -92704.1 318 418 0)
(79086 39274.7 -25288 256 356 3)
(79103 111572 116538 79 179 1)
(79104 112662 40110.9 43 143 1)
(79110 4089.81 55217.5 125 225 1)
(79116 -68484 4918.28 506 606 1)
(79122 5218.81 86525.7 430 530 0)
(79144 -8976.22 -17267.2 604 704 0)
(79145 -43201.7 85403.7 279 379 1)
(79148 99775.4 65316.9 605 705 1)
(79155 -30196.2 -106726 1 101 3)
(79156 3925.86 -83999.6 486 586 1)
(79160 47275.1 -45090.3 222 322 1)
(79162 -59270.4 -7171.89 57 157 3)
(79170 24277.8 -141018 470 570 3)
(79171 -55446.8 -9242.8 103 203 1)
(79179 -74407.1 145784 357 457 0)
(79180 -73435.8 -7196.67 560 660 1)
(79184 -99416.5 125659 192 292 3)
(79187 -64426.4 -143153 611 711 1)
(79195 -106535 -145932 85 185 1)
(79197 -78372.9 -53468.2 125 225 0)
(79210 71479 48089.1 63 163 1)
(79213 11139.7 -108149 311 411 1)
(79218 38335.1 61177.5 153 253 1)
(79219 16.7864 90598 591 691 1)
(79223 111284 113985 495 595 3)
(79226 20242 -86641.3 86 186 1)
(79230 85581.8 -52563.1 88 188 0)
(79231 -59286.8 26997.5 242 342 1)
(79234 10297.3 25091.6 18 118 0)
(79236 -36115.3 26102.7 1 97 3)
(79240 1141.52 -61507.5 325 425 1)
(79252 -7099.17 30074.4 554 654 3)
(79255 -30017.9 -58532.4 134 234 0)
(79260 93643.8 5775.01 618 718 3)
(79262 -57369.7 -135987 45 145 1)
(79269 -29135.6 -144141 550 650 1)
(79270 -115627 74345.9 353 453 3)
(79278 -20712.1 -149247 457 557 3)
(79286 48334 -23254.9 388 488 0)
(79291 -112603 64245 147 247 0)
(79297 35319.7 117721 424 524 1)
(79300 24149.7 -73492.2 29 129 1)
(79311 -66409.6 75608.1 534 634 3)
(79313 100623 -123766 45 145 1)
(79322 830.154 97596.2 350 450 3)
(79330 115895 33767.1 260 360 3)
(79333 -78383.4 -138878 74 174 1)
(79338 200.377 111468 477 577 3)
(79340 -64359.2 -14071.3 451 551 1)
(79341 114801 -49436.2 378 478 3)
(79346 50391.1 14983.2 293 393 1)
(79348 30266 40072.5 229 329 3)
(79354 -1948.09 21024.2 556 656 1)
(79374 -46671.3 -29177 256 356 1)
(79380 -25129.2 -143951 152 252 3)
(79391 115851 46153.6 305 405 1)
(79394 68296.9 -49716.9 196 296 1)
(79397 -111436 106476 48 148 1)
(79398 64488.4 40116.4 379 479 1)
(79404 33285.2 -98667 105 205 1)
(79411 60451.8 -127234 549 649 0)
(79421 -71330.8 30063.8 20 120 3)
(79427 -39161.6 24053.1 34 134 1)
(79429 17150.7 -116908 438 538 0)
(79431 -99705.9 -57677.1 629 729 0)
(79441 52363.3 136669 98 198 3)
(79453 -55290.2 90435.8 492 592 1)
(79461 -53258.8 -35341.3 183 283 1)
(79464 15128.8 3897.23 55 155 1)
(79466 10170.1 -111843 431 531 3)
(79468 70382.7 -138917 244 344 1)
(79470 -76497.5 -30401.8 627 727 1)
(79481 -71383.7 22236.9 473 573 0)
(79484 91461 -57428 62 162 0)
(79496 -80374.1 140627 21 121 0)
(79501 108775 -121866 308 408 1)
(79502 -73397.4 -88805.9 558 658 3)
(79505 20089.2 85370.9 374 474 1)
(79508 -44268 -86612.4 279 379 1)
(79509 -21102.2 945.279 237 337 1)
(79523 -53349.4 -74516.6 4 104 3)
(79525 -33140.9 -69523.9 75 175 1)
(79545 -48245.4 71341.5 200 300 1)
(79546 113637 -115717 85 185 3)
(79550 70491.1 112556 89 189 1)
(79553 25231.9 -45388.7 204 304 3)
(79556 -37138.9 -66615.6 300 400 1)
(79565 84551.7 -74897.3 443 543 3)
(79567 -72424.7 -65599.2 372 472 0)
(79568 -60322.2 80434.2 62 162 1)
(79570 -43674.4 122857 510 610 1)
(79573 -40188.5 -125004 500 600 1)
(79574 -72458.2 -13209.5 606 706 1)
(79577 -23077.7 18971.9 247 347 1)
(79580 74437.9 -63497 188 288 0)
(79581 119899 -62443.2 51 151 0)
(79583 -12995 -36416.4 544 644 1)
(79586 94665.8 -130964 350 450 3)
(79587 102691 -128490 488 588 3)
(79588 42354.8 82463.1 326 426 0)
(79594 22072.8 -2005.5 31 131 1)
(79605 -45229.1 -58512.7 347 447 1)
(79626 15133.6 -5141.8 251 351 1)
(79627 69759.9 -52434.3 554 654 1)
(79631 13215.2 38171.7 596 696 0)
(79639 -24081.5 18993.1 447 547 1)
(79641 32324.7 -103847 429 529 1)
(79642 24192.2 102481 80 180 3)
(79645 71504.5 97390.3 29 129 3)
(79658 61389.3 97379.3 214 314 1)
(79678 53426.1 -96801.3 502 602 3)
(79680 123856 76345.3 341 441 1)
(79684 -7010.67 65288.2 532 632 3)
(79698 -41188.5 -18096.7 584 684 1)
(79702 -89535.2 89456.7 465 565 1)
(79704 -25096.7 22026.1 73 173 1)
(79714 58495.5 -85759.9 594 694 1)
(79718 -72392.1 -109808 308 408 1)
(79720 96778.8 -56606.8 585 685 1)
(79729 85678.1 -107825 438 538 1)
(79731 66476.6 -1003.02 74 174 1)
(79741 28221.9 -30373.8 575 675 1)
(79745 -30113.6 127714 496 596 1)
(79754 -87746.6 -130809 546 646 1)
(79766 -943.561 25995 580 680 1)
(79775 62543.5 -48438.3 533 633 0)
(79784 -88576.8 39158 573 673 1)
(79790 111654 -98643.1 48 148 1)
(79791 -97601.1 26157.8 616 716 3)
(79801 -68468.7 111381 444 544 1)
(79803 -27108.3 -32519.5 542 642 3)
(79804 105748 -14249.6 382 482 1)
(79805 57378.3 21004.8 1 94 1)
(79807 27240.3 -136073 264 364 1)
(79810 -46043.3 -29122.1 406 506 0)
(79818 53368.2 -103705 166 266 0)
(79822 -1460.06 -100582 84 184 1)
(79824 58466.7 -116839 332 432 1)
(79833 63605 -1173.03 538 638 0)
(79853 14107.5 -39377.5 224 324 1)
(79859 19260.2 -25339.3 428 528 0)
(79867 -84604.4 -44410.4 413 513 1)
(79883 1027.65 -140398 498 598 0)
(79888 52380.8 121624 309 409 0)
(79889 -61303.7 -2132.78 425 525 1)
(79893 35217.9 31125.2 201 301 3)
(79899 -115727 38124.9 547 647 0)
(79900 20206.7 58374.8 598 698 3)
(79901 -6191.43 -70650.5 514 614 1)
(79904 54420 73707.6 589 689 1)
(79906 18240.6 -124.792 302 402 1)
(79910 -78388 -64687.2 149 249 1)
(79919 -85452.6 101520 287 387 3)
(79935 -58265.4 102568 502 602 0)
(79937 -52252.7 -16188.2 114 214 0)
(79938 33271.2 -49607.3 491 591 1)
(79941 34304.3 140808 358 458 1)
(79943 -49057.1 -65064.5 391 491 1)
(79947 -31034.5 18019.8 134 234 1)
(79962 97644.5 89411.4 247 347 1)
(79970 -55304.1 -148991 325 425 1)
(79971 76471.2 122494 60 160 1)
(79976 97508.1 -2290.9 95 195 1)
(79980 92023.2 61411.2 389 489 1)
(79982 61643.8 -47295.5 152 252 3)
(79993 -52177.2 -109097 327 427 0)
