(24011 118848 -49443.7 403 503 1)
(24013 -100536 142712 98 198 1)
(24022 5020.95 -58639.6 338 438 1)
(24030 -48217.6 -9991.46 77 177 1)
(24036 -936.268 -7152.66 42 142 0)
(24039 -118601 33108.5 396 496 0)
(24043 -79419 5927.55 415 515 1)
(24057 -54265.6 33996 263 363 1)
(24059 -932.323 -53454.8 255 355 3)
(24064 53417.1 -97747.7 154 254 3)
(24085 -40509.5 133890 581 681 1)
(24086 -9012.87 -32320.2 1 97 3)
(24092 52319.8 -9140.49 305 405 0)
(24093 -72311.3 -110785 113 213 1)
(24097 116684 -110656 147 247 1)
(24107 -37160.6 -14167 35 135 1)
(24115 44340.2 -107828 382 482 0)
(24118 17148.6 9938.3 63 163 3)
(24119 49341.3 -125837 135 235 1)
(24124 94601.1 140879 332 432 1)
(24137 -76317.4 86429.1 232 332 1)
(24139 -116795 -65626.3 527 627 1)
(24140 -57243.1 -29152.7 18 118 1)
(24155 -49257.2 48200.3 505 605 3)
(24158 10142.5 25925 7 107 1)
(24164 -90664.1 -74562.4 474 574 1)
(24166 60638.8 117781 627 727 1)
(24167 70441.4 -124818 39 139 1)
(24169 20242.8 -86711.9 335 435 1)
(24174 -17048.3 -81721.2 576 676 1)
(24180 47402.7 50262.9 159 259 3)
(24208 -90461.5 133642 129 229 3)
(24212 -47199.5 -142915 146 246 0)
(24221 -115674 -135991 331 431 3)
(24229 -13023.3 117654 566 666 1)
(24248 30240.7 -133971 125 225 1)
(24249 -52320.3 31049.8 54 154 1)
(24251 88646.2 -128945 270 370 1)
(24258 -54242.2 -71705.8 23 123 1)
(24259 19166.9 -58637.7 508 608 3)
(24269 -115692 -54382.1 582 682 0)
(24276 114860 58263 7 107 0)
(24278 -96580.5 -79583.9 389 489 1)
(24286 41323.6 -81663.1 369 469 1)
(24290 111802 -82695 425 525 1)
(24293 11293.1 123760 440 540 1)
(24295 -87509 76368.9 186 286 0)
(24303 -42213.7 -14074 416 516 1)
(24304 -57318.2 -52549.6 476 576 3)
(24306 -2965.3 137917 524 624 3)
(24307 58456.8 76377.3 391 491 1)
(24312 54578.7 -1047.07 575 675 1)
(24329 -91566.8 5873.22 418 518 1)
(24330 -1937.4 -80657.2 325 425 1)
(24333 77547.4 -79670.8 595 695 1)
(24334 4124.32 -90671.4 169 269 3)
(24338 69478.5 110486 14 114 1)
(24344 -33053.6 -37249.4 435 535 1)
(24345 31224.2 98519.7 328 428 1)
(24346 -47310.5 783.309 420 520 0)
(24349 31005.6 94682.9 502 602 1)
(24355 -31871.2 62249.3 295 395 1)
(24359 -94734.2 86473.8 596 696 1)
(24363 122735 21015.1 31 131 0)
(24373 -2889.93 57414.6 319 419 1)
(24376 15263.4 34095.1 547 647 1)
(24393 78680 -46460 481 581 3)
(24400 -65324 -115876 496 596 1)
(24405 -32382.6 13957.8 504 604 1)
(24416 100593 -45587.5 585 685 1)
(24419 105790 -101820 435 535 1)
(24429 -39156.8 -42275.7 309 409 0)
(24430 -43213.7 -49486 610 710 1)
(24436 -38985.2 -142719 83 183 1)
(24438 98609.5 -64613.5 429 529 3)
(24439 103831 -51474 555 655 1)
(24444 13151.2 85438.8 442 542 1)
(24446 43660.8 -22330 577 677 1)
(24451 -20070 -31368.3 589 689 3)
(24455 -37425.9 138813 405 505 0)
(24458 -1984.21 108454 210 310 0)
(24460 -62405.4 -148910 260 360 1)
(24461 -39176.2 24051.5 476 576 1)
(24475 -56291.6 -104677 37 137 1)
(24477 -26089.3 -8200.66 436 536 3)
(24486 107714 132632 111 211 1)
(24493 14066.7 -49507.7 186 286 1)
(24498 -72365.6 110472 60 160 1)
(24499 99554.9 21027.8 373 473 3)
(24504 63519.2 -30237.2 435 535 3)
(24530 -49130.3 -66572.3 71 171 1)
(24542 13088.6 23815.7 527 627 1)
(24545 -17082.4 30992.4 496 596 1)
(24553 -15973.9 4804.79 564 664 1)
(24554 -11036.9 85666 235 335 1)
(24567 -69413.8 45183.3 423 523 1)
(24569 27394.9 -53547.3 481 581 1)
(24570 80407.2 -70517.5 110 210 3)
(24572 79521.6 -36403.3 306 406 0)
(24583 -50372.9 -103818 294 394 3)
(24584 -72364.6 -112877 382 482 0)
(24593 -1979.64 -123905 376 476 3)
(24594 -105510 87370.3 292 392 0)
(24595 -86434 -101655 65 165 3)
(24614 95615.2 -121747 23 123 1)
(24619 -50269.8 -134006 201 301 1)
(24628 17173.6 -56444.6 410 510 1)
(24629 -26982.1 -149894 63 163 1)
(24631 42295.6 67269.2 12 112 3)
(24634 12128.3 10919.8 322 422 1)
(24636 1036.67 -60417.7 43 143 1)
(24639 123711 60212.1 45 145 1)
(24642 63419.4 64331.1 125 225 3)
(24659 -4985.5 -134884 81 181 3)
(24666 -55205.4 -20257.6 344 444 3)
(24674 -15011.7 -114820 207 307 1)
(24676 -103700 -80964 410 510 1)
(24679 115790 -3147.89 291 391 1)
(24684 113744 -110904 374 474 1)
(24685 -54311.3 -21298.6 475 575 3)
(24686 -3023.87 -82732 607 707 0)
(24696 -101570 -6059.26 446 546 0)
(24698 -88495.8 75329 133 233 1)
(24707 -64337.9 98606 510 610 1)
(24709 116119 -63902.8 235 335 1)
(24711 55416.8 -88681.3 360 460 0)
(24714 -87465 -88643.7 216 316 1)
(24715 -44229.1 66010.6 56 156 1)
(24720 -22098 -22287.9 496 596 1)
(24722 -25083.3 3889.03 316 416 1)
(24723 -23147.7 -37473 461 561 1)
(24725 25213.9 -108713 56 156 1)
(24730 -56283.3 72305.3 285 385 1)
(24732 -28976.7 -17215.8 48 148 0)
(24738 51364.7 -74625.9 253 353 1)
(24742 -9020.59 89175 576 676 3)
(24745 -6520.89 43928 476 576 0)
(24746 102172 46300.7 578 678 1)
(24749 -23298.3 -67631.8 403 503 1)
(24750 21142.5 106601 478 578 1)
(24756 -102541 23018.8 76 176 3)
(24762 32250.3 97483.7 127 227 0)
(24772 -9941.54 11937.6 514 614 1)
(24776 -35208.2 -22249.3 590 690 0)
(24777 81642.4 116612 318 418 1)
(24778 95666.4 134741 438 538 1)
(24780 108798 -85742.3 538 638 1)
(24791 -71383.7 -50286.3 194 294 3)
(24792 -79454.3 17972.3 406 506 1)
(24794 11141.2 -2211.72 245 345 1)
(24797 -116606 -87742.7 480 580 0)
(24806 81677.8 -170.749 314 414 0)
(24816 54399.9 -88632.7 183 283 1)
(24818 -56151.5 -37292.3 17 117 3)
(24820 121815 -123668 205 305 1)
(24822 95770.6 -35390.6 569 669 1)
(24832 23190.5 57265 470 570 3)
(24838 58130.3 -12090.2 181 281 1)
(24848 100721 84243.1 14 114 0)
(24857 105759 -124946 403 503 1)
(24864 -62276.8 -40342.1 70 170 1)
(24875 50337.9 121552 61 161 1)
(24878 -7990.77 -8225.83 489 589 1)
(24883 39333.3 -30339.7 430 530 1)
(24893 65464.4 5916.35 211 311 3)
(24894 106667 70241.6 99 199 1)
(24905 -79355 1876.3 37 137 0)
(24907 65481.8 73358.1 465 565 1)
(24916 76544.4 69259.1 591 691 1)
(24919 118868 -144111 457 557 0)
(24923 15187.6 -29460.6 591 691 1)
(24935 -20037.3 -116884 398 498 0)
(24942 5204.46 3963.08 232 332 1)
(24950 -62278.6 -141800 83 183 1)
(24953 20151.4 11846 235 335 3)
(24956 -45290.4 98550.9 542 642 1)
(24965 -41197.2 -74659.1 539 639 3)
(24968 65566.5 -59413 477 577 0)
(24980 35319.6 -71647.2 586 686 1)
(24987 -71448.8 74403.1 565 665 3)
(24990 -102554 73259.4 171 271 1)
(24993 -105695 77390 401 501 1)
(24998 -73397.7 -12200.1 185 285 3)
(24999 -21083.3 -117912 379 479 1)
