(46003 -9898.78 -21022.2 91 191 0)
(46020 79370.2 -130964 30 130 1)
(46021 24270.1 91410.9 108 208 1)
(46034 94635.8 86397.5 265 365 1)
(46035 71428.3 114613 191 291 0)
(46037 119766 -104810 517 617 3)
(46046 54266.2 107506 129 229 1)
(46052 112751 9947.36 280 380 1)
(46056 28304.2 -92711.1 270 370 3)
(46070 91747.7 116683 528 628 1)
(46076 -117848 145936 621 721 0)
(46077 -115643 -27388.6 147 247 0)
(46080 -5896.2 -128082 296 396 3)
(46085 92671.6 28054.5 419 519 1)
(46091 59514.5 40135.4 566 666 1)
(46098 -79433.8 149884 434 534 1)
(46102 -13987.8 -57486.4 557 657 3)
(46104 -103544 -107886 322 422 0)
(46113 98691.4 -24376.4 532 632 1)
(46115 93536.7 -132899 141 241 1)
(46117 94729.2 12965.5 529 629 1)
(46129 -38162.8 36097.1 112 212 1)
(46135 -115733 41152.9 472 572 1)
(46141 -62243.1 62290.8 342 442 1)
(46142 103799 -78738.7 612 712 1)
(46149 -27276.7 19890.6 572 672 1)
(46153 37265.4 -131.603 269 369 3)
(46156 -3051.57 87549.9 367 467 1)
(46157 -52379.7 120792 471 571 1)
(46174 -42245.2 103450 142 242 3)
(46184 -109673 98507.9 477 577 1)
(46186 45313.6 112594 371 471 3)
(46198 88680.3 -139183 618 718 1)
(46200 -49272.5 75343.6 231 331 3)
(46203 -119668 -146973 220 320 1)
(46214 -81539.5 75396 127 227 1)
(46216 -30168.7 -90782.7 356 456 3)
(46220 -88257.5 -25194.1 22 122 1)
(46221 42307.9 139731 339 439 1)
(46223 16135.7 -73425.2 36 136 0)
(46227 -96441 140652 55 155 1)
(46231 -7835.6 -1429.81 448 548 0)
(46233 -82668.8 133687 423 523 1)
(46243 55435.2 -143155 569 669 1)
(46245 6095.19 72355.8 109 209 0)
(46251 123004 -21309.4 599 699 0)
(46253 -84463 -63560.7 372 472 1)
(46257 44271.8 103597 408 508 3)
(46259 -120724 -103736 176 276 1)
(46265 60481.4 -42466.2 482 582 3)
(46267 -36162.8 -121.697 109 209 1)
(46269 -94500.6 -61490 208 308 1)
(46279 47435.7 134831 369 469 0)
(46288 19283.5 -32237 108 208 1)
(46313 -18066.5 60251.8 295 395 1)
(46323 13178.4 -88781.4 502 602 1)
(46327 -113622 45151.3 233 333 1)
(46329 71422.6 -98612.7 230 330 0)
(46334 97631.6 112571 607 707 0)
(46336 124938 63314.7 578 678 0)
(46351 70456 71469.7 303 403 1)
(46366 19167.6 8100.1 361 461 1)
(46372 -34159.6 -129012 398 498 3)
(46381 -108543 68257.2 44 144 1)
(46382 104506 88314.1 82 182 1)
(46386 69570.1 -82870.7 362 462 0)
(46397 -67413.7 -13200 223 323 0)
(46400 69392.8 -16196.8 131 231 0)
(46402 90449.5 -124801 21 121 0)
(46407 -30119.3 -14178.9 109 209 1)
(46409 71501.2 138679 119 219 1)
(46415 -28292 -19338.1 576 676 1)
(46417 -8987.56 -13237.8 557 657 3)
(46422 10128.8 -20185.6 117 217 3)
(46426 118840 67324.7 388 488 1)
(46432 -9089.49 -1016.3 355 455 1)
(46435 4855.07 43232.7 186 286 1)
(46437 -12047.1 76343.9 550 650 1)
(46439 85645.7 42161.9 421 521 1)
(46448 -120689 -47478.8 278 378 0)
(46449 93626.9 -45409.9 219 319 3)
(46465 -86486.7 20564.4 605 705 1)
(46467 78620.6 -32344.8 605 705 1)
(46469 -50269 -55588.8 447 547 1)
(46470 -89523.7 -42415 146 246 1)
(46473 121092 63961 626 726 1)
(46488 -36190.7 66259.2 132 232 1)
(46503 -119720 -66597.3 467 567 1)
(46508 -58272.2 6974.67 510 610 0)
(46509 67433.8 72278.8 74 174 1)
(46517 92710.1 -38411.6 535 635 1)
(46520 -49243 -94702.9 247 347 1)
(46521 -90632.8 -56250.2 318 418 3)
(46523 33390.2 29115.8 608 708 1)
(46524 -35075.1 87381.5 261 361 0)
(46533 -58284.6 -88654 158 258 1)
(46539 57376.2 -106912 534 634 1)
(46542 14166.6 -133069 529 629 1)
(46543 -89494.6 85437.7 19 119 3)
(46550 -55211.3 -47506.1 180 280 0)
(46563 61477.3 -52516.8 451 551 1)
(46566 -29240.4 9830.28 472 572 0)
(46572 21207.1 -1135.11 308 408 1)
(46575 -120608 -16210.8 88 188 1)
(46589 -120638 -24232.9 563 663 1)
(46600 79452.2 91444.6 87 187 1)
(46607 119798 109635 347 447 1)
(46609 4964.22 59334.1 65 165 1)
(46611 59493.7 -32392.1 500 600 1)
(46613 -3935.47 -68603.1 159 259 1)
(46615 -34148.9 134698 299 399 0)
(46620 71537.4 98483 120 220 0)
(46624 -4961.07 99468.6 16 116 1)
(46625 -89481.2 80352.9 207 307 1)
(46632 84586 26994.3 167 267 1)
(46645 -97556.4 -57380.5 157 257 1)
(46649 75539 139747 316 416 1)
(46650 47474.9 -98769.7 323 423 3)
(46662 -28127.4 -41382.7 490 590 1)
(46663 38297.9 106494 188 288 1)
(46670 72206.5 101500 151 251 3)
(46676 -37090.8 -96789.5 406 506 3)
(46689 -47210.2 26046.2 78 178 0)
(46693 8118.74 121685 462 562 1)
(46717 25272.1 -24267.6 524 624 0)
(46719 -91423.6 49126.4 52 152 1)
(46720 14137.3 -2114.16 45 145 1)
(46724 78531 18032.7 6 106 1)
(46737 -43250.4 9951.4 472 572 3)
(46738 -64718.7 56298.8 54 154 0)
(46747 -75367.7 6983.67 275 375 1)
(46750 28199.4 78319 132 232 1)
(46751 -64490 121469 294 394 1)
(46763 -106587 -1115.16 277 377 3)
(46767 1038.37 26111.4 262 362 3)
(46774 74382.3 -32287.8 84 184 1)
(46776 78673.6 40157.2 515 615 0)
(46785 58492.8 -122959 385 485 3)
(46797 -55218.2 -99793.5 269 369 3)
(46800 30347.9 113668 52 152 1)
(46802 -43078.9 103345 32 132 3)
(46803 25405.1 -102769 437 537 0)
(46806 96496.6 -17186.6 119 219 0)
(46819 38185.2 -85614.7 119 219 3)
(46822 107827 -13214.7 564 664 0)
(46824 -70364 146797 248 348 3)
(46830 15096.5 41065.8 136 236 1)
(46840 58476.2 61301 217 317 1)
(46850 14801 74547.1 13 113 1)
(46853 63564.2 -346.522 180 280 0)
(46856 103772 -100906 269 369 1)
(46867 -65378.2 -74895.7 597 697 0)
(46870 11208.3 -137068 317 417 1)
(46871 -29059.4 -45460.2 328 428 0)
(46882 7072.07 -108789 195 295 1)
(46883 -52213 43244.6 405 505 1)
(46884 -31150.5 -47426.5 339 439 1)
(46887 -87487.7 -15366.2 582 682 1)
(46891 43275.1 16001.3 66 166 3)
(46895 124932 -84709.9 467 567 1)
(46900 66476.4 -20067.7 368 468 3)
(46905 -81395.5 16992.8 115 215 1)
(46907 -5026.43 50139.8 242 342 1)
(46915 91714.5 -59477.1 281 381 0)
(46924 -76507.1 66309.8 419 519 3)
(46937 79594.1 136844 548 648 1)
(46943 -102611 -21277.1 486 586 1)
(46956 60654.7 -9065.07 542 642 0)
(46957 16175.5 -101838 419 519 1)
(46967 -61316.5 -69553.6 253 353 1)
(46971 -96413.9 -103883 192 292 3)
(46975 -40145.4 -11127.8 119 219 1)
(46979 -110804 84585.8 340 440 1)
(46994 20178.6 24986 262 362 1)
(46996 -106965 -49533.2 3 103 1)
(46998 -82415.3 84338.5 116 216 3)
