(59002 -12985.9 76322.5 236 336 0)
(59003 62429 -11314.9 537 637 1)
(59007 -119703 55257.2 246 346 0)
(59010 24228.1 -61542.4 511 611 3)
(59012 109827 -91747.4 457 557 1)
(59019 93620.7 -61489 241 341 1)
(59021 19157 -104756 152 252 3)
(59026 -102484 -117802 94 194 0)
(59027 9064.93 -67413.1 5 105 1)
(59029 -103600 -91741.3 95 195 1)
(59032 45346.1 -105781 325 425 1)
(59039 -37169.5 -40374.6 263 363 1)
(59040 79599.8 100530 325 425 1)
(59041 -41183.1 -57504.7 418 518 1)
(59053 88519.3 -20273.1 1 95 1)
(59054 34340.7 -126983 592 692 1)
(59061 15140 -53444.8 184 284 1)
(59068 121935 -67626.6 628 728 1)
(59070 -72263 -105697 125 225 1)
(59071 -9938.39 103365 161 261 3)
(59084 -61262.2 116406 119 219 1)
(59090 48342.2 -125834 125 225 3)
(59105 -55293.7 -17240.4 450 550 1)
(59111 56470.6 10918 610 710 1)
(59117 -118795 6990.98 325 425 1)
(59120 -78416.1 7938.35 580 680 1)
(59128 -78438.7 4910.55 381 481 1)
(59129 10120.9 -4152.79 196 296 3)
(59134 -111769 -8350.18 524 624 1)
(59135 37329.3 100547 531 631 1)
(59136 -28106.9 11048.3 98 198 1)
(59137 -75315.3 128604 80 180 0)
(59142 -44260.8 22092.8 437 537 1)
(59143 -44507.5 136810 617 717 1)
(59144 -87435 -132917 279 379 3)
(59161 -45232.7 -10187.9 460 560 1)
(59180 -13983.8 -112788 164 264 3)
(59184 18965.5 64371.3 546 646 3)
(59199 -71418.8 -96796.1 519 619 3)
(59201 23218.3 -82677.8 428 528 0)
(59203 18142 141778 410 510 1)
(59205 86669.6 -78676.5 517 617 1)
(59212 -81485.1 -50458.3 101 201 1)
(59216 -64410.5 94401.9 283 383 3)
(59220 102599 -85581.6 80 180 1)
(59221 10891 -13329.8 513 613 0)
(59237 -8025.05 -84751.3 603 703 0)
(59241 -20054.1 -147930 172 272 1)
(59246 101020 -84830.8 254 354 3)
(59247 -57323.9 35956 32 132 3)
(59257 -84467.7 -92685.6 257 357 1)
(59258 -2884.81 -102843 372 472 3)
(59259 27231.6 130655 161 261 1)
(59269 8116.51 89431.7 331 431 1)
(59272 -32169.7 96448.3 611 711 3)
(59273 92683.4 37128.8 347 447 3)
(59280 -88565.4 113794 102 202 1)
(59285 -63231.8 -132871 107 207 1)
(59286 24129.4 48067.2 555 655 3)
(59287 -73435.3 -63505.1 366 466 1)
(59289 58486.5 60319.5 500 600 0)
(59292 64551.7 27056.6 63 163 1)
(59311 34247.4 103465 127 227 1)
(59315 -106634 -49442.7 318 418 1)
(59332 40360.4 -99859.7 386 486 0)
(59335 -5977.41 -40380.4 346 446 1)
(59339 59367.4 -15180.7 1 97 0)
(59349 70528.3 88446 415 515 1)
(59360 -84404.4 -122939 504 604 0)
(59368 -53262.6 -122959 296 396 3)
(59371 -19018.1 -67525.6 489 589 1)
(59398 40431.6 13989.8 605 705 1)
(59401 112772 -50455.9 370 470 3)
(59406 -32070.4 -11212.1 152 252 1)
(59414 38437 -50347.7 459 559 0)
(59419 1054.52 -128844 319 419 0)
(59430 78584.2 896.836 270 370 3)
(59444 -21078.2 69250.8 191 291 1)
(59450 37359.6 -106936 629 729 1)
(59451 66623.3 -80439.8 356 456 3)
(59458 -49271.4 12014.5 542 642 1)
(59467 -28154.8 19894.2 60 160 3)
(59476 -107671 912.76 590 690 1)
(59478 47412.4 -130030 559 659 1)
(59488 -106755 105617 623 723 0)
(59491 -33323.5 -22029.1 611 711 1)
(59504 -19161.7 96688.1 324 424 3)
(59514 87624.7 -12183.3 12 112 1)
(59542 69574.3 -82812.9 281 381 0)
(59553 63444.8 -4171.6 215 315 3)
(59556 -85442 24917 474 574 1)
(59563 -122730 90451 414 514 1)
(59569 -99430.2 -116736 28 128 0)
(59579 -52319 5983.93 428 528 3)
(59580 -5906.64 72327 156 256 1)
(59581 -71438.2 -17278.6 593 693 1)
(59586 -100830 -38396.2 570 670 1)
(59590 106828 -14202.2 523 623 1)
(59603 15130.3 79328.5 14 114 0)
(59604 28260.2 21100.4 304 404 1)
(59605 74518.8 27043.4 431 531 1)
(59622 -43255.9 9915.9 426 526 1)
(59625 -119597 -130850 32 132 0)
(59631 -75363.3 -68513.3 41 141 1)
(59632 -118708 -54256.4 224 324 1)
(59640 -84438.3 29086.1 207 307 1)
(59641 16282 -104915 587 687 0)
(59644 -20053.1 -58471 52 152 3)
(59646 -110675 -145203 575 675 3)
(59651 -44214.4 -69522.5 179 279 3)
(59653 31184.5 55239.6 27 127 3)
(59659 -61425.7 57291.3 172 272 1)
(59669 74604.7 99540.6 587 687 1)
(59676 -24082.3 -128016 395 495 1)
(59677 -65468.7 -46626.4 446 546 0)
(59679 77319.1 -18249 204 304 3)
(59685 -92474.2 29039.4 141 241 1)
(59688 -43184.7 -31354.8 449 549 3)
(59694 -42178.8 -148033 289 389 0)
(59696 -45219.7 89493 403 503 1)
(59703 -42462.9 82280.3 458 558 1)
(59707 6129 -20295.8 582 682 3)
(59714 -2944.46 -119939 490 590 3)
(59723 85518.2 -75569.1 105 205 1)
(59729 14172.5 72133.6 146 246 1)
(59731 -10001.4 86504.8 404 504 1)
(59750 -6985.41 -106244 238 338 1)
(59756 95568.8 -20224.2 1 99 3)
(59767 100701 41224.1 87 187 1)
(59775 -65521 -4219.66 264 364 0)
(59780 -48032.5 -25295.3 413 513 1)
(59793 -45133.6 -43435.8 27 127 1)
(59811 91498.1 98527.8 454 554 1)
(59816 68539.6 88353.3 214 314 1)
(59820 73600 -109829 338 438 0)
(59822 -39206.1 91500.6 89 189 0)
(59823 -19090.5 35084.2 349 449 0)
(59825 79655 4949.68 346 446 1)
(59827 51390.5 9936.5 108 208 1)
(59857 40452.6 30176.7 422 522 3)
(59864 55907.7 -22743.6 26 126 1)
(59869 -54232.4 -59412.3 6 106 0)
(59886 45356.6 55228.7 330 430 1)
(59890 -99766.5 -89702.9 566 666 3)
(59891 -56314.3 -66453.6 149 249 0)
(59900 -99543.6 -92767.7 385 485 1)
(59901 -75423.7 -39344.4 428 528 1)
(59902 93641.8 -43388.5 292 392 0)
(59905 -34225.7 -67622.1 532 632 3)
(59908 -75597.3 80413.6 383 483 1)
(59909 41271.4 -149895 46 146 1)
(59914 -99769.8 75503.4 580 680 0)
(59915 24202.3 59233.9 274 374 1)
(59917 -52325.2 -84676.6 505 605 3)
(59922 -106569 -78581.8 202 302 1)
(59927 -58422.1 25055.5 21 121 0)
(59936 32319.2 -4176.46 618 718 3)
(59938 -67392.3 77382.1 518 618 0)
(59946 109800 20993.2 433 533 1)
(59958 82572.6 -130964 382 482 1)
(59961 79.4407 44216.2 493 593 0)
(59962 12150.2 147757 408 508 3)
(59963 66568.1 -98737.4 541 641 3)
(59967 -20035.8 52264.1 613 713 1)
(59975 96740.3 93543.3 617 717 1)
(59989 34333.3 -101853 437 537 1)
(59992 -28252 54235.3 479 579 1)
(59994 -23030.8 -36400.7 8 108 3)
