(8002 -98616.6 -65487.4 309 409 1)
(8006 -14053.2 -64428.7 230 330 1)
(8008 -68369.8 -61462.4 256 356 1)
(8019 111883 30177.8 622 722 0)
(8023 -89515 60221.8 378 478 3)
(8025 -10009.7 -93801.6 563 663 1)
(8029 -84520.8 2901.33 445 545 1)
(8034 -10033.7 22002.7 399 499 1)
(8035 112688 -35309.9 132 232 1)
(8044 -47439.6 -66516.5 238 338 1)
(8049 -7022.85 -120994 310 410 1)
(8059 -49173 -81770.4 386 486 3)
(8066 33311.2 -95841.5 573 673 0)
(8067 48346.4 12999.4 514 614 0)
(8068 45341.6 101520 268 368 1)
(8073 64494.8 68275.2 162 262 1)
(8088 -51304.7 -33348.7 426 526 1)
(8090 64685.5 57302.8 45 145 1)
(8107 55061.8 14170.6 614 714 3)
(8116 -34155.7 62278.5 369 469 1)
(8122 -7214.51 98336.7 224 324 1)
(8123 -82449.9 128697 177 277 1)
(8124 5125.12 -49487.9 619 719 1)
(8145 25226.4 -123924 366 466 1)
(8150 -844.705 -2181.49 529 629 1)
(8152 -2099.11 132793 193 293 1)
(8158 -73365.2 86362.5 183 283 1)
(8159 -77487.6 40146.6 588 688 1)
(8171 25193.7 -112774 120 220 1)
(8172 -87543 -30372.4 580 680 1)
(8173 65428.5 142711 140 240 1)
(8176 67334.6 -132799 33 133 0)
(8178 103580 -105643 3 103 1)
(8179 -103525 4885.2 319 419 1)
(8183 43393 -54280.9 230 330 0)
(8186 87601.3 -70673.7 369 469 1)
(8206 -40213.9 20152.4 383 483 1)
(8209 -75387.9 10974.8 1 97 3)
(8223 90926.7 86562.9 497 597 0)
(8229 66419.9 -51509.5 444 544 3)
(8230 83515.5 112501 83 183 1)
(8231 4121.69 -118140 588 688 0)
(8236 25221.6 -27295.7 197 297 1)
(8246 -8840.76 25179.6 261 361 1)
(8248 91646.2 -1177.49 499 599 1)
(8252 -18051.8 22007.6 502 602 3)
(8265 -84546.1 108648 622 722 3)
(8277 12149.8 -102937 482 582 0)
(8286 118700 -60513 171 271 1)
(8289 -71376.3 -38359.4 239 339 1)
(8292 75456.7 -99688.7 107 207 3)
(8293 -65373.3 -42382.2 575 675 0)
(8295 87816.4 -71720.4 464 564 1)
(8300 -37342.2 32036.1 22 122 0)
(8301 -94518.4 -38242.6 16 116 0)
(8304 113127 -51438.5 410 510 0)
(8313 -26338.1 -9324.97 553 653 3)
(8316 121789 -145320 564 664 1)
(8325 67422.9 14866.4 465 565 1)
(8329 -102500 -38322.2 69 169 1)
(8331 102656 -144997 138 238 1)
(8341 30246.9 -7165.3 223 323 3)
(8347 -115601 140692 158 258 3)
(8349 3401.79 43899.5 205 305 0)
(8350 -7980.88 -139154 591 691 1)
(8352 -18625.5 95536.3 111 211 1)
(8353 -61222.2 -127883 359 459 3)
(8356 114894 -50370.7 206 306 3)
(8361 40358.5 -9179.4 73 173 3)
(8367 -16230.5 7905.32 366 466 1)
(8369 -89433 -123986 340 440 1)
(8371 11119.4 121547 115 215 3)
(8383 26288.1 -58535.7 190 290 0)
(8384 36320.9 45078.9 15 115 1)
(8386 -66431.6 90612.6 525 625 0)
(8400 -67329.9 40122.3 294 394 1)
(8405 -31091.2 -55491.9 381 481 1)
(8426 -91624.5 712.04 338 438 1)
(8428 111945 -26418.1 595 695 1)
(8436 -96629.3 5968.66 508 608 0)
(8439 110675 56199.3 84 184 1)
(8446 17209.9 99604.8 523 623 1)
(8461 -13845.6 38174.8 75 175 1)
(8465 74554.5 147673 15 115 0)
(8470 114728 -148809 41 141 1)
(8471 95806.3 115577 406 506 3)
(8479 -121686 -127897 113 213 3)
(8480 -34227.4 82497.9 277 377 3)
(8483 -17027.1 52182.7 140 240 0)
(8486 -68457.5 106541 337 437 0)
(8491 67499.7 -15289.2 353 453 1)
(8492 -29984.9 62399.7 606 706 1)
(8503 28464.9 47275.3 538 638 1)
(8508 4049.16 147690 259 359 1)
(8518 -83472 86422.5 369 469 1)
(8522 -67480 -144815 1 98 1)
(8527 -2925.21 -58547.9 576 676 3)
(8532 -98589.8 -47437.4 234 334 0)
(8544 7098.78 -121751 15 115 1)
(8545 -2949.55 -61465.7 202 302 1)
(8550 -35162.6 -56504.2 437 537 1)
(8556 -89506.4 -97753.7 349 449 1)
(8558 71461.3 -62478.1 40 140 1)
(8562 31153.5 -51454.3 44 144 1)
(8567 31285.9 -18262.9 453 553 3)
(8590 80.4298 -130956 345 445 1)
(8596 -115739 15985.9 588 688 3)
(8613 102922 -87789.5 566 666 3)
(8618 50434.9 93487.5 352 452 1)
(8620 98705.1 37150 265 365 1)
(8621 64405.5 -7190.64 2 102 1)
(8622 60262.2 -73584.8 227 327 1)
(8623 35368.9 93426.3 457 557 1)
(8626 29366.4 38155.1 331 431 0)
(8629 17326.9 99592 516 616 3)
(8640 59434.3 -7178.38 165 265 3)
(8643 -106715 -108890 625 725 1)
(8646 -120858 -45574.2 628 728 1)
(8647 107842 -53451.6 596 696 3)
(8650 -64178.4 120692 310 410 3)
(8655 97548.3 -141423 541 641 1)
(8660 -2040.32 -39436.9 426 526 3)
(8661 -111575 99448.5 67 167 3)
(8676 72586.1 140764 387 487 3)
(8686 102666 -99666.4 70 170 0)
(8687 81727.1 2843.79 585 685 0)
(8694 54400.1 75379.9 459 559 3)
(8697 56717.5 -141942 79 179 3)
(8699 -108703 110610 598 698 1)
(8703 -14016.9 -83557.7 12 112 1)
(8704 13133.4 20060.7 205 305 3)
(8714 -26015.1 124776 306 406 1)
(8716 8124.6 51174.5 133 233 1)
(8719 84558.5 -127792 1 97 3)
(8722 13074.9 -21423.9 1 101 1)
(8726 -106611 12905.7 231 331 1)
(8740 -121774 74364.8 213 313 0)
(8744 45392.3 -65491.9 246 346 3)
(8750 34186.2 9871.16 100 200 1)
(8752 -69398.7 14964.2 132 232 3)
(8755 22128.4 108460 13 113 0)
(8756 -30084.4 -115827 339 439 1)
(8762 28259.2 -48492.1 541 641 3)
(8774 -941.674 101538 96 196 1)
(8775 6131.51 -110878 418 518 1)
(8777 -71241.4 38947.3 343 443 3)
(8786 108048 -71731.9 385 485 0)
(8803 31295 -100866 458 558 3)
(8808 12965.2 144781 73 173 3)
(8818 41296.9 -131818 61 161 1)
(8826 -55327.3 108610 432 532 1)
(8834 -49922.4 142662 291 391 1)
(8835 21931.6 -101560 135 235 3)
(8844 -70326.4 48143.2 88 188 1)
(8853 -111727 -141060 545 645 1)
(8854 -85461.7 41087.2 254 354 1)
(8859 49198.4 -139249 459 559 1)
(8860 76700.4 -68634.5 436 536 1)
(8866 49479.9 -31524.1 512 612 3)
(8867 113693 -139974 71 171 1)
(8869 -118621 -31268.2 113 213 1)
(8873 -54302.3 21019.1 518 618 1)
(8879 4132.63 58131.5 195 295 1)
(8881 -56304.5 -72666.2 336 436 1)
(8889 35284 31076.3 210 310 1)
(8890 95502.6 109581 242 342 1)
(8893 -35271.9 -100858 272 372 0)
(8899 -45246.2 -77581.1 250 350 3)
(8900 30274.7 -13276.1 228 328 0)
(8904 5048.29 59429.8 258 358 1)
(8915 -46289.4 -123917 266 366 3)
(8918 -105556 -44430.5 572 672 1)
(8930 105102 -27048.7 118 218 0)
(8934 66396.2 -75490.1 127 227 0)
(8936 21141.3 -2164.54 226 326 3)
(8939 84652.1 -140071 418 518 1)
(8942 87597.3 142713 143 243 0)
(8946 -8976.66 -68628.7 510 610 3)
(8953 91609.4 -55423.3 202 302 3)
(8959 109730 40082 564 664 1)
(8966 -114645 56206.1 259 359 1)
(8967 18151.4 -68625 564 664 1)
(8968 120845 99549 447 547 1)
(8974 34319.8 -15252.5 547 647 0)
(8984 -20064.9 80380 375 475 1)
(8996 22231.8 -96544 51 151 1)
(8997 -54256.4 -29234.7 1 100 3)
(8999 -122778 -71615.4 617 717 0)
