(78007 -117600 7922.13 101 201 3)
(78011 19096.6 -5196.44 50 150 1)
(78015 -47235.2 -129851 175 275 1)
(78020 46377.4 -30339.7 452 552 1)
(78025 -12926.6 -68474.8 220 320 1)
(78029 -79406.4 -19308 386 486 3)
(78035 -87560 61236 628 728 0)
(78049 12094 91470 337 437 3)
(78057 -4010.82 85364.1 79 179 3)
(78063 7933.89 1342.85 607 707 3)
(78076 -121105 -59673.2 215 315 3)
(78078 4078.36 -110733 34 134 1)
(78082 56718 -139511 282 382 1)
(78088 11182.9 137800 519 619 1)
(78089 -22110.6 -84758.5 542 642 3)
(78091 -64349.1 -48545.7 238 338 1)
(78098 53255 -80526.6 190 290 3)
(78100 8153.68 -51337.7 581 681 -1)
(78105 -94495.4 940.354 37 137 1)
(78108 88877.2 -96716.4 299 399 1)
(78114 3061.75 -35304 547 647 1)
(78125 22235.5 -78816.3 505 605 3)
(78128 106664 110445 110 210 1)
(78130 8262.46 28986.5 471 571 1)
(78135 -56259.4 70337.2 515 615 3)
(78136 76489.5 3921.34 199 299 3)
(78147 -101480 144780 122 222 0)
(78149 119885 -103995 590 690 3)
(78152 80527.5 -20164.9 324 424 0)
(78174 114728 26866.9 58 158 1)
(78179 72438.3 7579.11 69 169 3)
(78181 44388.8 137768 264 364 1)
(78185 105860 13958 628 728 3)
(78186 64410 29034 148 248 1)
(78205 2299.7 28004.4 190 290 1)
(78206 -27126.9 -59573.5 517 617 1)
(78208 -33123.6 101620 609 709 3)
(78213 -4164.07 -44347.7 176 276 1)
(78214 21207 68377.1 577 677 1)
(78225 -71395.7 130607 1 94 1)
(78229 -44210.5 -69552.4 295 395 0)
(78231 -106655 109532 560 660 1)
(78237 -10015.8 -54467.3 233 333 3)
(78238 79950.3 38400.8 72 172 1)
(78251 -27939.2 -147430 517 617 0)
(78253 57414.6 -82691.6 379 479 1)
(78255 96917.5 11083.5 571 671 1)
(78260 15133.1 -90811.9 471 571 0)
(78261 -34129.1 -148983 235 335 1)
(78262 -74471.4 -45535.1 259 359 1)
(78265 -40219.5 -122017 601 701 1)
(78268 116701 89372.3 70 170 1)
(78292 -15965.6 40969.7 221 321 0)
(78315 91666.8 -33364.7 388 488 1)
(78326 -21122.6 49601.5 449 549 1)
(78334 74533.9 -97649 284 384 1)
(78343 -74437 80434.2 463 563 1)
(78364 31254 -51330.1 200 300 1)
(78368 -59260.7 37147.2 520 620 3)
(78376 6200.32 43.4841 31 131 0)
(78378 7096.57 -22285 306 406 0)
(78391 -39147 122593 75 175 1)
(78394 -9979.07 85372.2 43 143 1)
(78398 -23229 -33412.2 455 555 0)
(78406 -116704 -29313.9 395 495 3)
(78409 -58266.6 -78623.1 321 421 1)
(78410 -14053.1 79395 453 553 1)
(78411 88673 -3235.55 481 581 1)
(78412 65465.2 -62534.8 549 649 3)
(78413 122094 -94929.8 568 668 0)
(78421 -107624 -118873 418 518 1)
(78431 31292.6 -13222.4 420 520 3)
(78438 37273.9 -117780 135 235 1)
(78466 -107670 -16294 556 656 1)
(78467 50308.5 -39407 309 409 3)
(78472 67373.4 -44277.8 335 435 0)
(78485 -40230.7 64318.2 202 302 1)
(78486 62456.6 -120900 338 438 1)
(78501 1061.6 -134828 14 114 3)
(78504 -31140 133650 71 171 1)
(78505 -58284.7 123606 181 281 1)
(78516 -30111.2 57283.8 434 534 1)
(78521 -101601 -15216.4 304 404 1)
(78529 -82543.8 -59686.2 613 713 1)
(78532 -43150.9 -12699.3 121 221 3)
(78542 33031.7 -104210 101 201 3)
(78544 82546.2 113620 573 673 0)
(78547 -43253.7 142799 461 561 1)
(78553 18234.8 -52463.6 18 118 1)
(78554 -57246.7 82387.7 125 225 3)
(78561 91683 35102.6 566 666 1)
(78564 -105688 -148520 558 658 0)
(78572 -31172.7 49224.5 366 466 3)
(78582 -3958.34 -20305.1 602 702 1)
(78591 -96485.3 113753 451 551 3)
(78598 -81519.9 23026.6 623 723 3)
(78599 -115758 -133121 604 704 3)
(78601 -4950.89 -131101 492 592 3)
(78606 -48141 6812.55 496 596 1)
(78609 13158.1 -132024 481 581 1)
(78610 -100598 -63580.2 425 525 1)
(78611 -98555.9 -29379.4 502 602 1)
(78616 -2938.29 34126.5 48 148 1)
(78631 -46417 -11167.6 455 555 1)
(78640 -100481 -68550.5 320 420 0)
(78644 88533.1 -128812 32 132 1)
(78664 -124795 -92768.1 616 716 0)
(78669 -22115.2 -40429.5 545 645 0)
(78671 102832 -116970 348 448 3)
(78673 -8138.62 115717 436 536 1)
(78677 27226.9 -33256.5 74 174 1)
(78687 49426.7 79386.1 279 379 1)
(78688 -100543 -128863 171 271 1)
(78697 15090.7 23191 46 146 0)
(78704 -68449.8 -79767.6 574 674 1)
(78710 43302.2 -17186.2 25 125 1)
(78715 31182.9 27191.5 629 729 0)
(78718 -89468.7 -58464.4 79 179 0)
(78724 -65462.8 -91654.1 105 205 1)
(78735 17169 55310.6 79 179 1)
(78741 13145.7 -146991 187 287 1)
(78750 47352.7 -70735 571 671 3)
(78752 42304.4 -89607.6 98 198 3)
(78761 87666.1 55217 265 365 1)
(78765 42373.5 -125980 228 328 1)
(78768 69497.3 4862.13 108 208 0)
(78778 -57160.5 35941.9 6 106 1)
(78781 -41216.3 -128855 82 182 0)
(78784 -41144.6 19897.4 110 210 0)
(78785 -106701 100505 496 596 3)
(78787 64449.1 -11226.4 238 338 3)
(78813 -36191.1 8901.43 572 672 0)
(78814 110789 -96742 115 215 1)
(78816 -73400.7 -144259 574 674 3)
(78824 111869 88585.1 349 449 0)
(78828 59442.9 70313.4 404 504 1)
(78833 -83582.3 -146130 617 717 3)
(78835 88258.4 77428 506 606 1)
(78837 55523.6 33112.4 47 147 1)
(78840 -7970.92 -58449.7 171 271 3)
(78845 28298.4 -3113.3 486 586 0)
(78847 -43203.6 30043.4 139 239 0)
(78848 -837.617 -37407.4 362 462 1)
(78855 -19102.4 -83536.3 207 307 1)
(78866 118824 62317.8 536 636 0)
(78869 59616.4 -24181.6 439 539 3)
(78877 -72348.7 16962.7 36 136 3)
(78891 -57043.9 88570.1 268 368 1)
(78897 38405.9 -73719.5 552 652 1)
(78899 -80436.2 -131066 416 516 1)
(78902 -46278.2 20050.2 97 197 1)
(78904 -67303.3 -6150.57 5 105 1)
(78912 -24134.6 -115822 244 344 3)
(78918 97766.8 130948 228 328 0)
(78931 107607 -127803 21 121 1)
(78934 5108.76 -123948 446 546 3)
(78936 23315.7 6931.31 504 604 1)
(78939 -90498.6 29128.2 296 396 3)
(78948 -86490 -123925 303 403 1)
(78949 -122808 44259.5 413 513 1)
(78952 -59100.9 26361.7 204 304 3)
(78955 -31176 101327 483 583 1)
(78961 -89628.5 -131191 414 514 0)
(78976 100661 28026.1 235 335 1)
(78980 120795 129593 346 446 1)
(78985 -48366.3 134763 90 190 1)
(78993 -67363.1 77464.5 397 497 1)
(78994 53406.3 85546.2 202 302 1)
