(50012 64501.2 -11188.9 586 686 1)
(50013 -98078.4 -85437.5 504 604 0)
(50018 -92361.4 -130938 211 311 3)
(50020 16147.8 119570 274 374 3)
(50042 19219.8 -88763.7 423 523 0)
(50043 113746 74482.4 51 151 0)
(50044 4091.92 61199.9 624 724 1)
(50050 63519.6 -2183.35 559 659 1)
(50054 -55289.7 95488.7 420 520 3)
(50055 82606.9 -34327.4 577 677 0)
(50066 -121759 121685 509 609 1)
(50070 3073.52 -114785 183 283 1)
(50076 89704.1 -44393.4 376 476 1)
(50078 -3105.19 27963 492 592 3)
(50080 -19096.8 95596.4 464 564 1)
(50092 23167.3 -15164.3 276 376 1)
(50096 -4817.89 59158.8 441 541 3)
(50097 -9032.85 -60371.2 79 179 1)
(50098 63519.7 82369.8 600 700 1)
(50101 46437.8 138810 413 513 1)
(50119 77518 -107759 209 309 1)
(50120 30356.3 1116.13 584 684 1)
(50124 -82494.9 69347.2 518 618 3)
(50130 -20066.6 81309.8 131 231 0)
(50138 -114588 20997 97 197 3)
(50141 5054.97 -79592.6 190 290 1)
(50153 -69567.3 56088.8 192 292 1)
(50159 -13024.5 144780 369 469 3)
(50170 69475.5 -66543.5 217 317 1)
(50174 120733 64240.2 89 189 3)
(50179 74512.6 -73572 261 361 1)
(50184 6108.09 23020.1 558 658 1)
(50185 -72367.3 77340.8 366 466 3)
(50186 -97692.8 -35353.2 185 285 1)
(50196 84659.6 56236.6 496 596 3)
(50206 -91382.3 139660 1 99 3)
(50207 -62249.9 141791 350 450 3)
(50213 -87555.2 132742 432 532 1)
(50214 -25102 -96851.4 186 286 3)
(50217 76588.7 -50522 576 676 1)
(50226 -44243 32188.4 41 141 3)
(50227 -51114.7 -21417.7 223 323 1)
(50231 88806.6 -128086 612 712 3)
(50232 -4976.95 119537 112 212 1)
(50246 13128.2 -145049 295 395 1)
(50250 -4008.53 22954 587 687 3)
(50260 95768.1 -103796 487 587 1)
(50264 75489.3 109202 418 518 1)
(50265 88622.5 -21277 191 291 3)
(50268 75150.7 30062.3 102 202 1)
(50282 29158.6 80307.5 516 616 0)
(50285 -45331.9 79198.7 70 170 1)
(50286 -46254.9 20024.9 584 684 3)
(50299 -3972.38 16978.9 469 569 1)
(50303 74494.5 54179.1 151 251 1)
(50309 -55363.9 21022.4 511 611 1)
(50314 -63345 553.23 537 637 3)
(50315 -104509 -67492.3 46 146 1)
(50316 -66390.2 3947.14 437 537 1)
(50331 73583.5 -116902 143 243 3)
(50333 22234.4 -47308.9 115 215 3)
(50337 4312.09 -64623 614 714 3)
(50350 77481.6 -58451.8 127 227 1)
(50351 -16016.9 -33434.8 404 504 1)
(50357 -76230.9 14937.7 20 120 1)
(50361 -105918 77369.8 568 668 1)
(50366 44367.4 -129967 557 657 1)
(50375 -86399.5 -117740 23 123 1)
(50386 -26148.6 -46496.3 592 692 3)
(50395 -5981.65 130477 100 200 1)
(50404 39286.4 143061 592 692 0)
(50418 26244.2 -44390.3 354 454 3)
(50422 120901 -88754.2 539 639 1)
(50423 -89460.4 -84610 105 205 3)
(50432 1124.65 139903 623 723 1)
(50437 -113623 63307 104 204 1)
(50442 -59336 122527 344 444 1)
(50449 94663.6 -24339.8 512 612 1)
(50454 -25105.7 62335.5 285 385 1)
(50465 23245.4 -8212.99 488 588 1)
(50473 83572.9 1890.54 239 339 1)
(50478 -14024.3 -21131.8 338 438 3)
(50486 -36026 82523.9 3 103 1)
(50514 -119683 -74452.5 183 283 0)
(50534 -118642 -101743 276 376 1)
(50543 -83570.8 77374.6 278 378 3)
(50564 11101.2 144768 216 316 0)
(50568 42338.6 58316.3 340 440 1)
(50569 120709 -112729 51 151 3)
(50576 -57310.2 74286.5 237 337 1)
(50583 21013 63007.9 68 168 1)
(50586 115749 -12348.1 262 362 1)
(50591 68406.4 -90599 109 209 3)
(50596 69540.2 -24342.7 504 604 3)
(50597 -35284.5 -86916.5 576 676 1)
(50601 87782.5 1692.2 78 178 1)
(50613 -41013.3 -97820.9 324 424 0)
(50616 -30070.8 139910 93 193 1)
(50617 34058 -21332.8 186 286 1)
(50618 -5023.8 -133005 397 497 1)
(50624 14164 -24256.4 253 353 1)
(50632 -25697.6 59111.4 597 697 1)
(50635 -107681 113600 518 618 1)
(50640 -8994.99 -12209.8 362 462 1)
(50643 -21127.6 -95743.6 265 365 1)
(50646 20189.4 109580 435 535 3)
(50650 1959.65 5128.66 483 583 3)
(50651 -77534.4 90507.8 584 684 1)
(50659 -40190.6 39109.6 557 657 3)
(50661 -27080.6 56211.6 240 340 1)
(50672 60464.5 -112921 462 562 1)
(50674 32271.5 21021.1 167 267 1)
(50677 84616.4 -41141.6 19 119 1)
(50679 48410.9 43149.6 518 618 3)
(50681 34384.5 -99807.8 589 689 1)
(50688 60432.1 -86759 583 683 1)
(50695 18943.1 135881 506 606 3)
(50701 98595.7 -2134.45 101 201 1)
(50711 50519.7 2787.74 198 298 1)
(50714 78540.7 14976.4 211 311 0)
(50715 60388.1 113516 115 215 3)
(50720 -36168.5 -25222.2 20 120 3)
(50721 107813 30050.1 611 711 3)
(50724 66533 -6162.8 578 678 0)
(50728 111789 57314.2 286 386 1)
(50732 75549.2 122628 228 328 1)
(50738 114744 10905.3 63 163 3)
(50739 53443.5 94622.7 452 552 0)
(50740 16143.6 840.528 568 668 0)
(50743 -4989.42 35914.6 460 560 1)
(50746 -10108.4 30199.6 231 331 1)
(50753 -97451.4 71352.8 583 683 1)
(50759 33402.6 44040.7 296 396 0)
(50761 -28199.4 45018.4 241 341 1)
(50772 -27022.1 -26391.4 80 180 0)
(50776 100777 117563 269 369 3)
(50777 -60333.2 97422.8 52 152 3)
(50792 32292.8 40143 186 286 1)
(50796 63408.7 -89594.2 133 233 3)
(50801 -43149.2 35109.6 46 146 1)
(50812 49372.8 106707 603 703 1)
(50814 1067.61 115588 239 339 1)
(50816 23192.6 15976.3 86 186 3)
(50819 -122648 -142004 270 370 1)
(50822 -122604 -95677.4 168 268 0)
(50825 103710 -39361.3 240 340 1)
(50827 -73391.3 134639 147 247 1)
(50830 -100516 -105661 44 144 3)
(50831 -18050.5 880.819 551 651 0)
(50835 61446.6 104586 399 499 1)
(50838 73551.2 12936.8 412 512 1)
(50839 -1944.42 -59493 250 350 1)
(50842 58383.5 -136091 427 527 1)
(50849 -84540.7 6943.02 564 664 1)
(50850 124817 -105601 78 178 0)
(50860 52349.1 -63472.6 140 240 3)
(50863 -80437.7 45168.3 356 456 1)
(50873 109675 78424.5 216 316 3)
(50877 -11058.5 -64330.7 155 255 1)
(50879 81617.2 -122913 488 588 1)
(50884 -59306.3 52181 209 309 1)
(50891 94706.4 -80602 264 364 1)
(50892 -43326.6 9968.08 420 520 1)
(50899 -91535.7 140801 501 601 0)
(50913 40.6194 -73506.5 261 361 1)
(50914 52287.2 -43403.3 187 287 1)
(50917 -12886.5 -149323 226 326 0)
(50918 62425.4 -66468.1 211 311 0)
(50930 49420.3 -19211.1 528 628 1)
(50933 -114703 43130.1 34 134 3)
(50936 20137.4 -82723.9 434 534 3)
(50937 48182.3 63153.4 378 478 1)
(50941 108776 -122891 328 428 1)
(50945 1065 6925.63 627 727 1)
(50947 62454.2 48078.8 461 561 3)
(50948 -14770.2 15056.3 551 651 1)
(50951 18196.8 110585 10 110 1)
(50958 -94528.5 81464.4 333 433 1)
(50960 27214.3 -53527.8 248 348 1)
(50965 -44243.4 -122987 371 471 0)
(50986 -93508.3 -74522.6 110 210 1)
(50987 -9958.09 -17595.5 511 611 0)
(50988 73589.4 -30338.2 551 651 3)
(50992 49487.8 107112 274 374 1)
(50999 6071.11 967.709 20 120 1)
