(93009 96768 107698 338 438 1)
(93010 28334.8 112749 609 709 1)
(93011 -6120.43 138805 286 386 1)
(93017 88530.1 53224.2 401 501 1)
(93021 37.3297 45197.3 179 279 3)
(93036 120846 -92692.4 564 664 1)
(93037 101755 22131.3 569 669 3)
(93040 -25286.8 128758 396 496 1)
(93041 -22972.2 -23529.1 282 382 3)
(93042 -40146.8 -25217.7 583 683 3)
(93044 23180.9 92324.2 177 277 1)
(93045 -42191.8 24973.6 380 480 1)
(93048 -52101.8 31852.1 92 192 0)
(93050 -28095.4 -76621.4 107 207 0)
(93052 -31072.1 -107701 53 153 1)
(93053 -82414.2 -112814 258 358 3)
(93066 96769.8 60216.1 69 169 1)
(93067 34332.4 125346 214 314 1)
(93069 96541.8 76307.2 5 105 0)
(93072 -14001.2 -103736 99 199 1)
(93078 -111582 -115804 193 293 1)
(93085 51307.6 144561 219 319 3)
(93087 37324.4 91430.6 442 542 1)
(93095 16161 -25283.1 313 413 1)
(93104 -3971.63 123641 17 117 1)
(93108 -16977.3 21032.2 550 650 1)
(93112 112242 116470 442 542 1)
(93113 42256 -3305.2 455 555 0)
(93116 87567.4 3910.55 188 288 1)
(93117 38365.4 129840 604 704 3)
(93118 -90482.2 28091 179 279 3)
(93122 122891 -87709.5 445 545 1)
(93141 31244.9 -27302.7 340 440 1)
(93143 71551.1 -96692.4 144 244 3)
(93144 121376 -64491 492 592 0)
(93160 -20176 -87667.9 568 668 1)
(93165 -39227.6 -125043 619 719 1)
(93182 19906.8 -80387.1 9 109 1)
(93186 -60224.7 57422.5 385 485 1)
(93195 -120787 -64550.3 378 478 -1)
(93200 82789.9 -42376.2 429 529 1)
(93201 -18979 28053.9 375 475 1)
(93202 110716 -80622.9 227 327 1)
(93207 43312.2 -81601 198 298 3)
(93208 -77445.8 -102730 26 126 3)
(93210 36374.8 -5097.58 457 557 1)
(93211 48426.9 -65587.1 399 499 0)
(93212 37387.9 -48397.9 272 372 0)
(93222 29154 7930.96 483 583 0)
(93223 55469.1 141621 147 247 1)
(93225 33315 81487.1 508 608 1)
(93228 75594.5 114653 529 629 1)
(93232 86687.7 95396.3 272 372 0)
(93233 -28086.2 112727 502 602 1)
(93242 -99574.5 2904.24 226 326 1)
(93248 120965 106561 607 707 3)
(93249 -18053.9 52275.1 275 375 0)
(93256 -55333 -59532.8 478 578 1)
(93260 -79437.8 27140.4 526 626 3)
(93261 80391.2 19140 572 672 3)
(93262 64058.2 -13157.4 311 411 1)
(93281 -31203.4 100546 132 232 3)
(93283 -11002.2 711.739 616 716 3)
(93286 -10042.8 -15194.6 587 687 0)
(93287 35056 92296 275 375 0)
(93292 27279.3 -60438.2 349 449 1)
(93302 32293.6 -52468.1 404 504 0)
(93314 -27092.7 21007.4 295 395 1)
(93323 51377.1 -33423.9 233 333 1)
(93334 -60347.2 -25349.8 45 145 0)
(93343 -51269.8 -37375.2 272 372 1)
(93350 -35157 -113881 444 544 1)
(93353 -65302.9 81368.1 87 187 1)
(93363 27431.7 32979.2 124 224 3)
(93366 -110629 -101821 380 480 1)
(93378 -18051.4 -120959 483 583 1)
(93381 114844 -97816.3 531 631 1)
(93388 -19125.7 -103857 419 519 3)
(93391 33108.5 72799.2 160 260 3)
(93395 -65313.1 11053.5 118 218 1)
(93403 84612 80353.3 231 331 3)
(93408 -77377.6 -91711.6 294 394 1)
(93410 -84438.9 -97711.7 205 305 1)
(93423 107509 -40386.7 20 120 0)
(93425 113032 97808 587 687 1)
(93431 114925 -86693.4 573 673 1)
(93466 15167.9 55209.6 182 282 3)
(93478 103649 146690 165 265 1)
(93484 -10202.9 -101438 57 157 3)
(93488 37474.5 -98758.1 573 673 1)
(93489 -116733 -31390.9 481 581 1)
(93490 91659.2 72368.2 513 613 0)
(93496 -17244.6 66418.3 604 704 1)
(93501 -67317.7 -56174.9 541 641 3)
(93511 -84387.8 4910.42 290 390 0)
(93513 -62339.8 4895.25 414 514 3)
(93518 -105651 50253.9 185 285 0)
(93519 74385.6 57173.4 67 167 1)
(93521 -55253.4 88364.2 66 166 1)
(93533 -10202.1 98697 465 565 1)
(93543 26203 -7104.2 291 391 3)
(93547 10163.4 -97762.1 457 557 1)
(93549 -59264.5 -105845 226 326 0)
(93551 1044.66 -8183.99 67 167 0)
(93564 -13963.8 109665 563 663 1)
(93586 58474.7 -14036.9 256 356 0)
(93591 -53403.9 -32398 376 476 1)
(93592 26487.2 -97010.3 468 568 3)
(93606 53417 -35378.8 336 436 3)
(93615 -32985.3 -33242.4 535 635 3)
(93623 -25261.3 -97938.5 541 641 1)
(93625 15194.7 -32356.5 424 524 3)
(93629 112853 -32260.8 342 442 0)
(93639 28238.6 65210.4 165 265 1)
(93648 9201.69 89348.9 100 200 1)
(93655 97656.3 98363.7 570 670 0)
(93656 -943.655 129620 141 241 1)
(93657 -116678 96455.7 326 426 1)
(93658 34329.3 -59617 549 649 1)
(93662 21202.3 -77645 431 531 1)
(93664 44297.5 -5095.58 259 359 1)
(93665 7100.76 -3269.13 84 184 3)
(93679 13153 19961.8 347 447 1)
(93681 -100856 143211 370 470 3)
(93685 47367.8 116604 358 458 1)
(93691 -119644 -45459.1 237 337 3)
(93693 -61332.5 -127833 122 222 1)
(93695 -108672 -12302.3 127 227 3)
(93705 78531.9 138684 66 166 1)
(93714 -39187.2 -50443.1 386 486 0)
(93720 42267 -97588.4 41 141 1)
(93722 -42318.1 21105.2 528 628 1)
(93723 -41165.7 144716 122 222 1)
(93728 -68311 37098.9 6 106 1)
(93739 -102597 122612 269 369 1)
(93746 -79376.8 6949.31 88 188 1)
(93748 -58291 -135944 294 394 3)
(93754 -71437.6 -125018 611 711 3)
(93757 -103633 -23294.2 479 579 3)
(93759 -10886.5 -31340.3 551 651 3)
(93763 1950.49 -121727 313 413 3)
(93775 -54209.7 145892 524 624 1)
(93777 -59297.6 -10183.6 493 593 1)
(93788 -112635 20981.9 253 353 1)
(93792 -17148.4 -144923 207 307 0)
(93796 -37463.1 51933.1 441 541 1)
(93800 -49234.1 3893.06 520 620 1)
(93802 -123667 11956.4 274 374 3)
(93806 19202 -86580.5 129 229 1)
(93808 36378.3 58415 381 481 1)
(93809 10036.3 33035.2 579 679 1)
(93814 23407.1 119769 573 673 0)
(93817 48413.8 -29357.6 616 716 0)
(93819 11225.8 -124986 512 612 1)
(93822 93741.3 -38443.9 535 635 1)
(93831 -68648.2 59267.2 9 109 0)
(93832 17210.4 -119925 319 419 3)
(93833 -76415.3 -87777 608 708 1)
(93844 97615 -38387.4 61 161 1)
(93854 -37170.5 39112.2 24 124 0)
(93855 34269.7 73333.5 325 425 1)
(93872 -91429.2 104493 473 573 1)
(93875 67449.5 26960.3 335 435 3)
(93878 24205.7 -29304 190 290 1)
(93884 -52349.8 16078.6 627 727 0)
(93890 -97467.5 -79540.3 208 308 3)
(93893 9113.09 -125853 164 264 3)
(93895 -98472.5 -28264.4 164 264 3)
(93900 55345.8 5888.51 1 95 0)
(93903 51296.1 68258.8 50 150 3)
(93906 -117653 -55533.6 409 509 1)
(93912 -51237.9 -20248.5 278 378 1)
(93928 -116751 35127.9 538 638 1)
(93929 7062.67 -52430 352 452 3)
(93930 -90526.3 137770 424 524 1)
(93934 52427.2 17971.9 572 672 1)
(93941 -20080.2 -113947 477 577 1)
(93952 26244.5 778.03 555 655 3)
(93955 64539.6 120697 621 721 3)
(93956 -116731 87344.8 329 429 0)
(93960 -64268.7 109684 337 437 0)
(93968 -63252.1 891.117 140 240 1)
(93971 -86519.4 -102872 558 658 1)
(93974 27191.8 104660 535 635 1)
(93980 5418.79 120627 538 638 0)
(93988 15095.5 -132910 25 125 1)
