(116009 -88549.2 60280.2 476 576 1)
(116020 -13106.8 20045 346 446 1)
(116024 17265.1 -28380.2 613 713 3)
(116025 -102512 23153.8 573 673 3)
(116026 7517.03 -27236.9 256 356 1)
(116027 34444.8 74443.4 488 588 1)
(116031 118942 -2162.46 599 699 3)
(116033 79769.2 110564 153 253 1)
(116039 -12080.5 920.867 25 125 1)
(116041 87575.7 5008.05 1 95 0)
(116042 60505.3 62238.3 381 481 3)
(116045 80562.7 -88732.4 568 668 1)
(116047 44323.5 -24282.9 335 435 3)
(116052 -112646 -43354 211 311 1)
(116069 -85482.8 -65536.6 451 551 3)
(116070 84613.5 -116882 221 321 3)
(116071 13112.4 141840 457 557 1)
(116084 3154.82 90315.7 71 171 1)
(116097 -34094.8 -52449.8 391 491 1)
(116108 110565 85369 166 266 3)
(116130 -44313.1 136805 508 608 1)
(116136 -84501.6 55083.1 422 522 1)
(116160 -42230.9 4948.53 281 381 1)
(116166 -78415.5 903.497 270 370 3)
(116172 -113756 -90871.4 322 422 1)
(116179 -70368.5 110535 84 184 1)
(116183 2038.2 38131.2 151 251 3)
(116190 33187.5 26902.1 614 714 0)
(116193 -13006.5 -23273.8 193 293 1)
(116219 9037.15 9937.06 389 489 1)
(116221 -86389.9 96606.4 87 187 3)
(116247 73609.6 77379.9 468 568 1)
(116249 70.676 90417.9 189 289 1)
(116268 88711.3 -41547.6 348 448 1)
(116272 92567.7 -96649.4 95 195 1)
(116273 -79499.3 -11307 364 464 1)
(116276 -13019 23019.6 253 353 1)
(116285 -87448 -101674 72 172 3)
(116286 -48303.6 -134893 271 371 3)
(116290 70512.8 -25283.4 344 444 1)
(116292 77568.6 35225.5 340 440 0)
(116295 -38279.6 -134169 594 694 1)
(116302 -57356.2 142787 479 579 1)
(116309 -118716 -61632.2 293 393 1)
(116321 115880 50130.9 448 548 1)
(116326 -43185.1 -11199.5 233 333 3)
(116339 -30164.2 -54594.8 307 407 1)
(116342 -76471.2 -93791.6 431 531 1)
(116343 51839.8 120755 443 543 1)
(116349 -67292.9 42164 103 203 1)
(116350 5092.6 59209.8 123 223 1)
(116354 61416.6 32044.4 1 94 1)
(116361 -121696 78355 356 456 3)
(116362 38296.4 -20242.2 311 411 1)
(116364 30300.1 55223.9 316 416 1)
(116371 -51304.9 4688.23 211 311 1)
(116378 -65357.6 -9206.17 336 436 1)
(116379 46395.3 -75586.8 290 390 0)
(116413 52688.6 -110785 510 610 3)
(116420 -124836 3900.02 474 574 1)
(116429 24188.8 -80534.2 2 102 1)
(116434 98709.8 78361.1 389 489 1)
(116444 -22051.9 -104844 560 660 1)
(116449 34113.9 -140070 180 280 1)
(116452 -107607 -61440.3 448 548 0)
(116455 -81824 31172.5 597 697 0)
(116459 36340.9 -46551 379 479 0)
(116462 -114645 -65517.1 295 395 1)
(116464 -63111.1 -84645.4 121 221 3)
(116468 121773 39108.7 118 218 0)
(116477 89572.7 -109743 259 359 3)
(116478 -5004.2 100518 390 490 0)
(116481 31289.4 -25203.8 270 370 1)
(116493 -23094.5 -93605.3 21 121 1)
(116497 -28277 -80533.2 71 171 1)
(116501 5102.43 -94411.9 72 172 1)
(116502 -85506.4 1914.61 338 438 1)
(116510 -9946.03 -18450.6 311 411 3)
(116517 93649.6 -132941 323 423 1)
(116523 9127.09 38118.2 14 114 0)
(116525 -80410.9 -17208.8 413 513 0)
(116530 -93526.4 -133039 339 439 0)
(116542 84576.8 -119780 105 205 1)
(116543 66514.6 94499.1 308 408 1)
(116554 87621 39153.6 583 683 1)
(116557 52431.4 31129.9 605 705 3)
(116571 -43204.6 149839 366 466 3)
(116577 121872 78437.4 336 436 1)
(116582 -10013.5 -52527.8 628 728 3)
(116608 115881 -80695.9 526 626 1)
(116614 -123764 -109900 495 595 1)
(116616 98056.1 -99817.4 609 709 3)
(116625 -29137.1 -85815.1 474 574 1)
(116626 -889.925 7761.59 547 647 3)
(116627 7111.18 42063 265 365 1)
(116630 -53329.1 124612 254 354 1)
(116631 34313.5 -1121.84 346 446 1)
(116633 -123758 49224.6 356 456 0)
(116634 87409.1 -91868.2 323 423 0)
(116638 48097.7 -40324.1 229 329 3)
(116640 57496.7 16935.3 555 655 1)
(116642 8104.48 -85600.7 100 200 1)
(116646 7058.58 46210.6 27 127 0)
(116662 -23.0653 76350.4 235 335 1)
(116664 -106733 -98817.6 588 688 1)
(116669 -10181.4 60231.6 579 679 0)
(116671 -72326 -10176.1 28 128 3)
(116673 29104.3 45099.2 167 267 3)
(116678 -10974.9 134725 396 496 3)
(116691 -16945.5 59202 492 592 1)
(116699 44191.5 -91717.5 26 126 0)
(116711 65477.3 -34369.9 219 319 3)
(116712 100747 -64611.6 174 274 1)
(116717 -52256.5 -138900 147 247 1)
(116727 53432 -99685.7 274 374 1)
(116736 20141 -86663 153 253 3)
(116740 5124.01 21986.6 319 419 3)
(116749 -26101.4 53278.1 139 239 1)
(116776 78631 -138176 38 138 1)
(116793 98661.9 120614 252 352 1)
(116797 17168.5 -40324 18 118 0)
(116815 -22105.3 8997.75 2 102 1)
(116824 50530.6 -25423.8 592 692 0)
(116828 54.6533 -79621.7 414 514 1)
(116831 16214.7 -143110 400 500 1)
(116843 -48288.6 110594 287 387 3)
(116851 -108680 3867.04 543 643 3)
(116854 -93383.7 -83650.3 51 151 1)
(116860 -54233.6 -74500.7 25 125 1)
(116876 35314.6 43184.3 327 427 1)
(116899 23215.7 132673 246 346 0)
(116901 -9039.5 -113822 246 346 0)
(116902 -105574 -91612.4 187 287 1)
(116917 111685 -70401.8 286 386 1)
(116921 -109591 -94587.1 26 126 1)
(116926 -75578.7 -14217.2 546 646 1)
(116930 -17040 46127.2 576 676 3)
(116935 -60353.1 90547.2 79 179 3)
(116941 26150.3 125778 478 578 3)
(116946 -57318.6 149866 358 458 1)
(116954 35221.6 4940.78 296 396 1)
(116955 -109548 -120744 120 220 1)
(116956 87606.1 13985.2 188 288 1)
(116959 101613 -131172 272 372 1)
(116960 -93498.6 27015.8 537 637 1)
(116969 117855 -47456.5 525 625 1)
(116983 112855 88489 487 587 1)
(116987 -114757 74273.1 395 495 1)
(116993 44254.4 -52534.8 587 687 1)
(116996 93621.9 -16222.3 209 309 1)
(116999 -85483 49192.1 356 456 0)
