(77002 -82415.6 -22268 422 522 1)
(77017 -94527.5 4904.23 312 412 3)
(77020 84544.1 -65504.9 153 253 0)
(77023 -12031.5 -38382.6 253 353 1)
(77031 73260.2 -142239 303 403 0)
(77035 -44362.6 133561 226 326 1)
(77038 -2929.72 125771 208 308 0)
(77039 -23105.2 39132.1 372 472 1)
(77041 12144.2 65345.4 522 622 1)
(77048 72512.1 38141.2 328 428 0)
(77052 -57318.1 -141124 535 635 1)
(77057 -107539 -141895 77 177 3)
(77064 -83413.4 -109708 53 153 1)
(77065 121720 81469.1 231 331 1)
(77066 100119 -71285.5 198 298 1)
(77079 -31158 12922.9 569 669 3)
(77080 -17042.1 136727 333 433 3)
(77081 -80461 -104821 439 539 1)
(77086 35263.3 118566 181 281 3)
(77092 100871 -63398.2 557 657 1)
(77097 -39977.7 -122037 407 507 1)
(77101 -78350.8 -51439.6 59 159 1)
(77103 115848 -121971 410 510 1)
(77111 -109596 -103671 188 288 1)
(77116 -24014.3 -18244 4 104 1)
(77122 -110570 -99835.7 76 176 1)
(77124 117675 58217 368 468 1)
(77126 -57346.4 -16262.1 624 724 3)
(77130 -51278.5 -79685.7 490 590 3)
(77132 -41211 -43437.7 562 662 1)
(77146 -8018.65 58235 85 185 1)
(77150 15153.2 -122940 296 396 1)
(77152 32291.4 -133016 607 707 3)
(77160 40434.3 67059 94 194 1)
(77167 -55397.5 -83875.3 609 709 1)
(77169 -55435.7 -29416.5 307 407 3)
(77170 34316 -123703 44 144 3)
(77173 41313.9 -108742 92 192 3)
(77174 -51239.1 -131820 26 126 3)
(77185 52432.6 -77142.4 163 263 0)
(77193 26773.6 34831.1 85 185 1)
(77208 -76375.1 -69547.5 6 106 3)
(77211 -67366.4 -116710 79 179 1)
(77215 -18058.9 -65621.5 597 697 1)
(77217 -60362.7 -124000 498 598 3)
(77221 64390 138585 4 104 1)
(77224 -67331.4 15996.5 300 400 1)
(77225 46336.9 -85598.3 35 135 1)
(77227 116848 -18266.7 587 687 3)
(77238 -96530.3 -123806 272 372 1)
(77243 94592.6 -46377.7 111 211 1)
(77255 -69449.9 -108917 406 506 1)
(77256 -25147.7 -131784 30 130 1)
(77258 -7994.01 -90785.9 566 666 3)
(77262 24360.8 66430.1 71 171 3)
(77270 42344.5 -84647 60 160 3)
(77272 -93507.9 122775 311 411 3)
(77277 15135.6 -40403.4 196 296 1)
(77283 -22236.8 -84617.8 322 422 1)
(77288 2081.53 -18207.4 93 193 3)
(77291 100304 136627 513 613 1)
(77300 72620.3 99596 457 557 3)
(77317 -38081.4 -53345 216 316 3)
(77332 42257.9 41131.8 251 351 3)
(77334 105511 -36299.4 22 122 3)
(77340 68473.8 -35334.7 156 256 1)
(77347 -28090.7 -130801 28 128 1)
(77349 45288.9 74312.6 156 256 0)
(77350 -75445.2 25027.5 464 564 1)
(77358 -71379 -148122 442 542 1)
(77359 95632 -53469.8 164 264 3)
(77360 36325.9 -47379.8 1 99 3)
(77361 -66349.8 -79471.8 44 144 3)
(77362 -123711 69250 71 171 1)
(77363 102746 -88703.9 366 466 1)
(77367 121728 -24222.7 90 190 1)
(77372 -56205 73288.5 102 202 1)
(77377 -36158 -16226.8 252 352 1)
(77390 19165.9 22006 183 283 3)
(77394 -33207.4 -95721.7 20 120 1)
(77404 30028.7 113495 33 133 1)
(77405 1127.39 -129912 256 356 1)
(77413 45316.5 -97720.7 228 328 1)
(77414 -29376.1 31044.9 90 190 0)
(77422 -49178 96469.9 148 248 1)
(77424 72494.4 68313.1 233 333 1)
(77425 16072.5 -75535.4 49 149 1)
(77426 120782 48106 295 395 1)
(77435 -103607 6926.62 139 239 1)
(77447 49211.9 64329 338 438 3)
(77448 18197.1 -103677 229 329 1)
(77449 61488.3 66386.8 85 185 1)
(77450 -90638.2 893.508 507 607 0)
(77461 -6984.42 -79740.8 555 655 0)
(77468 42615.2 -48431.1 230 330 1)
(77478 55422.6 -91709.2 284 384 3)
(77480 31248.2 121573 112 212 1)
(77486 -4959.12 78303.3 378 478 3)
(77488 -71436.7 -1171.36 618 718 1)
(77502 11112.5 -31408.8 516 616 1)
(77505 64522.5 16977.7 590 690 3)
(77513 -37071.6 -89641.9 487 587 1)
(77518 -34185.1 82471.9 537 637 3)
(77520 86604.6 -127106 150 250 3)
(77521 -910.873 -136066 409 509 1)
(77538 -29152 -85747.9 577 677 3)
(77543 -16015.9 -76555.1 623 723 1)
(77546 29298.5 -113933 352 452 1)
(77551 8120.16 -70571.7 299 399 1)
(77557 -98589 -67587 532 632 1)
(77571 76579.5 9928.89 467 567 3)
(77574 26269.9 47240 165 265 0)
(77575 -21311.2 -56609.3 138 238 1)
(77578 -77464.7 58283.6 540 640 1)
(77583 -57319.3 -96792.2 414 514 3)
(77589 -52246.3 -83497.6 107 207 0)
(77594 31282.5 81435.8 584 684 1)
(77596 114771 -65546.1 170 270 1)
(77608 4077.88 42099.6 188 288 1)
(77616 -23138 -69610.4 491 591 3)
(77630 64452.4 -90619.6 143 243 1)
(77633 -93455.7 1019.21 74 174 0)
(77635 -85493.9 -14278.4 379 479 1)
(77639 30232.2 -86613 121 221 1)
(77652 112769 866.22 109 209 0)
(77654 -89486.2 12967.3 292 392 3)
(77668 -52299.8 -73593 501 601 1)
(77670 -55359 -64562.8 571 671 3)
(77689 55395.3 -147986 210 310 1)
(77700 -18989.8 97405.1 15 115 1)
(77708 -92551.1 16968.7 427 527 1)
(77715 -11018.1 66284.1 391 491 3)
(77725 -87483.6 32092.8 267 367 1)
(77726 76471.6 37087.3 1 101 1)
(77737 -120731 -122958 455 555 0)
(77739 -94416.7 72460.4 618 718 1)
(77748 -39210.7 -71557.9 389 489 1)
(77752 97676.4 2874.46 290 390 1)
(77753 -72330.3 -22233.2 17 117 1)
(77756 2125.36 -118843 172 272 1)
(77757 -17120.5 44167.7 588 688 3)
(77758 3124.12 -12043 44 144 0)
(77759 119895 31081.3 533 633 1)
(77779 116828 119645 354 454 3)
(77790 -10099.2 2893.76 439 539 1)
(77801 -66330.2 126500 22 122 1)
(77802 -6962.92 59271 559 659 1)
(77810 70686.2 -60455 396 496 1)
(77817 48525.3 137823 553 653 0)
(77823 123879 -31336.8 604 704 0)
(77826 105616 128855 563 663 1)
(77827 48464.4 -43506.5 281 381 3)
(77831 -84462.2 57325.3 533 633 1)
(77838 35341.3 62328.3 517 617 0)
(77842 98603.5 -101856 291 391 1)
(77847 -124706 -83457.8 170 270 0)
(77849 30302.3 -135036 475 575 0)
(77854 -67464.1 113652 352 452 1)
(77869 -13012.3 -96717.8 177 277 3)
(77893 -82442.7 53158.9 138 238 0)
(77895 -7985.64 8902.19 443 543 1)
(77898 16234.8 54306 334 434 0)
(77899 -44155.6 -10083 241 341 0)
(77905 -51239.9 120576 179 279 1)
(77909 18164.2 -76706.8 475 575 1)
(77917 76582.6 -68587.2 403 503 3)
(77923 -65336.4 -49546.1 107 207 1)
(77942 -80679.3 130708 472 572 3)
(77944 75449.2 -29307.1 128 228 0)
(77951 -11938.6 -91665.3 183 283 3)
(77953 -76411.5 -153.778 250 350 3)
(77958 65523.2 -117980 626 726 1)
(77959 45364.3 76367.2 455 555 1)
(77960 107844 -97845.6 551 651 1)
(77962 -81506.4 5984.52 577 677 1)
(77971 88605.7 118646 316 416 3)
(77972 12116 -11205.4 531 631 1)
(77979 83687.5 -7053.13 181 281 1)
(77982 -71397.4 -122928 297 397 3)
(77992 -20049.4 -20207.5 149 249 0)
