(83000 4927.05 -10125.4 51 151 0)
(83004 66443.8 73387.8 17 117 3)
(83006 64601.7 125746 449 549 3)
(83017 108649 -108748 151 251 1)
(83019 -40228.8 -136913 21 121 1)
(83028 14251.8 111671 525 625 1)
(83035 -5007.35 71248.4 204 304 1)
(83037 37.218 -130880 217 317 3)
(83045 -23079.3 -140943 296 396 3)
(83052 -94640.6 132606 314 414 3)
(83056 -9995.54 -4165.52 302 402 3)
(83058 -6920.31 -85522.1 102 202 3)
(83060 -78445.9 -110788 360 460 1)
(83077 -69300.8 21036.5 77 177 3)
(83081 -64270.4 94473.4 229 329 1)
(83082 41151.1 59102.8 48 148 1)
(83084 112859 21984.1 543 643 1)
(83099 78490.2 148792 37 137 3)
(83102 -48180.7 90354.4 241 341 0)
(83103 39363.6 -76560.1 253 353 3)
(83106 -18088.3 -61533.3 488 588 1)
(83112 1067.78 120616 283 383 1)
(83113 -929.275 44166.8 379 479 1)
(83116 -71339.7 10880 25 125 3)
(83122 -120717 -81635.3 314 414 1)
(83127 -884.456 -38340 357 457 1)
(83131 40376 -75662.2 518 618 1)
(83137 -93490.1 -91647.8 218 318 1)
(83139 -92503.5 -84699.9 601 701 1)
(83145 -51255.1 -88810.9 585 685 1)
(83147 116724 -110751 118 218 1)
(83151 62497.2 133606 184 284 1)
(83160 -74397.1 -82590.3 67 167 1)
(83181 17161.4 108510 125 225 1)
(83185 -66204.7 -105729 18 118 3)
(83191 30132 -94805 294 394 1)
(83192 26218.5 59253.8 325 425 1)
(83197 -66392.3 95439.5 428 528 1)
(83208 44298.7 -71430.2 38 138 3)
(83210 -15977.4 42141.1 59 159 1)
(83211 -116829 90319.6 62 162 1)
(83223 -16042.4 -2117.5 202 302 1)
(83226 -58297.7 -140114 493 593 3)
(83232 -96608.4 -80734.8 609 709 3)
(83235 33167.3 40939.7 240 340 1)
(83240 73571.5 1892.41 494 594 1)
(83243 -51218 -79683.2 427 527 1)
(83245 -95475.8 73282 43 143 1)
(83259 -57395.1 -140155 470 570 1)
(83263 -89560.4 -75623.1 439 539 1)
(83264 -46264 116000 511 611 0)
(83268 -104466 31051.6 64 164 3)
(83277 94549.8 109484 37 137 1)
(83284 -43212 7051.35 14 114 0)
(83286 14127.8 -84703.2 160 260 1)
(83307 27306.2 87523.7 196 296 3)
(83325 -39169.7 -79590.4 230 330 1)
(83326 962.25 -79730.8 573 673 3)
(83340 109806 25042.1 475 575 1)
(83341 18006.3 -146106 424 524 0)
(83348 47355.5 -1121.34 224 324 1)
(83356 -8105.44 -97905.4 560 660 0)
(83369 -79434.8 -139010 363 463 3)
(83376 -119724 38165.2 266 366 3)
(83387 -74421.2 103520 277 377 1)
(83390 -78501.5 -9196.65 265 365 1)
(83399 73502 -37484 77 177 1)
(83404 57420.3 -123835 221 321 1)
(83415 3148.18 149963 391 491 1)
(83416 28262.2 -66592.2 529 629 3)
(83418 -67331.5 -17214.8 40 140 1)
(83425 69561.3 -10146.4 607 707 1)
(83430 -28114.4 -80636.7 347 447 1)
(83437 95369.6 42654.2 259 359 3)
(83443 89658.1 -71613.5 443 543 3)
(83453 -29123 -126.119 201 301 3)
(83468 23124.6 78327.9 283 383 1)
(83473 118823 92525.3 381 481 1)
(83479 -99941.6 18812.4 347 447 1)
(83482 -89428.6 63401.8 363 463 1)
(83485 21213 12946.9 115 215 1)
(83487 -113558 -10129.8 165 265 0)
(83490 -25067.5 -33349.9 605 705 3)
(83492 -110601 -9189.47 184 284 1)
(83495 -55277.7 -145997 239 339 0)
(83500 -98477 -8126.45 97 197 1)
(83505 -32141.4 25021.9 462 562 3)
(83518 24229.4 111689 485 585 1)
(83529 10164.6 60521.8 467 567 0)
(83543 18249.3 -50481.7 192 292 0)
(83544 100602 -72454.8 95 195 1)
(83545 -30155.2 84502 408 508 3)
(83549 105713 -102803 394 494 1)
(83558 -1982.31 32070.5 305 405 1)
(83573 97657.8 -32363.3 349 449 -1)
(83575 56.6426 -15199.8 47 147 1)
(83587 -8015.14 12944.3 53 153 0)
(83591 71318.7 66418.4 443 543 1)
(83592 7226.57 -101871 388 488 3)
(83596 -62309.8 -64492.6 161 261 1)
(83600 109529 -66536.1 115 215 3)
(83603 -82514.5 127781 518 618 3)
(83606 108837 -1145.08 73 173 3)
(83609 -45224.7 -136856 30 130 3)
(83613 -108581 -51450.1 505 605 1)
(83624 14226.6 -56627.1 548 648 1)
(83627 -60393.4 -54508.7 625 725 3)
(83629 -27105.8 -54504.3 588 688 3)
(83638 62659.1 -9163.56 211 311 0)
(83642 23219.4 -129923 235 335 1)
(83643 -82350.2 38095.9 68 168 3)
(83652 -94508.2 -27274.4 168 268 1)
(83656 -63260.5 129759 608 708 3)
(83659 -28099.1 -19154.4 117 217 1)
(83666 8418.7 -58264 532 632 1)
(83688 -66458 69369.9 575 675 3)
(83690 -6973.11 15984 204 304 1)
(83693 100673 -73582.1 234 334 1)
(83707 57440.2 -49531.5 549 649 1)
(83712 -53266.3 -47377.7 76 176 3)
(83714 -49979.7 44352.4 464 564 0)
(83721 -9996.14 -22352 581 681 3)
(83734 96783.8 -128092 326 426 1)
(83735 71585.2 89483 622 722 1)
(83747 67438.5 -16264.3 243 343 1)
(83762 -80493.9 -32372.4 579 679 3)
(83765 78374.8 -12007.1 204 304 0)
(83767 66419.7 18995.8 19 119 1)
(83769 -15045.3 53303.1 553 653 1)
(83773 -2970.96 -77666.1 498 598 1)
(83774 -92873.5 64048.2 520 620 3)
(83783 37308.9 85370.5 327 427 3)
(83787 -70425.1 84384 524 624 1)
(83789 84597.1 21997.2 288 388 1)
(83790 -43207.6 -65575.7 473 573 1)
(83791 -94434.9 46158.1 92 192 0)
(83793 10114.2 -17197 86 186 0)
(83795 44322.8 -73556.8 167 267 1)
(83797 93643.2 133520 93 193 1)
(83802 61487.3 18083.6 325 425 1)
(83804 -34113.2 78674.1 443 543 0)
(83807 -28190 3774.7 115 215 1)
(83814 36253.9 133664 179 279 1)
(83815 -101621 -97817.4 459 559 1)
(83827 72506.1 -83583.8 139 239 1)
(83830 -25082.3 -5132.06 600 700 1)
(83834 73450.1 23851.8 383 483 1)
(83838 -3996.85 -23268.6 81 181 1)
(83843 -4966.68 28025.6 394 494 3)
(83844 96671.7 -80572.6 52 152 0)
(83849 52538.9 70508 546 646 3)
(83851 -31117.9 -58488.4 183 283 3)
(83862 76497.3 -9113.2 162 262 0)
(83863 113888 -9377.39 422 522 0)
(83864 -87507.6 45178.4 226 326 0)
(83876 -60304.3 -12208.5 348 448 1)
(83877 96651.9 72360.9 143 243 0)
(83883 -52264.4 -147113 455 555 1)
(83885 -18069.2 -28180.9 21 121 3)
(83886 -101494 -19204.1 58 158 1)
(83898 65576.6 2922.84 345 445 1)
(83899 70416.1 37109.9 34 134 0)
(83901 -98723.5 -131939 263 363 0)
(83904 86846.9 84857.7 465 565 1)
(83905 25191.5 89352.3 10 110 1)
(83909 -107582 -42192.1 384 484 3)
(83913 101603 -88600 47 147 1)
(83914 -107361 86357.6 591 691 1)
(83921 -119704 -2556.33 254 354 3)
(83927 -942.973 18015.5 1 95 1)
(83934 82575 -14203.1 325 425 1)
(83945 58580.2 76332.3 400 500 3)
(83955 62283.4 -88519.7 141 241 3)
(83972 32263.6 -111816 316 416 1)
(83982 -4960.35 47192.8 334 434 3)
(83983 -91494.7 13957.5 50 150 1)
(83984 14095.1 -10188.6 284 384 1)
(83993 104723 -61500.4 236 336 1)
(83994 -29214.1 121787 282 382 1)
