(22006 -81415.5 -37360.6 291 391 1)
(22009 6986.05 143212 575 675 1)
(22018 75575.5 123712 526 626 1)
(22019 28339 -146215 604 704 1)
(22028 47312.2 -115742 47 147 0)
(22029 10144.5 -90818.2 98 198 3)
(22036 25207.9 95458.7 168 268 1)
(22037 116695 127649 123 223 3)
(22041 -112723 -97802.5 538 638 1)
(22045 -74334.4 -110831 371 471 0)
(22049 104800 91478.9 484 584 1)
(22056 -19082.8 -97843.5 592 692 3)
(22057 -54324.9 -65652 384 484 1)
(22061 -44072.4 -48352.4 240 340 1)
(22063 13183.4 27148 409 509 3)
(22066 -114578 30035.2 65 165 3)
(22069 71514.8 99411 371 471 1)
(22078 -95466.9 -91605.9 11 111 1)
(22079 54513.6 -45382.4 324 424 1)
(22094 -7967.62 -84669 279 379 3)
(22099 46326.1 70246.2 218 318 0)
(22104 -85559.2 -125060 616 716 3)
(22116 60460.1 -116891 441 541 0)
(22121 103637 109504 105 205 3)
(22137 -19027.6 130603 60 160 1)
(22139 99622.4 118575 146 246 1)
(22142 52370.7 -105887 590 690 1)
(22144 -57357.9 140846 577 677 1)
(22151 -70426.1 -119972 384 484 1)
(22152 -115872 -1053.85 39 139 0)
(22167 61587.6 -15274.9 422 522 3)
(22173 60500.7 -9092.83 245 345 0)
(22180 66440.6 -123936 404 504 3)
(22190 -95606.2 -71609.1 352 452 1)
(22191 113739 -19251.6 325 425 3)
(22195 -54306.6 -145105 392 492 1)
(22205 98741.7 111617 503 603 1)
(22216 74609.6 -10306.9 145 245 3)
(22219 9130.3 -45471.8 618 718 0)
(22220 30311.6 33088.5 76 176 1)
(22225 24205 -89732.3 548 648 0)
(22233 -10003.5 41264.7 107 207 3)
(22235 110834 -90714.8 374 474 1)
(22244 -35169.1 91420 91 191 1)
(22246 41441.8 74561.5 412 512 0)
(22251 3009.7 149943 77 177 1)
(22254 -33139 -101767 283 383 1)
(22256 -86385.2 96572 85 185 1)
(22263 -77266.1 -57318.7 181 281 1)
(22268 42364.7 5923.08 280 380 1)
(22283 111845 63306.3 432 532 3)
(22285 -108730 -53483.9 464 564 3)
(22286 -29147.8 96583.6 578 678 0)
(22289 -64364.9 1872.85 452 552 3)
(22290 4135.12 130769 575 675 1)
(22295 -45168.3 146671 102 202 3)
(22302 -84568.2 108683 611 711 3)
(22304 -27986.2 135993 324 424 1)
(22307 16005.9 101570 111 211 3)
(22309 39213.2 135751 494 594 1)
(22312 -81367.5 -92627.8 61 161 1)
(22315 -93444.2 72111.1 157 257 1)
(22323 -22049.8 98463 229 329 1)
(22326 48328.7 40095.1 175 275 1)
(22328 -109714 114667 529 629 1)
(22337 -33232.8 51374.9 300 400 1)
(22339 32231.4 -27240.8 61 161 3)
(22349 50290.2 101453 457 557 0)
(22365 -3929.89 -146874 107 207 3)
(22375 7034.97 109540 142 242 1)
(22386 31294.6 -44377.4 322 422 1)
(22387 17139.1 -118769 65 165 1)
(22395 92567.4 -97653.4 97 197 1)
(22397 16097.3 -14166 278 378 1)
(22404 -85467.7 -42703.3 333 433 1)
(22407 105668 -107714 172 272 3)
(22412 -2073.87 119597 605 705 1)
(22449 14176.3 143788 450 550 1)
(22458 -40156.4 -11180.2 128 228 1)
(22461 98667.8 -124918 139 239 1)
(22462 -73372.2 48262.7 84 184 3)
(22464 -37095.1 133662 296 396 3)
(22475 -75262 35999.2 124 224 1)
(22505 34219 -41298.5 7 107 0)
(22509 28278.1 -30360 313 413 1)
(22514 -54268.2 -66546.4 331 431 1)
(22529 -114614 -39435.2 186 286 3)
(22537 34178.9 -106803 294 394 3)
(22539 -121589 -21091.9 364 464 1)
(22540 -65264.5 121496 352 452 1)
(22548 18162.7 21100.9 204 304 1)
(22552 43273.9 81382.8 55 155 1)
(22559 -8985.23 6933.89 81 181 3)
(22560 39236.4 15750.2 479 579 1)
(22569 -68424 38100.5 594 694 1)
(22574 -74510.7 -53481.1 467 567 1)
(22584 87720.7 -128081 573 673 1)
(22585 38325 -114815 202 302 1)
(22600 -120738 105554 490 590 1)
(22602 -87473.7 76342.9 199 299 1)
(22605 -107783 80515.8 612 712 1)
(22615 60485.3 125720 451 551 3)
(22617 50406 68317.7 421 521 1)
(22622 -74432.9 37087.1 73 173 3)
(22627 -63322.7 82495.5 592 692 3)
(22641 104725 142764 100 200 1)
(22644 27285 -47454.2 573 673 1)
(22655 -47199.4 -122851 166 266 1)
(22673 -14013.1 81456.5 374 474 1)
(22675 96738.3 98530.3 572 672 1)
(22676 -74400.7 118664 153 253 1)
(22677 -120707 16961.4 362 462 3)
(22680 32283.1 -58537.9 503 603 1)
(22681 -96496.7 -63494.9 180 280 1)
(22710 51449.1 99607.1 207 307 3)
(22716 12155.4 -87646 307 407 1)
(22722 39377.9 78405 614 714 3)
(22729 -28147.8 101389 375 475 1)
(22731 116808 136742 469 569 1)
(22743 71424.5 53231.8 110 210 1)
(22745 107675 -83728.4 367 467 1)
(22746 -9082.57 77446.2 68 168 1)
(22757 -106896 78423.3 485 585 0)
(22759 85572 -54319.9 406 506 0)
(22760 37247.6 53126.6 12 112 1)
(22763 -98384.3 38187.1 9 109 0)
(22768 -103563 -69552.7 330 430 1)
(22770 67182.1 45292 11 111 1)
(22782 9161.8 86527.1 620 720 1)
(22783 110698 -137926 254 354 1)
(22785 -36225 -48228.5 9 109 3)
(22786 15163.7 -11200.6 221 321 1)
(22790 48488.5 -135828 116 216 1)
(22797 -103675 -87671 24 124 1)
(22813 -4832.15 18046.7 123 223 3)
(22822 73524.2 -34246.7 74 174 1)
(22823 -1945.1 -12278.8 128 228 0)
(22828 104472 -59931.1 411 511 1)
(22830 -57349.7 94551.4 467 567 3)
(22834 -93449.5 109523 76 176 1)
(22835 44272.4 49173.8 143 243 1)
(22838 13142 -82558.8 108 208 1)
(22841 -7953.46 -54471.5 452 552 3)
(22842 17194.8 -105915 626 726 3)
(22868 -69360 -90680.5 212 312 1)
(22869 63483.5 -62508 40 140 1)
(22871 3071.29 -40400.9 318 418 1)
(22878 102918 -117066 532 632 1)
(22889 109494 -62314.6 567 667 0)
(22890 -72390.1 -97796.7 318 418 1)
(22897 114604 -24378.7 189 289 0)
(22899 -24247.8 11987.1 604 704 1)
(22903 99754.5 -139049 447 547 3)
(22906 41283.6 128651 135 235 1)
(22907 -26092.3 -72594.5 361 461 0)
(22909 7125.8 -113965 629 729 0)
(22911 40327.1 -132107 429 529 0)
(22925 67479.2 21008.6 283 383 3)
(22926 40336.8 -134896 183 283 1)
(22928 -63351.2 -98735 395 495 3)
(22941 -120847 46267.5 219 319 1)
(22944 -83534.5 91533.5 612 712 1)
(22951 22254.9 123764 578 678 1)
(22957 32257.3 -141166 364 464 1)
(22966 106166 39186.4 560 660 1)
(22975 105704 -108705 167 267 3)
(22977 84622 95465.5 584 684 3)
(22987 -90516.6 -90704.2 318 418 3)
(22989 112773 -135978 329 429 1)
