(134002 26275.2 -90792.4 330 430 3)
(134005 -58352 -103946 354 454 1)
(134007 38652 126929 547 647 1)
(134009 55290 -60676 525 625 1)
(134015 -65492.7 -104663 293 393 0)
(134024 1082.74 103640 550 650 1)
(134036 -29066.2 41133 26 126 1)
(134045 57467.9 -91779.1 568 668 1)
(134047 -34089.5 -11283.8 240 340 1)
(134048 40460.1 33100.1 554 654 1)
(134056 -12043.1 -65504 364 464 3)
(134061 -77415.3 -136934 248 348 1)
(134072 -75377.2 61210.6 304 404 1)
(134076 -111638 16969.1 404 504 1)
(134077 -62276.7 -97662.6 21 121 3)
(134084 -92547.7 -50422 273 373 3)
(134087 72509 -30365 344 444 1)
(134089 90830.3 -115912 221 321 1)
(134095 -58401.6 14170.3 179 279 1)
(134102 -114735 81420.2 619 719 0)
(134105 2287.44 29841 51 151 1)
(134120 -95465.2 140671 95 195 1)
(134121 -37177.1 -90784.3 608 708 0)
(134137 -76128.5 47161.1 384 484 3)
(134142 -118818 -70786.5 347 447 1)
(134149 20225.6 -14019.9 555 655 0)
(134152 -103541 -123896 341 441 1)
(134158 -875.301 126711 321 421 1)
(134159 -50193.4 -80690.9 479 579 1)
(134163 -98672.6 33207.3 100 200 0)
(134165 21201.4 46068.8 592 692 1)
(134171 -38175.1 134663 187 287 1)
(134173 -37084.4 -33300.2 288 388 3)
(134184 -22092.8 85425.2 312 412 1)
(134189 98767.3 21084.1 442 542 1)
(134191 -108786 -54356.7 119 219 3)
(134192 68530.7 -19249.8 544 644 1)
(134193 115754 72530.8 482 582 1)
(134201 -41195.6 -117873 334 434 1)
(134203 -64497.7 62225.5 533 633 1)
(134205 -83470.2 118646 365 465 3)
(134208 -21172.1 64288.9 488 588 1)
(134209 -11033 -133057 457 557 1)
(134216 -33244.9 51076.2 496 596 1)
(134221 18200.8 129735 593 693 0)
(134223 -35014.9 7028.44 165 265 0)
(134224 59310.6 79340.1 175 275 1)
(134228 -38205.4 69306.4 142 242 3)
(134231 -11997.9 130601 58 158 1)
(134232 -101571 -71689.2 622 722 1)
(134235 46368.7 -51485 409 509 1)
(134239 -70132.9 -1975.61 20 120 1)
(134273 32268 66320 566 666 0)
(134283 -91253.2 -53307.1 325 425 0)
(134285 -5006.09 -21266.2 286 386 1)
(134290 25269.4 -3173.37 620 720 1)
(134296 -11987.1 -40351.5 11 111 3)
(134297 -45253.8 67264.8 92 192 1)
(134299 41266.3 -140949 96 196 0)
(134302 102817 52240.1 333 433 1)
(134303 59608.3 -108693 158 258 3)
(134307 8011.66 118599 6 106 1)
(134315 107565 70221 16 116 3)
(134338 5171.73 -46428.5 518 618 1)
(134346 27271.8 123582 128 228 1)
(134347 -9009.53 -42364.4 87 187 1)
(134349 -16055.5 -103697 181 281 1)
(134363 -120711 -92719.6 321 421 1)
(134367 -100741 -53348.4 544 644 0)
(134368 89654.4 -23266.4 423 523 1)
(134370 -72359.1 -124002 457 557 3)
(134378 1063.27 39138.9 555 655 1)
(134379 -82521.3 69358.9 404 504 3)
(134392 -98515.1 -65474.6 161 261 1)
(134397 90710.7 -96823 584 684 0)
(134399 90627.4 -149869 39 139 1)
(134400 8070.03 -116692 129 229 1)
(134401 32263.7 79385.2 432 532 1)
(134405 10133.7 -59539.1 477 577 3)
(134408 11127.4 15979.4 1 95 3)
(134412 -86282.1 142599 68 168 3)
(134418 15245.4 -105869 586 686 1)
(134419 -917.213 130733 1 96 1)
(134426 -109479 20014 46 146 3)
(134429 -37214.2 -106999 426 526 1)
(134447 11955 -6173.29 269 369 1)
(134455 -32217.1 5947.14 512 612 0)
(134469 92613.1 -54601.9 448 548 1)
(134472 89727.1 -68814.1 466 566 0)
(134474 -45311.6 67375.5 602 702 1)
(134483 -103578 -101686 115 215 1)
(134488 3074.65 -138924 110 210 3)
(134495 12125.6 -89618.1 156 256 3)
(134499 -25118.5 82473.2 598 698 1)
(134501 56434.3 134730 395 495 3)
(134514 89551.7 26086.2 53 153 1)
(134522 55359.4 134132 157 257 0)
(134530 -47185.4 -30301.4 17 117 0)
(134533 -1870.83 -81634.2 157 257 1)
(134543 -18061.7 120614 247 347 1)
(134547 8104.31 53179.1 214 314 1)
(134557 80485.7 -122961 207 307 1)
(134558 -109636 -128838 142 242 1)
(134572 -34177.6 46171.7 374 474 1)
(134582 55470.7 65629.3 511 611 0)
(134597 59325.4 88275.5 65 165 1)
(134598 -111599 -69540.2 188 288 1)
(134601 117941 -110922 608 708 1)
(134604 64304.2 66720.7 624 724 0)
(134607 -102563 49174.8 148 248 1)
(134619 124699 141686 63 163 1)
(134643 -33023.4 99386.7 268 368 1)
(134648 60448.2 -133303 595 695 1)
(134654 45442.2 936.517 371 471 0)
(134655 -114752 -121894 320 420 1)
(134660 -91575.2 -31354.8 559 659 3)
(134678 68475 -13197.3 478 578 1)
(134685 -112442 -131915 51 151 1)
(134687 -74433.8 -17353.6 404 504 1)
(134692 -1865.59 -108738 27 127 1)
(134695 39375.9 -15266.5 591 691 3)
(134717 -68377.6 -43361.4 92 192 1)
(134733 -122775 -35395.6 531 631 3)
(134741 -82293.6 25020.9 336 436 1)
(134746 -87490.8 13935.6 466 566 1)
(134762 11133.9 138627 51 151 3)
(134764 -11020.4 -96806.8 524 624 1)
(134765 -47258.2 -38409.3 524 624 1)
(134768 75851.2 7611.97 496 596 1)
(134772 54442 62452.1 595 695 1)
(134785 32245 -23179.6 115 215 1)
(134793 120959 -105752 569 669 3)
(134797 100755 -28311.7 428 528 1)
(134811 55380.4 54211.7 191 291 1)
(134824 44463.2 117749 532 632 3)
(134826 -31186.5 115687 315 415 1)
(134831 -40207.9 133732 399 499 1)
(134840 74553 53176.2 361 461 1)
(134856 -121839 72369.3 623 723 1)
(134861 38243.3 131727 4 104 1)
(134864 92549.1 51167.5 14 114 1)
(134867 -70400.8 -31353 513 613 1)
(134869 18030.9 -144025 397 497 1)
(134870 19153.9 44154.4 171 271 1)
(134872 -9998.48 11922.3 347 447 1)
(134878 79626.4 128848 556 656 1)
(134886 14120.4 102475 232 332 1)
(134887 89821.3 -115312 373 473 0)
(134888 73511.4 82380.8 261 361 1)
(134897 44370.5 1804.64 460 560 3)
(134898 -28139.6 -56517.1 83 183 0)
(134901 -20868.3 -95712.8 246 346 1)
(134909 -91593.4 74393.8 384 484 1)
(134910 61521.5 -126037 604 704 3)
(134915 -877.353 -122727 1 93 3)
(134917 -118735 -20268.6 437 537 0)
(134922 -18035 15961.3 40 140 3)
(134926 50416.9 28060.4 563 663 1)
(134928 -10006.8 62325.2 472 572 3)
(134932 93630.3 55081.4 25 125 0)
(134942 48379.7 -26255.6 257 357 1)
(134953 -122610 -62452.5 41 141 3)
(134955 -15012.9 -22163.9 32 132 1)
(134971 -58284.3 -141975 242 342 0)
(134972 23218.7 -47468.3 456 556 3)
(134985 -86487.4 147832 391 491 1)
(134990 80596.4 -18669.7 380 480 0)
(134998 22514.2 -6698.86 136 236 0)
