(85003 -123859 -127951 216 316 1)
(85012 121799 -5147.35 209 309 1)
(85017 -100756 40977.2 230 330 1)
(85022 41322.5 -138046 415 515 1)
(85023 -123774 124707 536 636 1)
(85028 -14971.7 -25463.7 447 547 1)
(85036 113811 -61490.7 233 333 0)
(85043 -58466.4 96738.3 269 369 1)
(85046 8145.61 53252.3 461 561 1)
(85051 -74411.1 -28319.8 351 451 1)
(85063 -23077.2 -62553.1 371 471 3)
(85065 -91627.4 26031.8 204 304 1)
(85078 7077.72 -127069 467 567 1)
(85081 -25277.3 48452 528 628 1)
(85083 -92746.9 -123987 514 614 0)
(85085 -8982.91 -118903 343 443 1)
(85095 -40157.6 -18150.4 289 389 0)
(85099 -98545.6 87398.5 297 397 1)
(85102 -66381 -18210.3 112 212 0)
(85107 -95558.7 45158.6 444 544 1)
(85120 -65413.8 -108862 470 570 3)
(85131 -69426.9 -18228.3 367 467 1)
(85134 47306.5 -51411.9 74 174 1)
(85152 31980.8 70470.1 143 243 1)
(85153 -16036.3 -134932 231 331 1)
(85154 84621.5 -50403.2 355 455 3)
(85159 -95496.6 97465.6 158 258 1)
(85168 -52404.7 -73632.3 398 498 3)
(85169 34300.6 -17104 210 310 0)
(85173 -58266.3 -140021 314 414 1)
(85175 -124764 57236.2 283 383 1)
(85185 -25122.6 47304.5 613 713 1)
(85188 87530.9 3917.09 137 237 3)
(85193 -2946.93 -118841 238 338 1)
(85200 -56340.1 133746 563 663 0)
(85205 -119780 -60608 590 690 1)
(85209 86554.7 109570 157 257 3)
(85213 -35065.2 -60362.5 365 465 1)
(85218 -114657 46156.2 295 395 1)
(85226 9140.23 31168 570 670 3)
(85231 -40303.8 -3192.17 586 686 3)
(85232 -76489.4 57231.4 405 505 1)
(85239 -41214.1 -88747.7 574 674 3)
(85249 -76310.5 13982.6 74 174 0)
(85253 -98557.6 49185.9 371 471 1)
(85258 53380.6 -16226.4 265 365 1)
(85273 103640 -15168.7 238 338 1)
(85284 -17046.7 83414.3 423 523 0)
(85289 -55318.5 -118915 577 677 1)
(85295 -35191.4 -111670 151 251 3)
(85301 -58353.9 -135065 551 651 3)
(85302 -18997.5 65417.3 569 669 3)
(85308 -33148.2 99453.2 359 459 3)
(85311 94784.2 -95859.2 558 658 3)
(85315 -2948.71 14960 289 389 1)
(85316 65719.9 -149295 552 652 1)
(85318 67464.5 28017.7 284 384 1)
(85323 -20045.3 13926.5 525 625 1)
(85343 65517.9 -85690.5 424 524 1)
(85348 12147.8 -32372.6 439 539 1)
(85350 -57342.2 -115844 338 438 0)
(85351 64360.7 -59480.8 184 284 3)
(85364 119686 -133908 282 382 1)
(85365 -106532 -21242.1 84 184 3)
(85371 59475 -70632.1 503 603 1)
(85379 -61295.3 -1163.4 408 508 1)
(85380 -21087.4 -7150.11 114 214 3)
(85387 104682 -23243.9 187 287 0)
(85388 13102.9 -61444.4 352 452 3)
(85391 -124696 -135033 413 513 1)
(85397 -25166.5 -99721.5 126 226 0)
(85401 -23054 85344.4 53 153 3)
(85405 -41222 -75408.6 509 609 3)
(85406 -77407.1 -117924 407 507 1)
(85407 -106587 -98571.2 168 268 1)
(85409 -108568 -127898 38 138 1)
(85426 25302.9 -114834 276 376 1)
(85428 61371.1 31068.7 149 249 1)
(85440 -62355.5 21001.2 495 595 0)
(85443 -76356.2 7900.39 119 219 0)
(85460 -94500.7 148752 120 220 3)
(85462 53628.6 -104955 458 558 1)
(85463 81776.3 -6127.34 498 598 3)
(85464 -60223.7 25946.4 90 190 1)
(85466 -85570 -66606.2 520 620 1)
(85469 91582.5 -62457.3 77 177 0)
(85474 61327.7 -40336.1 244 344 1)
(85480 -69355.5 13957.3 255 355 3)
(85482 13185 -20203.2 516 616 0)
(85497 -116688 91400 378 478 0)
(85500 -93565.1 -110912 501 601 3)
(85508 -82522.9 22068.4 581 681 3)
(85509 6157.43 -104720 215 315 0)
(85516 16140.7 -97850.5 569 669 0)
(85522 -48264.5 -49853.8 564 664 0)
(85529 -24068 1807.23 92 192 1)
(85532 89657 -10302.8 21 121 1)
(85537 22256.4 -31377 599 699 1)
(85538 30217.9 -76695 308 408 1)
(85539 4129.31 38146.8 314 414 3)
(85541 46387.4 -7125.77 222 322 0)
(85549 58515.6 -57530.3 134 234 1)
(85558 65542.2 18060 391 491 1)
(85565 -58708.4 100639 580 680 0)
(85573 -34226.6 -8106.3 291 391 1)
(85574 21220 -88763.2 546 646 1)
(85577 73575.1 12940.8 525 625 3)
(85580 74543.3 -96744.4 320 420 1)
(85582 11148.8 -54414.3 92 192 3)
(85586 -63266.8 130639 68 168 0)
(85594 -52312 -84662.9 484 584 3)
(85602 83563.3 102648 526 626 3)
(85603 100816 149809 255 355 1)
(85609 -23102.6 -68692.8 442 542 1)
(85613 -11956.5 -64619.6 575 675 3)
(85615 -58020.7 -85748 134 234 1)
(85624 25208.8 90389.5 95 195 0)
(85625 -5028.21 -96637 180 280 1)
(85631 -121697 -118929 351 451 1)
(85634 -58503.4 -71608.5 512 612 1)
(85638 -1127.81 -45416.4 248 348 1)
(85639 -90367.7 1901.28 197 297 1)
(85640 -4925.61 -86718.3 527 627 3)
(85644 -50247.8 -115837 277 377 1)
(85649 89574.3 -59378.4 75 175 3)
(85651 -58672.7 26939.7 109 209 1)
(85654 71498.3 37191.1 276 376 0)
(85657 82567.6 -113805 119 219 1)
(85660 82638.8 71309.4 326 426 1)
(85672 49775 134121 433 533 1)
(85673 1948.42 -99630.7 71 171 3)
(85677 -95706.7 -3141.18 279 379 0)
(85680 -97413.2 -96670.1 70 170 3)
(85685 123773 -72572.4 190 290 1)
(85689 -119654 -67540.7 110 210 1)
(85692 -37201.5 -88763.4 602 702 1)
(85713 -98524 -126879 237 337 1)
(85714 -91601.2 84468.7 520 620 1)
(85718 -86421.6 -146902 39 139 3)
(85724 85644.5 -73658.2 483 583 1)
(85730 35400.2 118680 596 696 1)
(85733 12148.9 64233.8 386 486 3)
(85734 85698.8 95596.2 415 515 1)
(85737 -30086.7 139623 19 119 1)
(85738 -94.6532 140954 534 634 1)
(85764 86641.7 104464 294 394 1)
(85771 -18188.7 -12332.3 575 675 1)
(85776 -80376.1 -14157 405 505 1)
(85782 -42225.6 -13090.9 424 524 3)
(85783 -65392.2 -55485.2 626 726 1)
(85786 55114.3 13971.5 426 526 1)
(85794 -31146.2 35112.6 487 587 0)
(85797 -31888.2 72129.8 25 125 0)
(85807 -18031.2 147727 112 212 1)
(85812 -105557 -50408.8 91 191 0)
(85831 -31012.8 -109709 149 249 1)
(85838 82519.5 30076.1 68 168 1)
(85846 -69176.2 70367.8 1 97 1)
(85853 106822 61609.5 473 573 1)
(85869 86819.2 -6228.42 627 727 0)
(85874 14105.1 -37349.6 273 373 0)
(85877 -34143.5 109511 136 236 3)
(85885 -28131.8 -118002 585 685 1)
(85895 -7957.09 -72503.9 115 215 1)
(85905 -2022.61 -52396.6 268 368 1)
(85906 -54235.1 -134834 70 170 1)
(85909 8199.69 35082.7 480 580 3)
(85910 89685.1 32041.6 580 680 3)
(85918 14110.9 143853 546 646 1)
(85921 65222.2 140881 41 141 1)
(85923 -41225.7 -1246.18 572 672 3)
(85927 -22116.2 -77505.6 218 318 3)
(85937 -9009.32 58268.9 567 667 1)
(85939 -36145.1 -49326.8 1 97 1)
(85944 62490.5 -40277.1 69 169 3)
(85949 118766 38091.2 52 152 3)
(85954 20275.7 -44467.1 543 643 1)
(85955 99656.6 20978.3 225 325 1)
(85960 -123538 12125.1 563 663 3)
(85964 14118 -16239.1 152 252 0)
(85971 58263.9 -72614.7 111 211 1)
(85979 -15030.4 -99635.4 129 229 1)
