(43000 52485.7 -134976 381 481 1)
(43003 -36176.2 42124.4 425 525 1)
(43010 -2943.26 -83733.5 552 652 1)
(43014 -3019.09 53256.2 250 350 3)
(43022 -125.862 -45515.3 217 317 0)
(43024 -24072 -40441.2 602 702 1)
(43030 -9975.42 -118846 116 216 1)
(43031 86513.6 61253.6 136 236 0)
(43034 10078.4 -114091 415 515 1)
(43041 -46136.1 -124019 582 682 1)
(43044 41443.7 1958.38 411 511 1)
(43057 32294 112658 584 684 3)
(43061 91661.2 49221.7 225 325 0)
(43075 -94632.4 13918.2 427 527 0)
(43082 -26128.9 -83582.2 380 480 3)
(43085 103799 105605 605 705 1)
(43087 96813.3 -49515.5 408 508 0)
(43093 -18049.9 127715 330 430 3)
(43099 43453.2 9643.87 343 443 0)
(43108 -72360 58233.7 94 194 1)
(43111 61447.1 -129950 301 401 1)
(43114 -123006 134823 158 258 3)
(43115 -60316.7 102520 347 447 3)
(43116 73566.7 67357.4 623 723 0)
(43117 -67337.6 77491.5 486 586 3)
(43118 -62466.7 -30464.1 292 392 1)
(43119 -49161.4 108544 93 193 1)
(43124 50138.1 101586 130 230 3)
(43132 -59295.8 -101737 79 179 3)
(43141 23308.9 -1210.57 26 126 3)
(43154 -121683 900.71 146 246 1)
(43156 -74508.3 -36329.4 434 534 3)
(43157 103844 139924 414 514 3)
(43160 10094.1 16962.1 220 320 1)
(43164 15186.2 -21241.7 159 259 1)
(43182 35292.2 88507.9 413 513 1)
(43188 39267.6 -85567.7 34 134 1)
(43190 49371.7 -44318.3 119 219 0)
(43205 52338.9 -78527.9 118 218 1)
(43210 -65381.8 97593.1 1 99 1)
(43216 -48268.4 -122866 316 416 0)
(43223 -70318.9 -51454.8 113 213 1)
(43225 -16933.5 -145023 137 237 1)
(43232 86177.6 103590 130 230 1)
(43234 92635.6 74387.2 247 347 1)
(43250 17118.6 -82663.8 413 513 3)
(43254 34431 -137182 602 702 3)
(43265 -22091 -11126.6 554 654 0)
(43268 -51315.1 123904 364 464 1)
(43275 -55406 -116818 236 336 3)
(43278 -58319.2 -83704.2 586 686 1)
(43279 70479.5 -47240.4 117 217 1)
(43284 33578.2 -113153 549 649 3)
(43286 -124676 103481 256 356 0)
(43287 52646.3 128751 600 700 0)
(43296 119831 106510 271 371 0)
(43298 -60337.1 145864 493 593 1)
(43300 120849 127609 540 640 1)
(43315 111661 18004.8 148 248 3)
(43318 -118640 82302.4 161 261 3)
(43320 -88552.4 77416.8 626 726 1)
(43328 68616 2874.07 239 339 1)
(43344 4906.45 51414.7 262 362 1)
(43346 -90389.7 -55404.8 404 504 1)
(43353 96599.4 81400.9 182 282 -1)
(43366 -49266.1 73389 502 602 1)
(43371 39456.5 21961.5 591 691 1)
(43372 -115580 -138907 71 171 0)
(43379 72644.2 -33445.3 578 678 1)
(43382 78605.6 855.722 43 143 1)
(43383 41298.4 65211.7 30 130 0)
(43394 61506.4 19973.7 494 594 3)
(43402 63375.6 9865.67 94 194 3)
(43407 -34130.4 -40566.1 272 372 1)
(43408 -22097.3 -130085 501 601 1)
(43411 100722 -45485.8 562 662 1)
(43412 24346 91588.6 473 573 0)
(43414 -13991.1 -11191.9 41 141 1)
(43417 -80358.7 80292 32 132 1)
(43431 21191.1 -67485.5 118 218 1)
(43438 -122787 -115026 575 675 3)
(43439 -47103.7 47221.4 444 544 0)
(43443 -7999.06 -13186.1 207 307 1)
(43448 62379.7 -34378.7 363 463 1)
(43450 29301.9 -113060 489 589 1)
(43454 10246.5 30029.7 604 704 1)
(43455 -86497.9 884.276 416 516 3)
(43465 -11097.9 18015.2 231 331 0)
(43466 -82479.6 -21130.3 101 201 3)
(43475 23272.8 132593 132 232 1)
(43479 -100650 88568.7 621 721 1)
(43499 46292.8 -93769.8 363 463 3)
(43501 21.3722 -97811.8 417 517 1)
(43502 -103673 -51474.4 364 464 1)
(43503 -95163.1 -33380.2 451 551 1)
(43506 36312.5 -114909 468 568 1)
(43514 97484.5 -19188.4 166 266 1)
(43528 -98554.4 -133003 350 450 1)
(43543 -4982.08 111530 226 326 1)
(43554 85813.1 51274.1 512 612 1)
(43556 54494.2 2844.34 514 614 1)
(43561 89508.8 38085.9 315 415 3)
(43572 -121892 -120833 347 447 0)
(43580 46316.3 -84602.4 242 342 1)
(43581 13162.9 -56516.2 320 420 3)
(43585 94673.3 104531 519 619 3)
(43587 -102648 137779 474 574 0)
(43588 83649.7 113667 446 546 0)
(43591 -29046.9 46210.2 8 108 1)
(43601 -113872 -66719.4 438 538 0)
(43603 79499.8 -25297.6 41 141 1)
(43611 105766 100470 165 265 3)
(43617 52416.9 112588 440 540 1)
(43627 -44207.8 -77556.5 99 199 1)
(43629 84713.1 125715 491 591 1)
(43632 -76368.9 -88727 277 377 3)
(43634 -56202.5 109709 304 404 1)
(43639 12117.7 3958.64 285 385 3)
(43643 -7957.65 -48456.3 252 352 1)
(43649 36207.4 -30298.7 332 432 1)
(43654 -23076.9 113572 145 245 1)
(43657 -81479.4 -38423.9 550 650 1)
(43665 19166 44167.1 280 380 1)
(43667 32259 -142961 211 311 1)
(43674 -107688 -12219.2 328 428 3)
(43678 76571.2 -55492.2 459 559 3)
(43683 74598.1 -118929 303 403 0)
(43689 -56268.3 -98745.2 322 422 1)
(43691 -91475 104534 273 373 1)
(43693 -103432 -17322.2 298 398 1)
(43713 -84459.2 53210.9 165 265 1)
(43716 -10490 -101890 557 657 0)
(43719 -73422.6 -39394.5 513 613 1)
(43723 -39227.9 -104758 171 271 1)
(43724 57474.6 -98832.5 612 712 1)
(43725 64488.3 -146078 276 376 1)
(43726 59395.4 -108725 95 195 1)
(43738 12395.4 -118455 272 372 0)
(43741 -120773 -115159 329 429 1)
(43743 -23057.3 99497.5 143 243 1)
(43746 75771.6 -134006 532 632 3)
(43756 22978.6 37097.6 558 658 3)
(43770 31319.9 -86618.3 434 534 1)
(43772 -9996.25 -104794 336 436 3)
(43773 117945 -48281.7 429 529 3)
(43775 -97496.5 1861.38 130 230 1)
(43776 60378.5 -84636.6 122 222 0)
(43779 -26098 78259.8 24 124 3)
(43798 -61219.1 -95846.6 26 126 1)
(43805 -118758 -35359.8 534 634 3)
(43806 1134.03 14970.6 167 267 1)
(43809 -103767 -67120.3 91 191 3)
(43814 -25144.5 -136160 616 716 1)
(43819 81537.8 -68454.9 25 125 1)
(43820 -63257.3 -130806 1 101 3)
(43823 23185 88405.9 80 180 1)
(43824 -49210.5 -102670 48 148 1)
(43826 -11005 -81608.5 303 403 0)
(43835 124893 -33373.6 456 556 1)
(43837 -954.455 -11170.5 22 122 1)
(43843 16123.7 101449 1 100 0)
(43847 -98643 102476 382 482 1)
(43848 39324.6 -61607.5 596 696 1)
(43852 34266.5 -141131 602 702 0)
(43853 118808 -97531.8 140 240 1)
(43854 14178.7 111708 540 640 3)
(43856 95296.8 -34368.3 216 316 1)
(43857 -86551.3 88541.3 504 604 3)
(43864 11387.9 -55663.3 427 527 3)
(43867 -17981.3 -25302.2 623 723 1)
(43868 66.7708 81327.1 51 151 1)
(43869 18172.1 -39416 426 526 1)
(43870 -108692 -137070 530 630 1)
(43875 -918.74 77412.7 606 706 3)
(43877 28132.9 -46432 137 237 0)
(43889 -37152 11945.3 121 221 1)
(43890 56396.1 -77626.4 14 114 0)
(43895 57435.4 -56449.2 576 676 1)
(43905 -67365 54064.7 120 220 1)
(43908 80469.1 -141996 344 444 1)
(43910 -58296.6 -138111 594 694 1)
(43912 -5971.87 -6147.01 69 169 1)
(43915 -20085.7 -4197.05 523 623 1)
(43919 -60351.9 -117929 480 580 1)
(43925 82601.3 -28332.2 410 510 1)
(43926 43325.8 -77563.8 290 390 0)
(43933 -41157.6 104646 417 517 1)
(43940 48417.1 -106905 628 728 1)
(43944 -32290.5 19230.4 549 649 0)
(43950 71428.6 40225.8 313 413 1)
(43956 -16049.3 -59587.3 550 650 1)
(43959 -49080.4 92478 344 444 0)
(43970 7133.69 -109930 532 632 1)
(43971 -124558 -22197.7 432 532 1)
(43972 -5973.08 107634 491 591 3)
(43973 62569.7 21105.8 277 377 1)
(43982 13161.8 -35361.7 250 350 1)
(43984 -20171.3 -62306.5 401 501 0)
(43990 33298.4 91491 459 559 1)
(43992 75541.6 -136016 436 536 1)
(43993 -97146.6 -11301.5 553 653 1)
