(139002 -30244.8 -124947 137 237 0)
(139007 13115.2 -53366.5 4 104 1)
(139017 50402.9 -18196.2 394 494 0)
(139021 107762 -35281.3 482 582 3)
(139049 97774.2 -15258.4 440 540 0)
(139057 54411.1 -72576.8 473 573 3)
(139060 -110742 -85769.8 599 699 1)
(139063 -75384.6 -37375.1 269 369 1)
(139066 41325.9 -63640.1 491 591 1)
(139069 -86447.8 -32326.4 135 235 1)
(139080 -63349.9 -77712.2 504 604 1)
(139084 -99524.6 17984.6 203 303 1)
(139085 -101581 -79588.1 304 404 3)
(139086 -12931 136604 144 244 1)
(139088 -77447.1 -64595.3 300 400 3)
(139093 -69415 -39364.6 435 535 3)
(139094 -1946.55 -62494 533 633 1)
(139102 -20047.2 -21225.4 184 284 1)
(139109 -5039.15 -108896 454 554 3)
(139110 -13557.8 -11517.9 14 114 3)
(139127 102636 -1871.02 585 685 3)
(139128 116856 82403.9 492 592 3)
(139136 -63285.3 59208.4 1 96 3)
(139138 -24104.6 -49467.8 391 491 0)
(139139 -106578 86524.6 18 118 3)
(139140 30464.1 22740.3 34 134 3)
(139166 19114.1 -92606.2 102 202 1)
(139172 109837 120722 602 702 1)
(139176 29189.2 -130098 568 668 1)
(139184 -16019.9 -2147.86 351 451 3)
(139185 23221.8 61236.9 224 324 3)
(139192 110864 34190.1 548 648 3)
(139193 -65294.9 -132855 60 160 1)
(139202 -20986.3 32180.4 352 452 3)
(139211 23207.2 -4077.35 47 147 0)
(139236 -72425.4 -138065 548 648 1)
(139244 -53315 33121.4 371 471 1)
(139246 29286.5 -119933 538 638 0)
(139250 51422 -80705.4 602 702 3)
(139251 -83432.7 133703 309 409 1)
(139252 88571.1 -134221 162 262 3)
(139253 3070.8 -35330.2 158 258 1)
(139257 5095.62 -25296 308 408 1)
(139262 83669.6 55161.2 204 304 1)
(139272 -19089.9 -132932 364 464 1)
(139274 86957.2 63344.4 162 262 1)
(139278 -83388.6 -87590.2 33 133 1)
(139280 -59544.5 -97713.3 133 233 1)
(139283 47270.2 123750 93 193 1)
(139286 -50247.4 -56539.5 470 570 3)
(139289 124979 -3157.3 382 482 1)
(139293 3096.19 87501.3 512 612 3)
(139296 -95556.5 97463.2 308 408 1)
(139297 -51249.8 -73437.4 495 595 1)
(139299 42278.7 91406.3 149 249 3)
(139300 59374.5 -91627.9 124 224 1)
(139301 -10068.3 -6178.45 8 108 1)
(139303 82629.9 -14343.5 570 670 1)
(139306 -87534.4 105578 58 158 1)
(139309 94690.5 -18188.4 294 394 1)
(139313 -66428.4 102529 141 241 0)
(139315 -9983.55 103585 536 636 1)
(139318 24297.1 -3213.6 553 653 0)
(139322 -29205.8 -104883 500 600 1)
(139328 -19021.1 -33401.6 478 578 3)
(139341 -54275.7 108515 215 315 0)
(139344 63781.8 -63903.1 465 565 1)
(139357 62350.5 -120074 233 333 1)
(139361 -88470 -116676 293 393 1)
(139364 -28109.3 -146058 276 376 1)
(139371 -18279.9 -15199.4 248 348 1)
(139374 90641 24033.9 347 447 1)
(139375 20087.1 32090.7 491 591 0)
(139383 31244.1 -100758 289 389 1)
(139385 -69402.3 -53509.1 515 615 1)
(139394 -65325.2 -146941 140 240 1)
(139395 -111602 -138925 181 281 1)
(139398 -1931.1 48191.7 152 252 1)
(139414 -16041.7 42165 437 537 1)
(139421 -18182.5 134517 8 108 1)
(139422 79624.3 -145196 598 698 3)
(139430 116634 -71444.8 267 367 0)
(139432 -96553.5 66348.5 622 722 1)
(139434 100695 -3179.16 66 166 1)
(139441 49372 -56498.4 488 588 1)
(139444 110873 30073.1 456 556 1)
(139447 -47231.4 59116.6 152 252 1)
(139448 84544.3 -85666.4 194 294 3)
(139468 41484.2 -9142.79 438 538 1)
(139481 -71441.2 -66580.7 625 725 1)
(139485 -59765.9 46547.2 464 564 1)
(139498 69552.5 -109860 515 615 1)
(139499 -76334.5 -50405.5 55 155 1)
(139517 -12968.6 51236.1 374 474 1)
(139530 33238.2 -14232.4 18 118 1)
(139534 -18026.3 -149969 236 336 3)
(139540 -55369.3 -35391.7 198 298 1)
(139543 100748 -85042.3 496 596 0)
(139556 -5979.18 -53522.8 340 440 1)
(139560 -89559.1 42360.5 520 620 1)
(139566 32274 -112925 497 597 0)
(139571 -85486.9 89393.8 203 303 1)
(139572 -112735 -114888 300 400 1)
(139574 -103586 -82649.5 401 501 1)
(139575 33207.6 58303.2 214 314 3)
(139582 85691.2 -79725 430 530 3)
(139585 -38144 -103708 127 227 1)
(139594 -100576 9933.55 387 487 1)
(139616 104823 60203 37 137 0)
(139626 -102626 -75742 506 606 1)
(139627 -25044.8 -77586.1 26 126 1)
(139635 -108577 110503 186 286 1)
(139641 -90556.5 4893.9 524 624 1)
(139648 -91564.4 6893.75 520 620 1)
(139651 -16122.6 10851.2 591 691 3)
(139655 20236 24984 608 708 1)
(139656 93255.8 785.946 1 93 0)
(139661 -99529.6 -100677 202 302 1)
(139668 50482.9 -113913 412 512 3)
(139685 -55249.7 -82566.9 16 116 3)
(139687 -12997.4 -102865 438 538 3)
(139690 90690.8 37113.8 515 615 3)
(139691 96739.2 56300.2 436 536 1)
(139694 -20061.6 28058.6 218 318 1)
(139708 -120716 -130947 305 405 1)
(139712 38349.7 106615 602 702 1)
(139717 -88387.7 60224.9 168 268 3)
(139718 110899 117494 85 185 1)
(139720 94758.1 113614 497 597 1)
(139722 63188.7 -98813.4 1 97 3)
(139738 33245.6 83310.2 66 166 1)
(139743 -110590 -13098.8 349 449 3)
(139747 -64263.7 14927.6 171 271 1)
(139748 -64366.5 10984.3 537 637 1)
(139754 56436.4 84240 414 514 0)
(139764 -31188.7 117635 473 573 1)
(139767 109775 32068.1 301 401 3)
(139790 11041 -55367.5 222 322 3)
(139798 27213.3 23025.9 59 159 1)
(139799 -8996.56 -33309 83 183 1)
(139805 85702.2 27096.1 562 662 1)
(139810 39423.9 52260.3 599 699 0)
(139811 56391.1 82305.8 202 302 1)
(139826 54341.4 -76557.8 85 185 1)
(139828 27221.1 -61484.8 388 488 3)
(139832 36958.9 -51615 564 664 0)
(139839 113668 12948.3 99 199 1)
(139849 -118723 -116803 42 142 3)
(139853 -55302.8 -82692.1 384 484 3)
(139854 32306.7 97715.4 435 535 0)
(139859 61443.4 91456.9 459 559 1)
(139868 75599.4 16892.3 610 710 1)
(139881 -14345.3 -97890.9 259 359 1)
(139883 92616.1 37172.5 349 449 3)
(139890 3144.39 33165.2 305 405 1)
(139891 31214.1 129576 1 98 3)
(139895 -113685 17987.4 495 595 1)
(139899 -28014.7 17055.1 503 603 1)
(139904 -102703 136833 312 412 0)
(139905 124693 85427.8 60 160 3)
(139920 98691.6 -149988 128 228 1)
(139921 62572.4 -101788 328 428 3)
(139925 -24252.5 129813 585 685 3)
(139927 -83342.9 137545 58 158 3)
(139939 32349.9 -84714.1 500 600 3)
(139940 -60352.3 133694 191 291 1)
(139942 19229.3 -65484.4 241 341 1)
(139947 105808 -47574.4 601 701 1)
(139948 6109.86 -76638.2 400 500 1)
(139951 39259.2 73285.4 147 247 1)
(139952 82558.5 51191.5 255 355 1)
(139962 63469.5 -9226.63 414 514 3)
(139967 -114712 46197.4 453 553 1)
(139968 -83407.2 -32277.8 16 116 1)
(139972 67546.6 -48491.8 601 701 3)
(139989 -104733 67296.1 146 246 3)
