(34001 -116610 146770 264 364 1)
(34004 58411.7 -53417.4 127 227 3)
(34005 92530.5 -33394.5 364 464 1)
(34008 -7939.32 -116907 342 442 1)
(34022 4094.34 -72572.2 257 357 3)
(34029 8112.8 38071.4 478 578 1)
(34036 1076.36 111642 581 681 0)
(34038 25207.3 147740 177 277 1)
(34044 -76430.2 -88729.7 161 261 0)
(34046 -30096.7 -28279.8 56 156 3)
(34047 4185.44 89480.8 517 617 1)
(34049 79884.7 146932 485 585 1)
(34058 -61517.4 141652 535 635 1)
(34063 17205.6 -73659.6 561 661 1)
(34065 70546.2 107509 384 484 1)
(34081 10181.6 123771 618 718 1)
(34086 -120788 128673 330 430 1)
(34088 -82436 81371.4 373 473 1)
(34092 -75702.4 38106.3 575 675 1)
(34100 92588.8 72313.4 195 295 1)
(34109 16205.1 25085.6 85 185 0)
(34111 -75450.2 86567.8 84 184 1)
(34120 -11012.5 -136908 142 242 1)
(34123 -87551.1 -111855 266 366 1)
(34128 5102.48 -104.058 458 558 1)
(34132 -84571.4 -44461.6 413 513 3)
(34135 15156.3 -2159.71 297 397 3)
(34144 -17998.2 73208.4 10 110 3)
(34145 -55310.3 36116.9 454 554 3)
(34148 53672.8 -118785 434 534 3)
(34152 -48200.7 28075.7 423 523 3)
(34160 -23056.8 -89632 111 211 1)
(34164 110685 34151.5 88 188 3)
(34167 23229.1 -67585.6 233 333 1)
(34170 -92411.5 39083.7 91 191 0)
(34173 -79511.2 5928.69 24 124 1)
(34175 -103570 95472.9 203 303 3)
(34184 -46196.7 -71501.6 55 155 1)
(34189 17231.2 113646 70 170 0)
(34202 -79357.8 135611 26 126 1)
(34207 115747 61273.8 209 309 1)
(34208 -27133.1 58224.9 443 543 3)
(34225 95626.1 -50422.6 243 343 0)
(34240 -45250.7 -67741.7 538 638 0)
(34244 32256.2 -63557.5 461 561 3)
(34248 -75501.8 -8218.15 613 713 1)
(34249 111719 -121673 121 221 1)
(34265 -95612.4 -79643 554 654 1)
(34268 87669 -95793.2 390 490 0)
(34269 94661.8 -115861 400 500 1)
(34271 29310.6 13974.1 255 355 3)
(34290 -114691 -29405.6 299 399 0)
(34294 87674.9 23132.8 483 583 0)
(34298 -42320.2 10023.1 430 530 3)
(34304 -87561.2 40137.4 516 616 3)
(34333 16146.4 66323.8 224 324 1)
(34334 -53402.1 90606.6 624 724 3)
(34337 13149.4 52206.4 360 460 0)
(34344 -62298.6 -97775.8 322 422 0)
(34357 65520.1 -141109 515 615 1)
(34361 52447.4 122650 146 246 3)
(34366 -58261.5 -93658.6 106 206 0)
(34373 -52008.5 73390.1 61 161 3)
(34376 -42163.3 -112671 33 133 1)
(34387 112949 -24339.2 327 427 3)
(34392 24834.6 -37232.8 544 644 3)
(34393 -60490 -59551.4 463 563 1)
(34394 23178.2 -90810.6 596 696 1)
(34401 123890 54214.7 453 553 3)
(34403 103736 -92605.5 181 281 1)
(34405 -60604.7 104409 580 680 0)
(34408 109788 49190 386 486 3)
(34409 -32152.7 -137078 581 681 1)
(34413 -61360.4 65248.3 38 138 1)
(34416 -33188.6 11966.6 582 682 1)
(34420 -114517 61997.6 25 125 1)
(34422 39271.9 -2302.52 611 711 1)
(34428 65430.3 59228.8 327 427 3)
(34440 64393.8 3908.71 24 124 1)
(34442 -49139.4 52168 534 634 0)
(34446 -123731 -70555.3 294 394 1)
(34449 -39298 -45333.4 247 347 0)
(34452 -115571 -118757 85 185 1)
(34453 51430.5 25058.1 365 465 0)
(34455 86632.5 -114867 386 486 1)
(34458 55388.7 14925.5 144 244 1)
(34463 46738.4 3656.05 119 219 1)
(34468 -80413.6 -49430.2 282 382 3)
(34470 25250.1 -32360.1 164 264 0)
(34476 -84471.5 57305.7 155 255 1)
(34478 27644 123528 2 102 0)
(34484 -5002.32 46172.2 397 497 3)
(34486 -100567 -1144.02 508 608 0)
(34488 -2841.42 -75571.9 42 142 1)
(34505 -85475.3 -60455.6 174 274 3)
(34509 5091.04 64254.7 189 289 1)
(34514 71449.9 -44279.8 83 183 1)
(34516 -47202.9 -135839 31 131 1)
(34520 102666 100581 48 148 1)
(34529 -90459.1 53162.3 31 131 1)
(34537 59399.5 -94619.7 55 155 0)
(34547 102084 -2203.71 423 523 1)
(34548 94638.8 -109982 513 613 1)
(34549 79549.2 99471.3 280 380 1)
(34551 -30011.8 -61517.3 306 406 1)
(34552 115568 83465.8 203 303 3)
(34561 -36075.3 94142.1 325 425 0)
(34578 12140.9 28067 2 102 0)
(34582 -46243.9 -10180.9 203 303 1)
(34587 -78431.5 -131895 198 298 1)
(34595 44359.6 -76631.9 547 647 3)
(34604 -31160.2 -18255.2 489 589 1)
(34605 -41129.5 -88645.4 140 240 1)
(34610 -15027.7 -45395 180 280 3)
(34620 57236.5 38157.4 263 363 1)
(34621 -71283.9 -90832.8 45 145 3)
(34627 -46219.3 23030.2 208 308 1)
(34633 83493.2 -60405.5 15 115 0)
(34640 50362.6 -125920 378 478 1)
(34644 26253.4 -117962 424 524 1)
(34656 85631.2 143865 279 379 1)
(34661 -17078.3 90530.6 554 654 1)
(34662 -37150.2 126684 480 580 3)
(34664 -23058.4 -71468.4 204 304 3)
(34679 91606.7 -118834 131 231 1)
(34683 91306.8 62031.3 573 673 0)
(34687 -54246.8 -109674 122 222 1)
(34691 115616 26977.5 73 173 1)
(34696 -12990.2 -114006 457 557 1)
(34697 -20027.7 6813.68 542 642 0)
(34701 28277.8 -55476 265 365 3)
(34718 106662 2905.73 116 216 1)
(34720 58386.6 -42362.7 144 244 1)
(34722 -1982.71 -62384.1 218 318 1)
(34732 -75327.2 -18151.3 90 190 1)
(34736 55436.1 -93624.4 336 436 0)
(34737 118021 -122034 359 459 3)
(34746 -41183.9 49274.8 170 270 1)
(34747 -55280.7 19983.1 233 333 1)
(34749 -120660 58243.5 266 366 1)
(34754 -59384 -91820.6 594 694 0)
(34770 70565.1 43167.7 535 635 3)
(34777 -13092.9 142689 4 104 1)
(34784 -18332.9 -102564 360 460 1)
(34798 63428.5 -120800 297 397 1)
(34799 -43192.5 15954.7 118 218 3)
(34802 14117.3 94484.1 155 255 1)
(34808 22217.4 53210.4 456 556 1)
(34813 118866 38095.2 371 471 0)
(34815 -25988.1 -75703.7 253 353 1)
(34823 -43454.9 -28948.7 328 428 1)
(34826 -26104.6 64219.9 10 110 1)
(34827 -22069.1 10738.5 304 404 1)
(34839 82638.1 -131044 522 622 1)
(34844 -17027.9 117515 8 108 3)
(34852 24163.4 59362.5 205 305 1)
(34857 -10977.5 25113 19 119 3)
(34858 -98255.5 122860 521 621 1)
(34863 -92545 71340.2 415 515 3)
(34864 -73404.8 -120890 329 429 3)
(34867 -35267 48170.7 26 126 1)
(34868 67483 29045.3 320 420 1)
(34872 53507.3 -134812 267 367 1)
(34873 -121758 9947.09 551 651 1)
(34887 77508.5 97515.6 336 436 1)
(34892 67462.5 -48377.7 1 94 1)
(34893 -98469.4 -137990 260 360 1)
(34896 -64356.4 29816.8 414 514 1)
(34901 -90240.4 76391.9 320 420 3)
(34903 63483 -78678.8 460 560 1)
(34905 -11976.3 -7101.99 35 135 0)
(34911 -61317.4 70425 169 269 0)
(34917 44336.3 -26229.2 443 543 0)
(34918 -82486.8 -7199.7 485 585 0)
(34920 -60315.3 -114104 576 676 0)
(34921 66386.2 125733 173 273 1)
(34928 75424.5 60166.9 1 94 1)
(34939 59454.3 110570 355 455 0)
(34942 94605.6 -49431.4 232 332 3)
(34948 -113736 41260.1 437 537 1)
(34963 -56283.6 -50427.4 283 383 0)
(34964 67535.6 49772.4 247 347 0)
(34966 78646.7 23242.4 445 545 0)
(34968 -103583 116595 336 436 1)
(34972 -101499 23986.6 214 314 1)
(34982 66419.8 93408.8 43 143 1)
(34989 -16063.6 -136129 618 718 1)
(34999 97766.5 -111991 615 715 1)
