(13509 -94209.8 43951.1 384 484 1)
(13517 -43158.9 -112435 331 431 1)
(13526 122024 6603.82 589 689 1)
(13529 -76889.8 -102379 37 137 0)
(13530 -115878 -142450 409 509 0)
(13531 63620.7 -107003 611 711 0)
(13538 -15431.3 -18528.3 180 280 3)
(13539 -94831.6 -11586 7 107 1)
(13552 -17643.5 43278.5 128 228 3)
(13556 64623.4 -141185 610 710 0)
(13558 -108558 -82802.5 513 613 1)
(13563 94694.5 -82784.4 465 565 3)
(13572 21649.4 82525.2 516 616 0)
(13578 -85660.7 -23810.3 490 590 3)
(13587 -97147.2 113041 620 720 3)
(13615 -110665 -37652.6 161 261 3)
(13620 115175 957.877 59 159 0)
(13622 -47788.9 104369 342 442 0)
(13631 -70651.7 -132545 38 138 3)
(13640 -3412.56 54314.9 447 547 0)
(13642 62225.3 108220 465 565 1)
(13647 -94239.7 -103909 19 119 1)
(13648 102117 -61478.2 306 406 0)
(13654 -93280.4 -116217 551 651 1)
(13657 97694.4 -114402 379 479 0)
(13663 -61757.2 -106867 426 526 0)
(13664 37867.7 -92980.5 190 290 1)
(13699 -111530 76559.5 618 718 1)
(13709 35948.8 69162.9 17 117 3)
(13714 -53331.8 51136.8 559 659 3)
(13718 65551.2 18028.4 496 596 1)
(13719 -108770 14710.7 621 721 1)
(13731 -44538.6 144690 68 168 2)
(13747 59869.3 -52980.3 482 582 -1)
(13749 -103437 93569.5 94 194 1)
(13752 -103619 -21561.2 157 257 1)
(13755 7534.78 82364.5 562 662 1)
(13756 -100978 90857.1 1 94 3)
(13778 -76176.9 86173.4 141 241 2)
(13779 48837.9 -123434 595 695 1)
(13784 47451.2 -84020.4 510 610 0)
(13786 52645.6 -60961.6 55 155 1)
(13787 -109112 1498.75 397 497 3)
(13789 -37847.3 -29478.8 289 389 0)
(13798 -50756.7 -111237 604 704 0)
(13802 100616 -92177.7 56 156 0)
(13804 809.204 6857.15 549 649 3)
(13806 152.387 93895.8 63 163 0)
(13816 -19501 -11893.8 462 562 1)
(13825 123802 20203.2 610 710 0)
(13838 40751.1 -72847.5 86 186 0)
(13840 2067.58 -93492 288 388 1)
(13842 -44998.2 113927 136 236 3)
(13844 108976 -78906.9 493 593 3)
(13855 50063.7 34627.6 81 181 3)
(13857 93195.8 -118846 501 601 3)
(13872 -91023.7 128317 483 583 1)
(13874 3963.95 25962.1 182 282 0)
(13879 -78360.5 -99944.6 246 346 0)
(13919 77323.5 89317.4 106 206 3)
(13938 -84155.6 -124198 461 561 3)
(13939 -68452.7 13252.9 250 350 0)
(13943 80433 -122370 133 233 3)
(13961 10904.7 -134738 324 424 1)
(13963 56770.3 147513 136 236 3)
(13969 100194 26439.2 437 537 3)
(13990 -35161.7 61405.3 494 594 2)
(13994 -77756.8 -120555 319 419 0)
(13995 72369 91995.5 605 705 0)
(13996 59619 107056 248 348 3)
