(23003 -71636.6 -128959 13 113 0)
(23009 62004 -61582.2 160 260 2)
(23021 -80313.7 112350 448 548 1)
(23069 -14102.8 -57961.6 336 436 0)
(23071 69906.5 -118245 306 406 1)
(23079 -86966.3 -139084 233 333 0)
(23081 42321.8 45395.9 433 533 2)
(23087 -118967 98351.5 92 192 0)
(23089 110497 -38298.5 487 587 2)
(23096 78962.3 49735.7 572 672 3)
(23106 97168.8 137494 446 546 3)
(23110 -45052.2 -125952 251 351 0)
(23111 11921.3 45133.3 80 180 1)
(23112 121508 -97434.7 43 143 0)
(23113 -46455.3 128349 544 644 3)
(23131 95786.2 -80049.1 229 329 3)
(23139 -123880 -84614.7 102 202 0)
(23140 55391.2 -23347.8 274 374 1)
(23143 -19582.8 84875.5 305 405 1)
(23158 -121024 -22270 410 510 0)
(23171 -72549.6 -114128 526 626 0)
(23178 -112005 -77373.1 575 675 0)
(23182 87122.9 -11938.6 289 389 1)
(23183 104984 -149159 420 520 1)
(23195 37545.2 -42365.4 123 223 1)
(23203 123467 43807.8 298 398 3)
(23204 49905.3 23135 627 727 1)
(23225 12243.8 -11311.3 423 523 1)
(23230 -54295.2 48500.4 438 538 1)
(23274 87678 -17573.8 619 719 0)
(23280 40492 50548.6 250 350 0)
(23281 47194.3 -62773.6 367 467 1)
(23295 -1860.01 -120915 142 242 3)
(23299 -57233.3 -132633 358 458 1)
(23301 -89324.7 119322 39 139 1)
(23306 17955.4 -11174.6 41 141 1)
(23316 36927.4 109601 493 593 3)
(23330 6227.24 97684.4 309 409 0)
(23331 -85153.6 -28599 267 367 1)
(23340 -119845 -84222.5 396 496 3)
(23342 81104.4 -3448.94 546 646 1)
(23343 114795 30327.2 301 401 1)
(23347 86392 85504.9 299 399 0)
(23349 19281.3 -103770 307 407 0)
(23351 110666 75418.6 240 340 0)
(23356 -93191.8 -5540.07 322 422 1)
(23357 98166.9 -8883.78 573 673 3)
(23359 115567 -43448.1 335 435 1)
(23384 94377.2 -50880.1 420 520 0)
(23396 -16488.6 33013.8 601 701 1)
(23404 92502.2 -59382.8 147 247 1)
(23407 -100763 -77760.9 212 312 0)
(23411 45597.1 -16507.5 359 459 3)
(23418 -67982.6 57843.3 460 560 1)
(23434 -73958.4 74085.9 101 201 1)
(23440 96789.7 -136813 421 521 3)
(23443 -39282.1 41225.7 326 426 0)
(23445 -63342.6 99967 535 635 0)
(23450 13815.5 -43780.8 128 228 3)
(23453 -31320.4 -28762.4 53 153 3)
(23464 -103266 -52714.8 556 656 3)
(23468 -7603.21 10126.3 61 161 1)
(23471 -34283.5 -70927.1 31 131 0)
(23484 -66283.7 -1006.35 47 147 3)
(23487 -104423 41681.6 570 670 1)
(23490 93060.1 -43482.2 109 209 1)
(23496 -49101.5 -129117 266 366 3)
