(29002 -32341.9 64721.8 614 714 1)
(29009 -73693.1 -127395 263 363 0)
(29013 -190.102 -34941.5 7 107 0)
(29016 43664.2 -98683.8 544 644 1)
(29045 34984.5 -23802.6 236 336 0)
(29066 -53078.8 -13725 417 517 1)
(29067 -39754.6 -53876.1 270 370 1)
(29069 55107.3 -50232.9 623 723 3)
(29079 36353.4 36484.9 75 175 1)
(29083 -53845.1 125538 3 103 1)
(29094 -110908 148399 414 514 3)
(29100 -11012 -38401.6 503 603 0)
(29104 119079 -148254 285 385 3)
(29105 112834 62431.8 83 183 1)
(29110 10943.1 51084 73 173 1)
(29122 -47680.4 -19462.2 117 217 0)
(29123 -68262.2 -135033 495 595 0)
(29124 60351.9 34006.3 518 618 0)
(29141 113146 -115470 309 409 1)
(29144 41876.4 -146848 3 103 3)
(29150 41905.1 136573 191 291 1)
(29164 89959.5 -29886.6 137 237 3)
(29168 -34072.9 -71297.8 465 565 0)
(29178 15952.8 108826 248 348 3)
(29179 -51687.8 -49379.5 540 640 1)
(29185 73352.8 -134743 521 621 0)
(29197 35191.7 -104001 391 491 0)
(29203 -72391.9 -113249 28 128 3)
(29207 91862.9 122682 235 335 1)
(29208 -11084.3 -73098 375 475 0)
(29219 5597.05 -87708 127 227 3)
(29222 -53881.8 -23262.8 217 317 1)
(29228 -92365.4 -8979.2 590 690 1)
(29229 -20730.4 -61392.4 54 154 0)
(29233 79852.9 116729 263 363 0)
(29238 -18646.9 29007.5 237 337 3)
(29250 2879.45 -87526.8 418 518 1)
(29257 67314.4 58495.3 266 366 0)
(29259 -60748.3 -4505.32 613 713 1)
(29263 -33752.2 19180.1 76 176 3)
(29281 -42541.8 -97610.4 508 608 1)
(29302 105886 -74986.6 1 100 3)
(29304 117801 -45521.2 426 526 3)
(29306 -64091.3 -26869.7 238 338 1)
(29308 115932 -91946.1 460 560 3)
(29311 -113124 -38533 465 565 0)
(29313 -7399.39 59615.3 82 182 1)
(29321 34937.9 -94613.8 24 124 2)
(29324 -5370.69 -146789 80 180 0)
(29344 112764 -122283 507 607 0)
(29347 107923 -27580.9 77 177 3)
(29348 -119407 -86508.2 395 495 2)
(29349 14344.8 -22482.8 373 473 1)
(29370 16562.4 103109 329 429 0)
(29380 50001.5 82757.9 317 417 0)
(29386 -111871 145775 516 616 2)
(29388 -84747.1 -14706.2 222 322 0)
(29389 52006.6 73799.2 178 278 0)
(29395 -101840 -49995.1 578 678 1)
(29402 -36213.3 39380 256 356 0)
(29410 -38189.3 112841 616 716 1)
(29412 -35391.8 39634.8 195 295 3)
(29419 -74694.5 129701 423 523 1)
(29426 115724 -33154.8 439 539 3)
(29436 68664 -85756.5 117 217 3)
(29440 -24679.7 -63684.8 201 301 3)
(29448 19926 -120250 487 587 3)
(29449 102363 137326 190 290 3)
(29452 -47322.8 -137748 245 345 3)
(29456 -11498.1 140274 284 384 1)
(29461 -100569 -68413.7 99 199 1)
(29469 -347.762 -9093.97 571 671 0)
(29475 -117667 -106934 317 417 3)
(29479 -72593.2 -80005.9 550 650 3)
(29485 -58249.8 -56779.6 78 178 0)
(29494 38810.2 -123322 379 479 3)
