(11 -2373.63 -3903.57 82 182 3)
(18 -7280.81 104978 553 653 0)
(19 -58828.6 39722.9 477 577 3)
(22 -83067.3 -77742.2 412 512 0)
(23 -17835.6 126567 30 130 0)
(37 -27973.4 -118952 373 473 1)
(57 -116022 11758.6 83 183 3)
(61 -77239 118560 390 490 1)
(63 -79337 118613 97 197 1)
(81 38919.7 -85997 430 530 1)
(98 25077.3 -1007.58 310 410 2)
(113 -53547.7 -3539.7 146 246 1)
(127 78166.3 -43243.8 29 129 3)
(131 -101157 48064.3 289 389 0)
(145 -19361.1 57637.9 420 520 0)
(152 -75022 -74831.4 412 512 0)
(154 -71180.1 -6920.21 289 389 1)
(171 43171.2 -27336.3 582 682 1)
(174 -10215.6 -75929.7 25 125 3)
(188 15009.6 -143415 84 184 0)
(197 84785.6 -130134 314 414 0)
(200 43659.7 45974 342 442 1)
(215 26604.6 37146 208 308 1)
(223 -5534.67 -74692.7 623 723 1)
(227 -72123.7 -32028.7 503 603 3)
(234 29093.7 -14946.3 173 273 0)
(235 16385.3 -122998 488 588 3)
(240 -40004.6 -36316.6 572 672 3)
(261 100695 8848.26 600 700 1)
(266 -4067.47 -80887.5 583 683 0)
(270 -29791.4 -31386.7 533 633 0)
(271 -86470.5 -46491 313 413 0)
(276 45842.5 -147229 315 415 1)
(280 42757 117293 1 95 1)
(294 33461 98115 172 272 0)
(295 -115045 125645 298 398 1)
(298 -31427 -41183.2 301 401 1)
(302 117902 -51447.5 560 660 0)
(306 -100908 35901.9 487 587 3)
(309 6445.23 -98514.7 297 397 3)
(349 -57320.3 -38803.1 499 599 3)
(385 -50777.5 145499 1 100 0)
(386 -82822.2 -18273 58 158 0)
(387 -87400.5 129681 21 121 0)
(399 6398.79 24010.2 206 306 0)
(406 29625.9 52312 14 114 0)
(436 91002.1 -85828.3 231 331 3)
(447 -21949.3 84463.5 188 288 0)
(451 7366.23 -9166.2 580 680 0)
(452 10969.5 29510.1 281 381 0)
(458 -4423.62 -50851.8 470 570 0)
(468 69865.6 18181.9 196 296 1)
(476 86635.2 59528.4 237 337 1)
(480 -111826 -135474 334 434 3)
(495 61024.6 -140164 246 346 1)
(497 -43621.5 13651.1 447 547 1)
