(44517 87797.1 19816.8 176 276 0)
(44527 -57381.5 -39250.4 302 402 0)
(44532 -90706.8 -52119 360 460 1)
(44537 -84079.7 78063.4 13 113 3)
(44541 -47975 -73687.8 1 98 0)
(44543 -13319 8631.26 236 336 1)
(44551 70628.6 -98803.1 473 573 3)
(44552 -119545 -114059 180 280 0)
(44565 -40351.1 -48189.5 208 308 3)
(44579 -98294.7 -17418.9 110 210 1)
(44583 -13241.5 16900.7 584 684 0)
(44586 -14650.1 44691 391 491 3)
(44589 -82881.1 2972.47 467 567 1)
(44593 40136 148870 501 601 1)
(44597 -77161 7849.71 64 164 1)
(44615 -44807.1 56574.3 300 400 0)
(44616 5012 -43820.2 132 232 1)
(44618 40246.8 4619.97 53 153 2)
(44620 40493.5 145639 242 342 3)
(44640 85043.8 86975.8 126 226 0)
(44650 -79301.3 -145465 187 287 1)
(44651 69414.5 -82177.4 413 513 0)
(44653 1077.82 -59364.3 602 702 1)
(44664 50151 -99769.5 389 489 3)
(44675 -63209.1 -42961.5 319 419 1)
(44676 82880.6 37101.3 379 479 0)
(44677 -98101.9 -47721.7 54 154 0)
(44701 53417.6 -27317 470 570 1)
(44704 42130.5 -68668.7 370 470 1)
(44706 -84656.6 1813.67 37 137 1)
(44721 48002.7 -87796.5 104 204 3)
(44723 -59628 119880 22 122 1)
(44727 80256.9 -136420 108 208 0)
(44728 -87335.1 -9527.83 246 346 1)
(44737 -51064.5 -80919.7 543 643 1)
(44740 11324.9 50348.4 61 161 3)
(44747 -83314.8 -90451.4 118 218 0)
(44749 -42344.9 100207 594 694 1)
(44777 59397 -14593.7 399 499 1)
(44781 31519.7 -45859.1 464 564 0)
(44808 90823.7 -31297.6 346 446 0)
(44814 -122756 -23670.4 324 424 1)
(44821 -32664.9 44757.7 458 558 0)
(44828 -118266 71603.9 165 265 3)
(44850 69181.2 -14548.9 191 291 1)
(44881 -63712.1 -148209 255 355 0)
(44906 -105510 49447.5 2 102 1)
(44910 -61220.5 105620 283 383 0)
(44917 98007.1 113717 138 238 3)
(44919 -97911.4 -61578.3 586 686 3)
(44921 -8671.95 -34588.1 38 138 1)
(44924 -40094.6 -64643.7 202 302 1)
(44925 -65891.7 -92040.4 1 99 3)
(44930 -108418 -126344 520 620 0)
(44932 4065.66 23365.1 595 695 1)
(44939 39521.9 -76329.5 424 524 1)
(44961 -97440.2 -34143.8 304 404 1)
(44968 59266.3 -125733 428 528 0)
(44973 -849.128 -43965.9 115 215 0)
(44981 53970.5 111249 185 285 3)
(44989 45924.6 67883.6 206 306 0)
