(49007 -56905.1 100033 408 508 1)
(49014 -113926 -93856.3 141 241 0)
(49015 -30932.2 -136650 455 555 1)
(49026 -112562 -124598 76 176 0)
(49032 103932 133323 404 504 1)
(49052 -11086.7 91118.9 587 687 1)
(49068 78547.1 -78238.1 282 382 3)
(49071 -98589.9 -65327.8 216 316 0)
(49072 82900.6 39522 511 611 0)
(49091 59385.5 128578 51 151 1)
(49107 -109784 19496.8 50 150 0)
(49108 90082.1 -33427.4 254 354 2)
(49118 -47225.8 110253 259 359 0)
(49150 -33854.3 -23715.4 528 628 3)
(49156 2684.52 -89555.1 300 400 0)
(49158 -51483 35695.4 259 359 3)
(49161 68059 -45643.6 395 495 1)
(49162 -104767 6309.85 501 601 3)
(49165 -111567 12509.4 479 579 3)
(49210 33385.3 -64845.1 351 451 3)
(49216 109013 -56554.6 547 647 1)
(49218 -76957.5 56389 28 128 1)
(49246 26282.8 -18360.4 119 219 0)
(49268 28008.7 -17216.3 143 243 1)
(49272 -66862.1 25294.2 234 334 0)
(49281 68002.2 -137240 452 552 1)
(49287 -12213.1 -107015 101 201 1)
(49288 66837.3 -87015 154 254 1)
(49291 -69882.2 146712 114 214 0)
(49296 13634.6 -10279.8 188 288 0)
(49301 -43624.6 70331.8 485 585 1)
(49306 -68762.5 125797 537 637 3)
(49313 -53077.1 -33240.3 318 418 3)
(49318 76705.7 -127869 199 299 1)
(49330 109574 -100702 450 550 0)
(49340 46466.6 149462 1 93 0)
(49362 -21888.3 -34401.6 93 193 1)
(49375 -34939.1 102152 106 206 0)
(49383 -112637 129402 392 492 1)
(49397 -51682.3 131264 242 342 0)
(49426 5509.11 7920.79 94 194 1)
(49434 -28185.2 68233.8 613 713 2)
(49444 52231.4 86484.6 107 207 1)
(49452 -38475.4 -45546.2 471 571 0)
(49461 116479 -70712.6 603 703 0)
(49465 -118148 96014.9 502 602 1)
(49478 -112580 29531.6 404 504 3)
(49488 66852.9 74991.6 153 253 0)
(49496 29836.9 72618.3 535 635 0)
