(20505 -90019.8 -87240.7 563 663 3)
(20508 42500 43463.6 99 199 3)
(20511 78783.6 -11101.9 380 480 0)
(20542 103909 118318 254 354 3)
(20548 -13732 59485.4 599 699 0)
(20567 46623.8 -34238.4 584 684 0)
(20587 -11846.5 23973.4 594 694 3)
(20606 -77651.7 116419 168 268 1)
(20607 66644.3 86270 144 244 1)
(20629 26415.2 -115191 297 397 1)
(20637 -114958 -95968.9 458 558 0)
(20655 36098.5 10716.7 53 153 3)
(20657 -75033.1 -1643.93 64 164 0)
(20669 50944.7 -89605.5 26 126 0)
(20672 -19140.2 -32244.9 291 391 0)
(20707 -115424 -74630.8 79 179 1)
(20731 -106228 95698.7 319 419 3)
(20741 61316.4 26968.8 113 213 3)
(20754 -37753.5 -31993.2 102 202 3)
(20761 -87373.7 14156.1 291 391 3)
(20762 -116881 -16335 343 443 1)
(20779 67609 115195 403 503 3)
(20804 116956 -48161.9 506 606 3)
(20806 6594.37 -15429.1 252 352 1)
(20808 22880.6 -26255.6 3 103 0)
(20822 -9789.95 -68075.1 15 115 1)
(20836 -51194.2 -110457 491 591 3)
(20837 -44298.3 40059 557 657 3)
(20859 36450 130675 322 422 3)
(20863 -47693.9 -19567.5 145 245 0)
(20875 -107948 -128065 230 330 1)
(20880 2176.93 54578.9 46 146 1)
(20900 105406 -100337 553 653 0)
(20909 -41951.3 25510.9 168 268 1)
(20911 123189 -105503 285 385 3)
(20914 39626 -119991 358 458 3)
(20917 -75051.3 -40510.2 461 561 1)
(20922 -8332.2 12579.9 602 702 1)
(20965 -84235.7 77872.3 442 542 0)
(20966 43153.2 -26370.1 432 532 0)
(20970 -116671 122659 379 479 2)
(20976 -106545 71374.9 167 267 1)
(20981 30781.5 144099 410 510 0)
(20988 -86236.2 -91730.8 304 404 1)
(20990 -66823.9 139479 242 342 3)
(20993 11225.7 -106151 221 321 1)
(20996 -124585 144349 549 649 1)
