(19009 67951.4 15204.3 98 198 1)
(19014 82188.5 -88735 462 562 1)
(19022 -48519.4 -8329.92 228 328 1)
(19025 -94289.6 126813 190 290 3)
(19028 -66811.9 -118114 541 641 0)
(19032 -32580.3 -36096.6 613 713 3)
(19034 62844.1 -95895.9 258 358 0)
(19035 65241.9 -8473.44 202 302 1)
(19036 -57845.2 -115654 133 233 3)
(19039 5210.84 -296.009 178 278 3)
(19044 -48573.3 78323.1 614 714 1)
(19053 -53178.2 117101 354 454 0)
(19074 -17503.7 -53846.4 103 203 0)
(19089 -24691.6 131564 257 357 1)
(19094 -49621.3 71936 29 129 1)
(19099 90999.7 -48587.6 580 680 1)
(19118 -69382.2 -143294 1 95 0)
(19120 -4360.63 -105079 586 686 1)
(19141 66599.8 -59424.7 422 522 3)
(19161 -116500 14464.2 89 189 1)
(19164 -7954.75 -115216 78 178 0)
(19165 10023.3 -75913.4 436 536 3)
(19167 13624.9 45531.9 28 128 3)
(19172 36451.5 99431.6 97 197 1)
(19173 36619.6 -31490.9 469 569 1)
(19180 -62254.8 -82109.1 542 642 3)
(19181 82530.7 59149.8 315 415 1)
(19184 -7064.23 -76103.5 340 440 0)
(19189 -17723.4 -105481 588 688 0)
(19206 -39061.1 88168.7 453 553 1)
(19213 -12207.3 -21238 368 468 0)
(19215 71415 -64760.8 373 473 0)
(19218 54884.7 93958.9 621 721 0)
(19220 -53623.6 -48771.5 474 574 0)
(19227 -33076.6 -21903 486 586 1)
(19236 97423.7 122330 222 322 1)
(19243 -20920.2 -20456.9 37 137 0)
(19244 -62952 19778.4 220 320 0)
(19248 -2459.53 -66587.3 107 207 1)
(19275 -58279.4 -63990.6 180 280 3)
(19277 58209 55349.3 585 685 3)
(19278 -100871 25511 416 516 0)
(19282 -50123.7 -44764.9 102 202 0)
(19290 5583.24 -87684.2 43 143 0)
(19291 -96179.5 -64878 526 626 1)
(19312 -21977.8 33287.8 515 615 1)
(19317 -35363.7 -31954.1 446 546 1)
(19320 -48928.6 62430.8 477 577 1)
(19324 -8290.1 135131 392 492 1)
(19334 10114.1 123228 446 546 1)
(19340 -3986.27 -85881.4 55 155 1)
(19352 3533.3 -102217 420 520 0)
(19355 -39.6003 28227.8 45 145 1)
(19371 -67894.2 -92025.4 125 225 1)
(19387 49158.2 74927.6 406 506 0)
(19392 -43299.4 -76369.9 499 599 3)
(19402 -75250.6 108592 107 207 3)
(19404 -97188.2 29958.4 446 546 -1)
(19405 -4766.94 -71346.1 296 396 0)
(19411 104682 87193.1 235 335 1)
(19419 -58023.4 6684.83 220 320 1)
(19421 -55930.5 109586 510 610 1)
(19425 -114365 -26651.5 19 119 1)
(19430 74914.5 27364.1 178 278 0)
(19433 109232 -139321 120 220 3)
(19443 -116871 28055.2 111 211 3)
(19455 -58396.8 17371 321 421 0)
(19457 -122790 -98654.8 322 422 3)
(19470 35013.3 106145 390 490 1)
(19478 -65548.6 123335 466 566 1)
(19479 73725.3 -79232 544 644 0)
(19482 -116490 -40668.1 76 176 3)
(19486 121225 -146735 111 211 0)
(19489 63815.8 -62772.8 131 231 1)
(19491 6916.22 -3771.73 551 651 3)
(19496 -66326.3 79133.3 181 281 0)
