(16518 -27664 2809.81 506 606 3)
(16521 115477 -103064 326 426 1)
(16537 26902.4 -86163.6 20 120 0)
(16539 2281.58 -127710 538 638 0)
(16540 -10720.1 79427.7 480 580 1)
(16552 -100054 60064.5 427 527 3)
(16557 99058 45256.8 291 391 1)
(16578 -115103 124516 302 402 1)
(16581 101281 23085.7 3 103 3)
(16590 39118.5 -21254 622 722 0)
(16592 -102895 110476 33 133 3)
(16596 -74007.4 58103.2 436 536 1)
(16604 -9459.75 4866.46 483 583 1)
(16607 86355.7 -89891.4 284 384 1)
(16616 -68889.4 21634 189 289 0)
(16642 -42422.1 43209.6 539 639 3)
(16644 -16423.3 -66661.4 1 94 0)
(16649 -56460.4 -94895.6 222 322 1)
(16675 51133 20244.8 240 340 3)
(16704 -27199.5 97893.9 118 218 0)
(16724 -84805.9 -127472 87 187 0)
(16731 56190.6 -149080 624 724 3)
(16739 95607.5 -60283.9 225 325 1)
(16745 39430.4 -104350 2 102 3)
(16762 -46249.1 31682.6 579 679 0)
(16775 -68284.5 100895 610 710 3)
(16782 102542 -49198.9 146 246 3)
(16783 53279.2 7634.27 65 165 3)
(16788 -45843.3 146518 481 581 3)
(16794 19998.2 -11134.9 516 616 3)
(16795 52695.9 -15228.7 361 461 1)
(16810 103542 126998 136 236 1)
(16832 -99822.9 -23247.9 187 287 3)
(16838 2074.77 133695 311 411 0)
(16842 94661.5 -105299 348 448 3)
(16872 43118.9 109414 608 708 3)
(16873 -4331.9 111299 255 355 0)
(16878 -45640.6 -62799.7 186 286 0)
(16890 68238.5 37141.1 311 411 1)
(16899 -30427.5 124989 212 312 1)
(16902 42284.1 -5769.02 116 216 0)
(16907 25203.1 54804.2 358 458 0)
(16913 -25909.7 -123594 551 651 0)
(16952 -72647.2 -101186 444 544 3)
(16954 -81631.9 -89782.7 334 434 0)
(16962 88670.6 126861 588 688 1)
(16964 105189 -79206.7 326 426 0)
(16984 -105644 -115998 477 577 3)
(16987 109915 -83305.6 329 429 0)
