(22005 -47618.2 -55285.8 565 665 1)
(22008 7252.7 109594 72 172 0)
(22011 123458 -115303 214 314 1)
(22028 29281 -123230 146 246 3)
(22035 -31276.8 68609.3 115 215 1)
(22048 14872.6 73054.4 524 624 1)
(22050 95230.6 -145379 277 377 3)
(22052 48838.7 -120860 91 191 0)
(22068 -40.4388 -77309.1 295 395 0)
(22074 3540.92 -53787.3 548 648 0)
(22083 -82819.5 137298 483 583 1)
(22086 63702.4 -132888 332 432 1)
(22094 -78183.6 -78560.4 140 240 0)
(22112 -87500 -4462.03 404 504 3)
(22115 -102460 111142 262 362 1)
(22126 -70240.7 -36571.4 477 577 0)
(22129 121359 -141249 194 294 0)
(22133 81942 -58694.4 566 666 0)
(22143 73394.5 124022 472 572 3)
(22149 10313.2 6621.95 101 201 1)
(22156 52675.7 -41505.9 392 492 3)
(22165 -78544.1 74921 202 302 0)
(22182 44398.5 -47895.9 105 205 1)
(22184 -95288.6 5290.86 565 665 3)
(22185 92792.3 -149507 485 585 1)
(22188 -30844.2 43878 397 497 0)
(22197 48171.5 -28052.8 59 159 1)
(22200 34145.5 -8085.22 141 241 0)
(22218 120252 -48545.5 431 531 0)
(22245 -46321.2 53202.7 133 233 3)
(22246 -73925.1 52388.2 481 581 0)
(22249 45391.8 6018.92 1 100 0)
(22252 90534.9 6307.88 349 449 3)
(22260 93349.2 -31276.9 30 130 0)
(22269 4890.21 82886.1 336 436 0)
(22275 -79424.5 3314.99 304 404 1)
(22294 -39872.2 33490 414 514 0)
(22296 9346.2 5687.31 601 701 1)
(22298 -14028.3 -59721.3 404 504 0)
(22302 39818.4 103427 372 472 1)
(22303 102193 -49378.5 613 713 3)
(22311 -45525.6 36820.9 43 143 1)
(22321 -105938 7423.81 122 222 1)
(22330 111585 110843 158 258 0)
(22342 23419.6 -89426.6 451 551 0)
(22349 78251.7 -136884 347 447 1)
(22351 80349 -101669 136 236 1)
(22442 91243.9 54705 582 682 0)
(22445 -15470.6 -53855 285 385 1)
(22461 77440.4 12407.8 430 530 1)
(22464 -9218.19 -14865.5 67 167 1)
(22467 -37691.1 50403.4 563 663 3)
(22486 -57185.9 149601 289 389 1)
(22489 -89163.8 33363.6 609 709 2)
(22492 -40233.2 -118730 348 448 1)
