(45501 10529.9 -76466.1 538 638 1)
(45505 259.765 -62688.1 203 303 0)
(45516 87261.7 -25468.6 178 278 0)
(45517 26460.5 -67158.8 32 132 3)
(45525 54170 -63439.7 74 174 3)
(45539 -27286.8 -114765 400 500 3)
(45546 -91338.2 108769 629 729 0)
(45560 -83911.4 91189.5 106 206 3)
(45561 -44641.1 -98833.2 579 679 0)
(45562 52181.8 -38925.7 54 154 0)
(45568 11629.6 122714 216 316 3)
(45570 -110925 -13247.7 177 277 3)
(45572 -89423.3 -3574.61 582 682 1)
(45586 112456 22438.7 1 100 1)
(45587 118833 -6578.59 405 505 1)
(45596 -64998.6 1088.85 8 108 3)
(45597 19163.4 -109404 302 402 0)
(45611 -73846.9 96674 428 528 3)
(45612 -46700.4 -25123.5 105 205 3)
(45620 -31447.2 -63256.5 498 598 1)
(45628 6803.42 136613 310 410 1)
(45629 100071 35989.8 238 338 0)
(45648 -8910.96 113223 489 589 3)
(45664 55623.8 21609.4 383 483 3)
(45668 -54745.1 -95432.6 61 161 0)
(45678 -25590.9 -113192 354 454 1)
(45697 71898.1 -21254.5 325 425 1)
(45699 -42002.8 -6280.54 366 466 0)
(45701 -44327.4 -142182 468 568 3)
(45702 -116186 -57583 141 241 3)
(45703 -95603.8 86959.6 199 299 1)
(45704 100899 -118656 49 149 0)
(45709 28812.3 8228.05 82 182 1)
(45712 -69508.9 64006.3 80 180 1)
(45716 96911.2 -120735 252 352 0)
(45717 -90692.9 -241.639 69 169 1)
(45727 -111217 -124161 174 274 0)
(45728 -29289.8 149885 552 652 0)
(45735 -14857.1 -12247.2 50 150 1)
(45737 -69148.5 -42657.7 184 284 3)
(45752 67021.3 107249 239 339 1)
(45755 -12513.5 -93476.9 532 632 3)
(45758 46960.1 98192.9 394 494 3)
(45760 -27071.6 -73378.2 1 93 1)
(45763 -19459.2 104322 342 442 3)
(45767 -14442.9 -104879 83 183 1)
(45774 112030 -107255 508 608 3)
(45783 33193.6 -38862.2 523 623 3)
(45784 -93160.6 125887 115 215 0)
(45786 -63495 -14194.9 600 700 0)
(45800 -17912.3 -15719.6 133 233 0)
(45806 -42904.7 69401.4 331 431 3)
(45808 -80459.8 75465.7 545 645 2)
(45813 72457.6 -23069.8 370 470 1)
(45816 85810.9 -66863.9 387 487 3)
(45819 62519.2 5308.03 622 722 1)
(45839 116535 129545 349 449 3)
(45850 -110942 -55847.6 327 427 1)
(45854 65372 109957 342 442 1)
(45857 54152.7 72597.6 142 242 3)
(45876 92678.4 -9011.34 331 431 1)
(45877 -82748.8 66455.9 289 389 1)
(45884 -89998.9 42864.9 521 621 0)
(45911 102847 70369.8 590 690 1)
(45913 107329 62649.7 18 118 1)
(45916 37606.3 142801 469 569 3)
(45918 105380 -22342.2 471 571 1)
(45922 -50787.5 78191.3 545 645 1)
(45926 -72052.6 -135107 617 717 0)
(45938 110468 -51451.9 190 290 1)
(45940 42354.6 46059.4 552 652 0)
(45963 -87513.1 -57820.9 462 562 1)
(45967 -45359.5 -109883 502 602 1)
(45976 34474 49023.7 54 154 1)
(45988 -70141.2 -145642 311 411 1)
(45993 -120034 -1046.86 482 582 3)
