(15002 -97970.9 28541.8 106 206 3)
(15027 -85758.8 114781 590 690 1)
(15040 -80653 93333.5 132 232 1)
(15042 38164.1 -55810.8 69 169 1)
(15074 21650.8 -73820.6 346 446 3)
(15076 872.707 -81272.6 454 554 1)
(15079 116298 -80584.3 587 687 1)
(15080 -92692.1 102376 184 284 1)
(15084 -4069.12 -39337.3 341 441 0)
(15085 -45844.6 121250 389 489 1)
(15086 19404.8 -38609.5 510 610 3)
(15092 58188.5 81104.4 440 540 1)
(15093 -108580 -87655 510 610 1)
(15102 6979.82 121243 159 259 0)
(15105 105661 -51065.1 448 548 1)
(15110 123115 -96213.9 289 389 0)
(15117 18867.8 -88620.4 457 557 0)
(15121 -102749 116058 606 706 1)
(15138 5924.25 -71812.5 379 479 3)
(15142 67860.5 -12948.2 9 109 0)
(15148 -39479.7 49939.7 251 351 0)
(15150 84908.3 661.002 346 446 1)
(15155 -24175.3 -85727.2 180 280 3)
(15159 -67088.9 -1329.8 116 216 0)
(15167 61941.8 110973 259 359 0)
(15172 -43215.7 -118814 435 535 1)
(15173 -118849 -134195 237 337 3)
(15190 112342 79969 106 206 0)
(15192 -114273 106256 395 495 0)
(15213 -95880.9 82837.9 563 663 3)
(15215 9590.81 -146579 202 302 3)
(15218 58251.3 -120052 35 135 1)
(15220 59834 -116328 510 610 0)
(15221 -48343.4 -1868.37 194 294 3)
(15227 -2262.61 145393 104 204 0)
(15249 99869.3 -67745.2 262 362 0)
(15255 124528 131964 29 129 0)
(15259 -104701 -131869 372 472 1)
(15261 -46770.8 31468.9 138 238 0)
(15262 -89111.5 -86623.1 430 530 0)
(15268 -29311.3 82993.9 205 305 3)
(15270 -64030.1 43031 315 415 0)
(15275 84914.6 -24576.6 421 521 1)
(15322 51820.5 33092.5 50 150 1)
(15330 -15076.3 -68826.1 220 320 3)
(15334 40120.6 88271.1 443 543 1)
(15340 12218.8 -79841.4 361 461 1)
(15341 106188 47967.2 537 637 0)
(15347 13041.9 17881.1 298 398 3)
(15366 -56587 48972.1 317 417 0)
(15375 24256.8 -15768.6 72 172 1)
(15378 -76273.1 -61390.5 17 117 0)
(15381 -64160 36200.5 479 579 0)
(15385 -48852.5 -140411 335 435 0)
(15386 116689 99725.8 390 490 3)
(15408 -75336.4 95189.7 347 447 0)
(15410 -14265.8 -59738.1 612 712 0)
(15414 -80505.4 135976 278 378 3)
(15424 -64341.8 -111453 537 637 1)
(15428 -100438 -19457.1 230 330 1)
(15434 -12751.1 -13651.7 310 410 3)
(15436 104455 -74490.7 314 414 0)
(15437 95827.1 -67595.7 199 299 0)
(15447 81712.6 24024 80 180 3)
(15452 -35852.2 138390 213 313 0)
(15472 -54783.4 122874 423 523 1)
(15478 102676 85312.8 14 114 1)
(15485 30197.4 -67880.8 384 484 1)
(15487 99524.8 99996.2 291 391 3)
(15498 -120872 -123097 587 687 1)
