(24519 50621.6 35128.1 414 514 0)
(24527 31936.5 -32740 203 303 3)
(24528 -66819.7 -23044.3 104 204 1)
(24532 72213.2 -31427.5 336 436 3)
(24548 60226.2 -54920 58 158 1)
(24549 -35960.9 96340.5 242 342 0)
(24563 109741 149481 454 554 1)
(24569 -91379.9 98760.3 235 335 0)
(24581 -68682.4 -123613 529 629 1)
(24589 -47299.1 66322.6 206 306 3)
(24594 44271.3 42899 485 585 3)
(24599 4290.3 66202.8 415 515 0)
(24607 -21598.4 33809.3 44 144 3)
(24619 116274 7211.4 289 389 1)
(24623 -35641.3 21501.4 120 220 3)
(24629 -66506.7 14260.9 98 198 1)
(24634 98769.4 -106868 322 422 1)
(24639 100774 111958 284 384 1)
(24645 16888.6 89273.2 587 687 1)
(24662 -71165.7 -70697.7 325 425 0)
(24684 40393.2 43530.6 188 288 3)
(24694 -96809.9 -85534.3 562 662 1)
(24696 -54367.4 20615.8 244 344 0)
(24698 -83449.1 57841.2 495 595 1)
(24707 67298 52974 56 156 0)
(24710 11126.9 34585.7 363 463 0)
(24731 63206.8 -32297 105 205 1)
(24739 -120673 -46993.5 130 230 1)
(24767 18357.5 -53734.8 198 298 1)
(24794 39130.6 -67672.4 421 521 1)
(24795 73559.3 -146422 470 570 3)
(24800 -72996.2 8833.44 422 522 0)
(24807 32518.6 -55805.5 17 117 1)
(24815 109876 -88489.6 345 445 3)
(24816 28929.2 54603.4 253 353 0)
(24819 -23089.3 -36373.3 415 515 2)
(24837 -95461.3 -36232.5 282 382 0)
(24846 29416.4 -9036.23 159 259 0)
(24851 65959.1 10961.4 614 714 0)
(24857 -14408.7 -89982.9 24 124 1)
(24858 60827.8 -147630 250 350 0)
(24859 -1414.47 -103870 146 246 0)
(24866 -7531.99 88705.2 75 175 0)
(24883 -95092.5 -46194.6 208 308 3)
(24889 93964.9 -64437 342 442 0)
(24890 -35627.3 11163 474 574 3)
(24895 -7276.84 39233.7 169 269 0)
(24897 -39576.3 139625 430 530 3)
(24901 55836.9 120790 124 224 1)
(24905 31669.7 97203.9 292 392 1)
(24920 72888.1 94340.7 295 395 0)
(24922 -117162 24820 1 97 0)
(24926 97989.4 -141214 313 413 1)
(24934 -18330.5 32771.4 216 316 1)
(24938 29070.5 -60418.1 404 504 0)
(24946 4902.69 -98334.8 315 415 0)
(24950 -60500.4 89106.7 237 337 3)
(24953 76315.7 4190.26 311 411 0)
(24957 29833.3 -140595 130 230 0)
(24965 413.108 78003.8 336 436 1)
(24988 71150.9 -141885 481 581 0)
