(31504 115751 80533.7 292 392 0)
(31508 89706 -33184.5 64 164 0)
(31521 103742 27397.2 407 507 0)
(31523 106057 86770.4 134 234 1)
(31528 -9412.55 117864 182 282 3)
(31531 -86937.2 142410 183 283 3)
(31532 -37224 -79891 242 342 1)
(31534 82421.1 101442 505 605 3)
(31542 -99683.3 6238.13 513 613 3)
(31544 24117.4 22008.8 162 262 0)
(31550 -12092.7 -113602 125 225 3)
(31557 73682.1 -20842.8 196 296 0)
(31562 -51325.7 84375.4 370 470 0)
(31569 -58993.3 73941 169 269 0)
(31582 34209.3 -31162.9 581 681 1)
(31623 80326.7 60969.7 443 543 3)
(31629 -31823.1 5319.32 116 216 1)
(31632 72345.2 137813 80 180 0)
(31647 -31641.8 100420 434 534 3)
(31648 75812.3 -130358 318 418 3)
(31652 -25204.6 -50337.5 578 678 0)
(31658 -2157.72 -64636.6 204 304 0)
(31664 -40328.7 -128255 246 346 3)
(31672 -40132.9 -9682.37 584 684 1)
(31677 -33652.9 -32144.3 415 515 0)
(31678 36773.6 44141.1 210 310 3)
(31679 -44937 -122106 432 532 3)
(31694 -108200 -15046.8 362 462 3)
(31704 105601 31418 415 515 3)
(31707 12246.9 141923 471 571 1)
(31714 -75163.5 -19727.4 110 210 1)
(31723 6590.31 72173.1 26 126 3)
(31726 -56611.9 119441 465 565 3)
(31743 -53783 57333.8 409 509 0)
(31745 33131.6 -99145.3 40 140 3)
(31750 74311.5 -43691.6 274 374 1)
(31754 -16035.5 19492.4 71 171 1)
(31761 12657.2 -84433.8 589 689 1)
(31766 -29507.9 -88899.9 78 178 1)
(31767 3962.7 86384.5 550 650 3)
(31768 -8089.13 55895.5 120 220 1)
(31775 66454.9 -70496.8 130 230 1)
(31804 -83957.1 54689.1 163 263 1)
(31823 48612.3 -7352.59 36 136 1)
(31833 -71521 -103833 563 663 3)
(31834 -5262.62 -139757 9 109 2)
(31862 -36254.9 -10578.5 217 317 0)
(31871 -110999 -51412.7 528 628 3)
(31875 -36142.7 62304 249 349 0)
(31893 -67744.7 148871 318 418 3)
(31897 -21403.6 -105530 260 360 1)
(31900 -39128.7 -88571.8 92 192 0)
(31901 59463.3 -56942.2 356 456 1)
(31904 113939 -38401.9 516 616 0)
(31916 87919 -74041.1 621 721 0)
(31919 -110580 21305.2 490 590 1)
(31921 -38790.6 23399.9 369 469 0)
(31925 -93468.1 -44766.2 129 229 3)
(31934 -12862.7 118265 143 243 1)
(31945 39139.1 106792 561 661 1)
(31953 13310.6 123765 612 712 0)
(31955 -83398.8 57755.8 104 204 3)
(31960 96272.9 -124070 495 595 0)
(31968 23798.3 25619.4 169 269 0)
(31974 3989.74 -38958.9 203 303 0)
(31976 -69458.3 -124141 83 183 1)
(31993 97531.1 143101 390 490 0)
(31994 71052 85736.5 531 631 1)
