(41003 -81940.9 80877.3 429 529 0)
(41005 108615 -21109.1 429 529 1)
(41013 -71607 128845 469 569 3)
(41014 -46526.2 -64754.9 284 384 0)
(41021 59450.2 -64964.9 424 524 1)
(41030 -106166 -96598.3 205 305 1)
(41035 -65907.3 -117928 120 220 3)
(41040 -77222.5 -7215.85 619 719 3)
(41044 -2648.38 -108415 582 682 3)
(41049 108283 7630.56 413 513 0)
(41052 -53451.8 -74895.1 489 589 1)
(41054 -27105.8 -77011.7 124 224 3)
(41062 59286.2 56430.2 514 614 0)
(41065 -11931.4 -109190 550 650 1)
(41067 -46131.8 -77845.6 496 596 3)
(41070 -24098.5 4582.22 626 726 1)
(41071 37696.2 24662.4 26 126 0)
(41072 -103918 27350.2 457 557 0)
(41091 -105507 35364.1 241 341 0)
(41092 -49925.7 -41669.2 210 310 0)
(41095 -10107.6 22317.5 537 637 1)
(41099 16355.4 6036.57 17 117 3)
(41100 -110372 -18396.8 37 137 1)
(41109 107099 57111.8 249 349 0)
(41113 -49112.4 -45043.8 42 142 1)
(41121 33890.3 -45159.8 505 605 1)
(41137 2387.32 55536.2 566 666 3)
(41141 47332.1 63358 629 729 0)
(41158 97186 -69991 89 189 1)
(41159 -63525.5 112708 466 566 1)
(41160 -6679.16 4468.76 333 433 1)
(41166 62487.4 47140 28 128 1)
(41170 58096 3070.91 184 284 3)
(41200 42244 -131828 10 110 0)
(41202 -28828.5 -89950.5 215 315 2)
(41203 23816.1 1760.41 409 509 3)
(41205 -21358.2 -138016 151 251 3)
(41209 -12953.6 -86308.7 100 200 1)
(41213 49680.4 -82340.5 308 408 3)
(41223 -119320 16012.4 368 468 1)
(41224 52696 98284.9 317 417 3)
(41227 -106269 119180 222 322 0)
(41243 -14293.5 -59696.3 343 443 0)
(41248 86238.9 -23750 116 216 1)
(41256 -26647.5 104221 520 620 0)
(41266 100325 -5203.84 296 396 3)
(41282 13461 -81022.9 531 631 3)
(41294 -105542 -85620.2 161 261 0)
(41308 -67946.6 -2542.36 175 275 1)
(41316 -46994.3 -2167.49 473 573 0)
(41319 -112913 -45704.5 227 327 0)
(41321 -69718.3 -139368 83 183 0)
(41322 -87986.7 18759.3 87 187 3)
(41344 40200.6 -68879.2 468 568 1)
(41373 -50912.9 81929 119 219 3)
(41376 -90422.7 -15164.2 466 566 1)
(41381 59073 -125796 276 376 1)
(41384 -120035 -3064.09 117 217 0)
(41391 23991.3 18888.4 122 222 1)
(41395 -49917 19391.8 81 181 1)
(41398 -82166.4 -147072 1 99 0)
(41403 -114546 97469.1 333 433 1)
(41408 -112243 -140552 20 120 1)
(41412 -64029.8 147094 239 339 3)
(41413 -93430.5 62186.1 345 445 1)
(41418 120985 -34126.2 216 316 1)
(41422 -40490.8 121108 144 244 0)
(41425 27511.7 72298.9 213 313 3)
(41427 -27119.5 74168.5 573 673 3)
(41448 -32537.2 -145740 321 421 0)
(41452 40684.9 -66213.9 139 239 3)
(41460 -79458.1 -145379 426 526 3)
(41461 94663.4 -122875 171 271 0)
(41466 -56415.7 79898.3 522 622 2)
(41472 -101968 -94008.8 27 127 0)
