(49517 -2008.1 -102388 297 397 1)
(49520 34305 -108920 625 725 0)
(49533 94590.8 -65558.4 444 544 3)
(49534 91932 86285.5 498 598 3)
(49536 106677 117239 569 669 1)
(49537 36367.3 -25165.9 500 600 0)
(49538 5488.84 4801.12 239 339 3)
(49546 5188.01 -105682 362 462 1)
(49550 -113614 75055.9 535 635 0)
(49571 -79761.2 -57988.8 612 712 0)
(49582 -108132 53467.2 94 194 3)
(49604 -88933 -137471 511 611 1)
(49606 109377 -7855.27 406 506 0)
(49611 -26685.7 125885 460 560 1)
(49615 16875.2 103745 389 489 1)
(49638 -82367.8 20295 408 508 0)
(49643 17249.6 46036.5 185 285 1)
(49650 47369.4 -27490.7 169 269 1)
(49655 -115528 -143513 54 154 0)
(49670 90911.5 116579 273 373 1)
(49678 92757.9 24232.7 399 499 3)
(49685 121438 111950 235 335 3)
(49690 -8802.89 -119596 121 221 0)
(49708 -28872.1 13862.2 83 183 0)
(49720 -21695.6 149377 595 695 0)
(49725 102140 -59262.8 335 435 3)
(49728 49514.2 -129348 17 117 1)
(49729 -77676 -62479.1 600 700 1)
(49737 34746 54886.2 81 181 0)
(49747 -28068.1 -62740.3 28 128 0)
(49757 -34493.5 -141913 249 349 1)
(49758 -62936.5 127424 1 99 1)
(49760 98238.4 -105720 238 338 3)
(49767 -53639.7 73098.1 507 607 0)
(49796 -47495.2 -18478.8 486 586 0)
(49800 57579.3 72437.3 288 388 0)
(49805 -88604.5 -56683.1 491 591 3)
(49810 90233.1 115497 362 462 1)
(49811 -62494.5 -122212 140 240 3)
(49816 -109030 -93792.9 21 121 3)
(49826 48539.1 -83010.7 522 622 3)
(49830 97492.1 -78232 394 494 0)
(49839 71256.4 -39601.5 568 668 1)
(49869 -87806.3 23237.5 71 171 0)
(49881 8976.6 -149619 211 311 0)
(49886 53128.4 -8151.31 605 705 0)
(49889 -121161 69735.3 461 561 1)
(49892 101250 107601 545 645 0)
(49899 -112648 -76923.5 24 124 1)
(49917 -19655.4 -140150 3 103 0)
(49923 -15110.9 -66555.5 231 331 0)
(49924 74587.9 39244.9 176 276 0)
(49925 -120564 109484 482 582 3)
(49936 54951.2 -4317.88 390 490 1)
(49941 -91910.3 1707.15 427 527 1)
(49943 -82504.9 22121.4 531 631 1)
(49951 -124400 -34314.4 160 260 3)
(49959 92023.5 -5350.19 461 561 0)
(49981 -124282 -106233 393 493 3)
(49985 -19665.8 23721.9 505 605 2)
(49991 -14562.7 -76386.6 171 271 1)
