(1501 85279 -96377.3 629 729 1)
(1507 -77652.4 -9627.64 615 715 0)
(1508 122740 -13906.9 579 679 1)
(1514 82144.7 30564.2 208 308 0)
(1525 -50840.7 145714 429 529 0)
(1527 20690.7 96654.5 351 451 0)
(1538 -101474 -135381 335 435 3)
(1541 -94054.1 65736.6 39 139 3)
(1554 34069.9 3383.58 362 462 0)
(1556 6011.99 52474.4 393 493 0)
(1559 40801.6 -104248 241 341 0)
(1562 92278 -9840.8 451 551 0)
(1563 -13634.9 -33034.4 332 432 1)
(1565 -30737.5 10355.8 328 428 1)
(1572 111216 58886.2 69 169 3)
(1587 -117596 -14410.2 27 127 0)
(1604 76183.2 -68002.8 308 408 1)
(1606 31137.1 120968 170 270 0)
(1608 64199.5 49801.3 558 658 0)
(1612 67996.7 37046.3 17 117 1)
(1615 -106480 51783.8 258 358 1)
(1633 -52399.3 -100872 168 268 3)
(1641 -45226.8 -5239.49 153 253 1)
(1648 10882 -10281.6 191 291 0)
(1660 50580.3 -109825 323 423 0)
(1664 -114552 119515 5 105 3)
(1669 -117224 40024.7 416 516 1)
(1670 29551.4 -141437 382 482 0)
(1671 6167.46 -64475.4 606 706 0)
(1672 -63914.5 18585.2 316 416 1)
(1681 -78144.6 136478 474 574 3)
(1691 86564 129027 606 706 0)
(1704 37482.8 -55223 333 433 0)
(1708 -90719.8 -139821 399 499 3)
(1709 -102424 -9034.67 440 540 1)
(1712 18998.2 -37404 537 637 1)
(1713 -80807.9 35004.4 250 350 0)
(1714 42774.1 73232.2 547 647 1)
(1716 -90061 63844.2 262 362 1)
(1734 -70578.1 -128058 154 254 0)
(1750 -53401 -851.348 368 468 1)
(1752 -88292.6 -60733 508 608 1)
(1753 97785.2 42416.3 68 168 1)
(1759 39852.5 -60139.5 402 502 0)
(1761 -85523 65548.8 117 217 0)
(1764 41105 -58334 396 496 3)
(1786 23080.1 137583 196 296 0)
(1795 10159.2 -76012.1 248 348 3)
(1797 48251.8 53601.3 358 458 1)
(1805 122232 92355.5 559 659 0)
(1813 93863.8 21050.4 261 361 0)
(1819 -89466.2 96550.9 218 318 0)
(1825 115262 107324 283 383 1)
(1828 -84947.3 89396.4 249 349 0)
(1830 -66822.7 -96470.1 183 283 0)
(1831 12009.2 -50920.7 401 501 1)
(1836 -87968.3 -123777 230 330 1)
(1840 -123166 -125565 207 307 0)
(1842 5303.78 50644.6 365 465 0)
(1846 -87525.2 17687.2 248 348 0)
(1861 94172.6 -63931.3 373 473 3)
(1862 100999 -70631.1 186 286 0)
(1867 -7883.98 -120976 548 648 1)
(1892 87354.9 -74008 165 265 0)
(1905 -48757.2 -36950.8 292 392 3)
(1906 -98088.8 90177.8 78 178 0)
(1912 -85148.5 132372 261 361 3)
(1927 69970.2 47980.8 101 201 0)
(1942 -22190.7 -21523.6 185 285 3)
(1949 -41662.4 47341.1 149 249 3)
(1959 34669.1 -90338.8 67 167 0)
(1967 -19485.5 -90936.2 235 335 3)
(1976 -3260.55 -67186.1 497 597 1)
(1978 101800 -102818 1 99 1)
(1990 67214.1 90675.2 46 146 1)
(1997 -29901.3 66215.3 176 276 1)
