(25008 -120306 96695.6 484 584 3)
(25013 -93058.4 26830.5 147 247 0)
(25018 -7274.25 104932 344 444 0)
(25045 -56655.6 50870 55 155 1)
(25049 -73816.9 18281.8 327 427 1)
(25052 -118616 -31549.6 435 535 3)
(25067 95035.2 136412 287 387 1)
(25068 -2851.09 -114098 212 312 1)
(25069 -39373.7 -88471.3 244 344 2)
(25097 99343.7 -71912.9 487 587 3)
(25107 33245.9 64947.3 246 346 3)
(25115 -66245.5 68651 38 138 0)
(25121 -45920.1 30258.2 336 436 1)
(25124 28732.2 147558 250 350 3)
(25154 -36225.4 -122122 183 283 0)
(25155 -120381 29664.7 581 681 1)
(25164 -58112 -29840.1 430 530 3)
(25166 -61347.8 145753 538 638 1)
(25178 25383.7 119205 386 486 0)
(25190 88763.5 -62414.1 79 179 3)
(25194 25846.7 -74288.4 405 505 3)
(25205 75350.4 51364 30 130 1)
(25213 51304.7 -117913 589 689 3)
(25218 73763.6 138841 196 296 0)
(25221 115008 18776.4 396 496 1)
(25223 -83278 -61962.1 407 507 3)
(25228 6279.58 -62057.2 627 727 1)
(25232 -30615.5 45721.8 1 101 3)
(25240 118748 119490 75 175 0)
(25246 -34222.6 -15733.6 188 288 0)
(25253 -9469.42 50127.6 5 105 0)
(25260 -22106.6 5611.61 247 347 0)
(25262 -30111.9 -79866.1 99 199 1)
(25267 30804.6 55067.3 459 559 0)
(25268 -14037.2 -98824.9 116 216 0)
(25272 -1933.03 -56433.4 245 345 0)
(25275 -13121.2 -9810.36 533 633 1)
(25277 -43.1402 -28846.7 544 644 1)
(25282 -112769 113465 432 532 3)
(25284 90940.5 -69985.9 10 110 3)
(25291 109458 -61421.9 339 439 1)
(25308 82600.2 33471.2 77 177 0)
(25315 47026.3 -84271.9 25 125 1)
(25320 -63598.2 67961.3 106 206 0)
(25329 -93252.9 -139188 87 187 3)
(25332 95227.3 131511 12 112 1)
(25379 -83182.3 -6785.18 414 514 3)
(25380 -48529.3 60500.2 48 148 0)
(25382 -60741.7 16773.7 425 525 3)
(25386 87166.5 127125 1 93 3)
(25400 76783.1 -17975.1 540 640 2)
(25406 55627.7 -92995.8 7 107 3)
(25438 -54818.7 67252.1 470 570 1)
(25440 -97347.4 -81514.6 474 574 0)
(25442 68287.2 -121388 262 362 0)
(25445 -82747.1 -10952.2 414 514 1)
(25457 -24165.4 -65434.4 227 327 0)
(25459 -26923.5 64248 7 107 0)
(25465 35790.5 -3960.25 314 414 2)
(25472 97517.5 -79095.9 168 268 1)
(25475 91204.3 -32132.5 528 628 1)
(25482 -9850.35 -73847.8 534 634 0)
(25484 -65105.4 51106.7 112 212 0)
(25489 -43731.1 91572.8 494 594 2)
