(30534 -38698.8 -50294.5 615 715 3)
(30537 3318.41 -18537.1 528 628 0)
(30544 41106.5 -127373 33 133 1)
(30553 -95087.9 24939 227 327 0)
(30565 28921.1 -133728 442 542 0)
(30571 -61688.7 -12788.5 129 229 0)
(30577 -106448 14558.8 130 230 3)
(30578 115662 85442.9 624 724 0)
(30586 -22342.5 -7536.78 149 249 1)
(30591 -61678 -50462 464 564 0)
(30592 -80999.9 113478 4 104 1)
(30598 -59794.5 -91577.4 225 325 3)
(30604 -23170.5 64981.6 304 404 3)
(30607 -116368 121629 8 108 3)
(30608 57817.4 25027.6 337 437 1)
(30612 102878 65428.1 344 444 0)
(30626 85514.9 128987 67 167 1)
(30637 124738 80650.5 92 192 0)
(30642 37903.2 -90503.4 361 461 1)
(30643 8757.07 -69367.1 122 222 0)
(30648 21502.2 -19826.8 306 406 1)
(30656 50635.9 111734 439 539 3)
(30664 -33056.8 112037 347 447 1)
(30671 97291.1 71070.1 86 186 1)
(30679 -100693 4104.58 132 232 2)
(30680 12764.7 -43542.1 625 725 0)
(30686 -17359.4 -87120.8 417 517 3)
(30689 31468.9 66648.8 130 230 0)
(30694 -110026 -116734 50 150 3)
(30697 42751.4 -116854 614 714 3)
(30716 46865.5 112439 505 605 0)
(30725 -26787.8 130521 129 229 1)
(30730 17511.3 83003.5 544 644 1)
(30732 63871.6 -54784.7 386 486 0)
(30734 -54562.5 -20186.8 340 440 0)
(30735 116397 98115.4 88 188 0)
(30741 1778.51 -69017.5 73 173 3)
(30752 -69631.6 25489.2 532 632 0)
(30770 40220.8 139388 550 650 3)
(30771 -383.617 15857.7 607 707 1)
(30778 26047.9 -43517.6 440 540 3)
(30782 -3589.78 -26386.3 551 651 0)
(30783 -109122 -137709 379 479 1)
(30784 -71130.1 -121890 541 641 3)
(30789 -25609.6 102868 581 681 1)
(30797 31356.9 -23481.4 89 189 0)
(30803 43250 -41212.5 107 207 3)
(30816 30460 16740.9 582 682 0)
(30832 22734.5 -85463.9 324 424 1)
(30838 119534 -69981.3 251 351 1)
(30841 9214.98 107622 272 372 3)
(30852 -92246.7 -64997.3 130 230 1)
(30868 64218.9 -98323 466 566 0)
(30891 79754.7 128353 299 399 1)
(30908 8060.32 -2053.13 3 103 1)
(30925 56758.5 -54906.7 35 135 0)
(30927 87062.2 -129051 142 242 1)
(30929 102897 -149633 624 724 0)
(30930 -97601.7 -848.24 546 646 0)
(30934 93389.3 -82547.7 128 228 0)
(30943 -97010.6 -104348 224 324 1)
(30945 -60505 -125613 154 254 0)
(30970 -80829 58826.8 251 351 1)
(30977 44315.8 95231.6 191 291 1)
(30979 -14923.1 -119199 377 477 0)
(30980 113984 94548 537 637 0)
(30981 -21472.6 81156.6 224 324 3)
(30994 98154.1 -143215 356 456 1)
