(27001 -61728.6 -15024.9 275 375 1)
(27022 11490.8 -129059 557 657 0)
(27023 76467.7 -20369.3 444 544 1)
(27048 -70324.6 37987.5 58 158 1)
(27049 123738 -6516.44 94 194 0)
(27051 -28036.6 137853 483 583 1)
(27057 13039.9 -56452.4 497 597 1)
(27066 -50737.8 -137654 267 367 1)
(27084 -88169.7 143430 457 557 1)
(27090 -20461 -25952.6 587 687 3)
(27091 117758 76577.5 540 640 3)
(27095 117544 57858.9 585 685 1)
(27096 -78429.2 106877 203 303 0)
(27106 -15341.5 -92912.8 328 428 3)
(27113 -78707.1 15558.3 187 287 1)
(27118 -47352.5 114627 134 234 0)
(27126 -18831.3 -84367.3 10 110 0)
(27130 87962 -24487.5 134 234 0)
(27140 -62849.2 103745 454 554 3)
(27151 -51499.5 -7655.31 10 110 0)
(27152 22613.2 133501 353 453 0)
(27156 -81388.4 113199 59 159 0)
(27163 16559.8 -140502 4 104 3)
(27172 635.812 147744 467 567 1)
(27176 38179.1 16770 176 276 0)
(27189 61293 11981.1 604 704 0)
(27190 31884.2 -119747 422 522 1)
(27194 51184.7 4463.78 275 375 1)
(27200 -19167.5 -5255.15 168 268 0)
(27209 28928.6 57381 21 121 1)
(27213 -90494.5 -90781.8 304 404 1)
(27239 -122688 38231 601 701 1)
(27240 83063.2 -70417.1 460 560 1)
(27257 106988 -82787.4 452 552 3)
(27258 28412.4 -16021.7 1 97 1)
(27268 -119456 -37852.2 66 166 0)
(27269 88496.9 -51792.8 374 474 0)
(27281 -17240.1 -919.783 48 148 1)
(27292 -97377.9 -134800 408 508 1)
(27295 -117279 53787.4 13 113 1)
(27299 -109019 -33587.2 375 475 3)
(27307 80853.1 -51213.7 171 271 1)
(27314 87115.6 -94738.5 420 520 0)
(27343 123675 79539.3 186 286 0)
(27345 -104593 80005.2 110 210 3)
(27350 -74505.1 92747.7 350 450 1)
(27357 34310.4 -80198.7 573 673 0)
(27364 -68471.3 -133376 344 444 3)
(27402 -20554.8 -132660 378 478 0)
(27408 -15521.6 19899.5 194 294 0)
(27437 52917 106535 629 729 0)
(27449 -95121.2 121044 357 457 1)
(27455 45260.8 -3061.69 215 315 0)
(27475 -88043.2 -59645.7 179 279 0)
(27490 -67884.9 -124679 508 608 1)
(27493 -21072.1 147759 20 120 1)
(27496 -79017.5 124535 204 304 1)
