(26012 99218.8 128509 456 556 1)
(26015 117386 -42496.5 506 606 0)
(26021 32344.2 102451 508 608 1)
(26045 -40257.8 -24304.7 245 345 3)
(26051 3181.49 -116044 261 361 0)
(26055 -9110.27 132156 110 210 0)
(26059 -95992.7 -62779.3 420 520 1)
(26064 74251.2 147412 514 614 1)
(26072 -33807.6 -37903.2 455 555 1)
(26075 83722.9 -137190 526 626 0)
(26077 -84193.6 79348.1 369 469 0)
(26080 26411.7 72535 544 644 3)
(26082 56404.3 -20959.9 305 405 1)
(26084 -110459 -114517 390 490 0)
(26085 -47888.4 -20521.2 112 212 0)
(26089 -38439.9 6246.75 64 164 0)
(26093 76028.7 -56429.7 29 129 0)
(26113 -114408 -46896.6 174 274 3)
(26115 -440.99 -122460 271 371 1)
(26122 16049.5 -139060 398 498 0)
(26127 67193 -45219.8 472 572 0)
(26129 -56582.5 -62653.1 199 299 1)
(26133 80114.6 -113234 219 319 1)
(26135 97481 -26996.2 405 505 1)
(26155 57700 81158.4 229 329 3)
(26160 6928.27 -104966 213 313 0)
(26175 63056.7 119504 302 402 0)
(26178 64163.6 58769.1 40 140 3)
(26181 -53152.6 67758.7 237 337 0)
(26188 57886.8 -26914.7 429 529 3)
(26189 -3304.76 59652.2 45 145 0)
(26194 69927.3 -86457.4 488 588 0)
(26212 19500.9 75009.1 598 698 0)
(26213 -58741.9 -99235.3 272 372 0)
(26215 -15216.9 -76530.2 457 557 0)
(26216 -58058.4 -100579 110 210 0)
(26217 -39247.5 -102048 514 614 3)
(26220 8795.14 56904 147 247 1)
(26232 92473.2 -48889.7 143 243 1)
(26250 36385.2 -7454.47 565 665 0)
(26255 -47554.2 32517.3 552 652 2)
(26269 -42503.8 -26760.3 149 249 0)
(26281 -109947 -72582.7 284 384 1)
(26282 -17351.8 -108416 620 720 0)
(26286 64995.5 49151.7 2 102 0)
(26287 -122720 -138296 542 642 0)
(26290 -39473.5 59116.5 274 374 1)
(26310 -60349.5 9629.52 452 552 3)
(26313 104780 66989.3 254 354 1)
(26319 107709 -89818.5 485 585 0)
(26322 -39404.5 9322.92 538 638 1)
(26337 57457.3 72691.5 595 695 0)
(26340 -102415 -68118.6 489 589 0)
(26360 103059 60130.1 211 311 1)
(26375 20663.4 -134679 334 434 1)
(26380 90350.3 74798.9 527 627 3)
(26382 26710.3 -120957 292 392 3)
(26398 -37028.2 -147733 565 665 1)
(26406 79400.4 -27426 502 602 0)
(26417 -105296 149195 34 134 0)
(26425 12456.1 76782.6 596 696 1)
(26430 -64244.5 51195.5 371 471 1)
(26451 12665.8 -84387 161 261 1)
(26466 124718 113864 183 283 0)
(26482 -8844.48 -104869 601 701 3)
(26488 -54721.9 -107895 590 690 0)
(26494 -121669 -113001 248 348 0)
(26498 -62317.4 -26366.4 222 322 1)
