(29502 -99205.5 52602.5 14 114 1)
(29504 11206.4 -82293.4 73 173 1)
(29524 -66708.1 68571.5 301 401 0)
(29533 -96885.2 65801.6 504 604 1)
(29544 -112330 -129900 273 373 1)
(29548 10927.1 140024 280 380 1)
(29552 -117694 -62134.6 17 117 1)
(29553 117307 58398.2 222 322 3)
(29562 -65374.3 56738.2 442 542 1)
(29576 124542 59523.5 85 185 0)
(29584 -11593.7 99193.3 236 336 1)
(29602 86505 -19151.1 380 480 0)
(29611 69233.4 -100257 53 153 1)
(29622 77211.3 9016.26 598 698 3)
(29631 -88746 -60111.7 112 212 1)
(29633 12127.8 -69106.4 430 530 3)
(29634 -66777 -82814.6 426 526 1)
(29638 61870.3 142984 343 443 1)
(29641 -18389 14616.9 495 595 1)
(29650 -108784 85245.4 542 642 3)
(29667 -26003.7 -109953 417 517 1)
(29688 18060.9 -135849 585 685 1)
(29691 67233.8 117574 269 369 0)
(29699 113065 62441.9 524 624 1)
(29724 114743 -27694.2 251 351 0)
(29731 -100718 -142245 481 581 1)
(29732 -106777 -101111 396 496 0)
(29738 82673 -86070.5 143 243 3)
(29767 73981.7 -109711 577 677 0)
(29768 -94985 115905 313 413 3)
(29774 -91406.8 -25765.1 263 363 0)
(29777 -47110.1 17779.8 406 506 3)
(29778 -112126 78017.5 622 722 3)
(29793 -94867 -86088.7 92 192 1)
(29800 -38403.3 94116.8 605 705 0)
(29802 -91868.9 -19618.5 470 570 3)
(29803 -6884.8 127180 415 515 3)
(29809 11496.3 108368 319 419 3)
(29820 36782 78037.9 242 342 2)
(29824 -33169.6 28315.2 215 315 0)
(29830 -20666.9 57360.8 16 116 3)
(29835 107518 107555 1 100 1)
(29845 111356 -110608 537 637 0)
(29850 75215.1 -6345.81 221 321 0)
(29858 64979.3 76784.7 71 171 1)
(29861 3594.16 -67883.5 628 728 0)
(29873 -92952.9 16370.4 421 521 1)
(29874 -77349 -65611.7 48 148 0)
(29884 18769.9 -11289.3 208 308 1)
(29887 58252.6 -81311.5 554 654 3)
(29900 77583.8 -81474.4 518 618 1)
(29903 -15438.4 -88736.9 519 619 0)
(29911 -25187.7 73105.3 209 309 1)
(29914 9520.59 -82988.9 445 545 1)
(29925 121061 -64421.1 149 249 3)
(29928 69850.5 -130005 104 204 0)
(29934 301.14 -22364.3 285 385 3)
(29943 -86230.3 -8847.42 444 544 1)
(29950 -106680 132435 322 422 0)
(29952 -14626.9 1230.23 193 293 3)
(29954 -60028.3 -30838.4 352 452 3)
(29966 94925.5 -48929.6 301 401 1)
(29972 73471.7 71343.8 510 610 0)
(29973 46644.1 -87158.7 275 375 3)
(29976 -29926.8 -110997 249 349 1)
(29986 -34984.4 -133473 583 683 3)
(29988 12363.5 -147735 288 388 2)
(29992 -55467.5 -101468 112 212 1)
(29994 5512.71 60873.9 497 597 0)
