(4524 -57578.2 62016.1 586 686 1)
(4533 -93080.8 -13590.4 113 213 3)
(4548 86580.1 -94411.3 284 384 0)
(4567 -93636.5 127195 423 523 1)
(4574 -17464.3 103179 346 446 0)
(4576 -123926 -30650.3 541 641 1)
(4584 56678.9 -79273.9 115 215 3)
(4596 12758 -65198.8 577 677 3)
(4601 73129.6 -12129.4 281 381 3)
(4603 -26786.6 -88843.3 187 287 3)
(4625 44271.5 -72452.7 327 427 0)
(4629 -17838.4 86879.6 41 141 1)
(4639 -59176.8 4606.36 249 349 1)
(4641 50168.7 -42116.1 444 544 0)
(4643 -84817.2 72672.6 426 526 1)
(4646 76197.1 -37433.1 156 256 0)
(4656 91325.7 12906.1 466 566 0)
(4664 43777.1 144471 626 726 3)
(4665 -112408 -77578.6 217 317 -1)
(4669 101704 -75602.6 360 460 0)
(4676 115547 59214.9 497 597 3)
(4678 112604 -41473.8 569 669 0)
(4679 -57704.6 114492 274 374 3)
(4692 -116823 -149188 185 285 3)
(4697 96392.3 56063.1 314 414 0)
(4702 3866.68 4975.67 397 497 3)
(4705 -57736.1 -144954 2 102 1)
(4707 97993.2 -145258 424 524 3)
(4731 -51121.1 -79451.6 22 122 0)
(4751 -54866 24548.8 402 502 3)
(4757 -68487 -97303.4 159 259 1)
(4768 -50880.3 109220 588 688 3)
(4774 -56893.1 2454.97 79 179 1)
(4786 99830.1 90156.1 493 593 1)
(4803 -75457.3 -126390 34 134 3)
(4812 -88797.1 2134.53 35 135 1)
(4825 124003 -109388 6 106 3)
(4828 -76621.3 -126019 152 252 0)
(4830 108645 -46466.7 62 162 0)
(4839 99073.1 -143904 305 405 1)
(4850 66856 -131104 535 635 1)
(4858 38621.7 36600.7 518 618 3)
(4874 77346.8 -92820.7 358 458 0)
(4879 -112888 78964.3 519 619 0)
(4882 56887.6 -48559.8 52 152 1)
(4886 73166.8 12854.4 61 161 0)
(4903 72077.6 20536 1 97 1)
(4905 84565.8 15989.8 1 98 0)
(4909 -2258.8 -80419.4 296 396 3)
(4914 11745.8 47672.2 382 482 0)
(4919 21583.5 -45407.3 208 308 1)
(4922 5920.04 -120081 469 569 0)
(4925 91047.9 64735.2 278 378 1)
(4946 -11508.5 -134670 113 213 3)
(4977 -114917 -142654 599 699 1)
(4982 -81882.5 -107956 449 549 0)
(4989 -106818 31260.6 370 470 1)
