(14001 102597 61931.3 362 462 1)
(14006 77333.7 -77169.1 349 449 0)
(14016 80404 89182.1 111 211 3)
(14017 -50211 3811.78 22 122 1)
(14023 11560.7 1086.3 216 316 3)
(14025 69126.6 -124873 77 177 3)
(14030 54668.2 -137791 116 216 0)
(14031 9104.93 4615.22 52 152 1)
(14044 18175.5 -89227.8 515 615 1)
(14045 58097.2 34279.4 549 649 1)
(14048 98429 26960.1 506 606 0)
(14049 -1097.13 -9075.2 235 335 1)
(14054 14449 12648.8 354 454 1)
(14059 20178 -96098.2 227 327 3)
(14060 94534.9 -91684.1 313 413 0)
(14062 40548.5 133448 444 544 0)
(14064 11846.9 105417 309 409 1)
(14067 -118759 -4467.06 165 265 0)
(14070 17102.6 -72122.8 472 572 0)
(14072 -102169 -69357.6 277 377 1)
(14078 -42877.5 32858.2 228 328 1)
(14082 42592.6 39525.1 160 260 2)
(14112 -96275.4 59668.6 313 413 3)
(14122 116385 79631.3 314 414 0)
(14147 1749.9 35592.8 2 102 1)
(14157 33059.3 -85846.8 273 373 0)
(14164 93025.8 -25768.5 272 372 1)
(14168 109759 -17756.9 371 471 0)
(14180 13892.5 15458.3 191 291 0)
(14182 -96400.7 -84533.9 615 715 0)
(14188 -14163.8 -69830.7 481 581 1)
(14195 106110 -19.1448 287 387 1)
(14204 73911.2 -358.032 453 553 0)
(14208 86733.8 -61944.5 578 678 3)
(14215 33480.5 137235 475 575 0)
(14216 8717.56 9628.36 355 455 3)
(14217 -120176 -114984 510 610 1)
(14219 73506.9 86976.7 625 725 3)
(14233 99785.6 -35947 147 247 3)
(14249 101555 -105335 121 221 0)
(14259 49908.9 5295 478 578 0)
(14273 -29835.3 93555.5 153 253 3)
(14280 46601.9 113072 192 292 3)
(14283 -82132.4 -18381.8 332 432 0)
(14304 -85345.5 67087.7 221 321 3)
(14306 80001.8 -24851.4 89 189 0)
(14307 22808.7 -13715.7 361 461 0)
(14319 106138 -91465.2 94 194 0)
(14322 94054.8 -18587.2 6 106 3)
(14326 90192.8 -93157 163 263 3)
(14329 95549.5 98997 152 252 3)
(14344 104089 113405 401 501 0)
(14360 -118975 31176.3 364 464 3)
(14363 101788 134210 391 491 0)
(14364 -63517.3 -70333.9 90 190 0)
(14372 57294.1 -61150.9 604 704 2)
(14385 49076.2 94064.5 350 450 1)
(14396 -23391.8 35234.3 566 666 3)
(14410 36257 92485.6 352 452 3)
(14412 -30115.4 -88299.4 85 185 1)
(14417 8908.97 121678 178 278 3)
(14424 36978.7 -43574.1 269 369 3)
(14429 -47498.8 -85762.3 45 145 3)
(14440 50803.3 4590.82 402 502 0)
(14453 -17159.2 -78484.5 4 104 0)
(14454 39602.3 109840 307 407 1)
(14472 -92829.1 -145339 105 205 1)
(14474 -118618 32408.4 555 655 0)
(14475 -34449.4 137796 571 671 1)
(14478 31843.7 -30433.2 283 383 3)
(14481 85402.4 -130519 493 593 3)
(14483 96575.1 -30302.3 50 150 1)
(14493 -98182.4 -32026.6 479 579 3)
(14494 -118499 116910 43 143 1)
(14499 45632.8 -141260 216 316 0)
