(10008 26056.2 88272.9 183 283 0)
(10010 103267 -33218.7 221 321 1)
(10011 59056 134557 471 571 1)
(10014 -37012.8 85440.3 609 709 3)
(10031 -94322.4 -65779 324 424 3)
(10037 37929.4 -22284.9 200 300 0)
(10048 -88020.2 125395 476 576 1)
(10053 65390.2 -141823 110 210 3)
(10060 81856.1 -136953 255 355 0)
(10067 -48940.5 -40917.6 522 622 1)
(10068 -111096 -146098 404 504 3)
(10092 -91516.3 -60519.1 361 461 0)
(10099 28130.6 87899.4 543 643 1)
(10113 -59595.8 54601.4 171 271 0)
(10127 88848.2 -31627.6 427 527 1)
(10133 -17973.3 -33539.6 323 423 0)
(10143 -57899.6 125647 325 425 1)
(10145 82291.5 -11671.7 21 121 0)
(10147 44116.9 -72447.3 205 305 0)
(10152 -51776.4 -127263 382 482 1)
(10162 104027 99158 367 467 3)
(10201 -61353.4 24116.7 592 692 0)
(10211 -96662 112795 407 507 1)
(10219 89935.8 97817 441 541 3)
(10226 69028.2 64190.4 497 597 3)
(10231 81411.2 -128999 96 196 1)
(10232 6074.8 135081 69 169 0)
(10246 119893 -100671 584 684 1)
(10249 50153.9 -41644.9 283 383 3)
(10252 -110117 -85221.4 471 571 3)
(10255 -36959.3 -11204.4 195 295 0)
(10265 -76666.8 110135 564 664 0)
(10270 95626.8 47322.8 425 525 3)
(10274 67160.2 57.9708 233 333 0)
(10275 39109.2 56762.3 425 525 1)
(10291 29920.5 -17005.4 358 458 2)
(10294 67844.5 83042.1 595 695 3)
(10298 -3055.53 98725.9 587 687 0)
(10331 33177.8 -54994.1 426 526 3)
(10332 -116873 88103.7 342 442 1)
(10338 77960.4 -49955.6 396 496 0)
(10352 -49953.8 75766.5 376 476 0)
(10360 -123888 29793 158 258 0)
(10367 -123187 138928 35 135 1)
(10378 4166.25 -116185 218 318 1)
(10386 -9698.79 -134426 455 555 1)
(10387 20738.8 20824.2 621 721 3)
(10389 1218.22 69477.5 407 507 2)
(10394 74527.8 -73989.3 515 615 0)
(10397 -69525.8 -133445 53 153 1)
(10402 12639.3 -43374.7 356 456 0)
(10405 -49658.7 -148025 483 583 0)
(10440 -36153 -101385 505 605 3)
(10446 41028.8 -133306 409 509 1)
(10449 -47821.4 -32224.8 229 329 1)
(10454 39286.8 67289.7 529 629 0)
(10467 -16840.6 136821 615 715 1)
(10476 -1553.8 -7090.31 449 549 3)
