(6001 -87692.1 10314.1 481 581 0)
(6010 -108706 125002 497 597 3)
(6017 7209.24 76352.1 380 480 1)
(6032 -112132 -23807 486 586 1)
(6041 43951.9 96017.1 523 623 3)
(6046 63716.5 -4650.92 164 264 0)
(6058 103603 59816.2 293 393 0)
(6076 -45082.1 46063.4 309 409 1)
(6077 76159.9 10860.1 267 367 0)
(6089 90628.7 -62633.4 44 144 0)
(6098 74338.4 -88487.8 382 482 1)
(6103 49957.1 -78718.6 138 238 0)
(6108 -78514.5 -80651.9 571 671 3)
(6125 -70309.8 -57724.4 476 576 1)
(6126 45676.8 -74955.2 494 594 3)
(6129 102089 17777.4 298 398 1)
(6143 -26917.2 -47478.4 604 704 1)
(6162 22320.8 -79593.9 379 479 1)
(6175 91125.8 102216 297 397 1)
(6185 109802 -55321 127 227 0)
(6196 -22356 -119185 100 200 1)
(6202 88218.6 -98658.2 353 453 3)
(6217 -40994.8 130077 464 564 3)
(6218 -44831.3 -71104.7 184 284 0)
(6227 107069 86825.1 185 285 3)
(6232 34201.4 -76519.7 98 198 3)
(6246 -123048 -79608 84 184 1)
(6250 -66691.8 6927.94 75 175 0)
(6251 -54667 90616.6 251 351 3)
(6256 80731 2463.7 452 552 0)
(6276 71857.7 -76756 487 587 0)
(6290 -39432.6 -71529.1 474 574 3)
(6299 38448.5 -134156 280 380 3)
(6300 85576.6 -109586 255 355 0)
(6307 -115151 -56013.2 230 330 0)
(6312 47135.7 -122022 259 359 3)
(6314 25337.5 -16306.4 323 423 3)
(6316 80750 -41888.4 297 397 0)
(6329 -56030.9 120061 320 420 1)
(6334 -5941.74 110310 323 423 0)
(6339 -110844 109886 66 166 0)
(6343 92180.1 50075.8 114 214 0)
(6352 -67380.5 -47117.8 336 436 1)
(6355 61672.1 -20711.4 71 171 3)
(6356 -84832.5 74915.5 26 126 1)
(6393 -18078 137413 430 530 1)
(6400 -40684.6 137711 463 563 1)
(6401 109749 139688 402 502 1)
(6436 34215.7 33700.7 97 197 0)
(6437 12937.6 -127820 335 435 1)
(6452 -55569.7 70550.4 358 458 1)
(6460 -85296.3 -20787.5 472 572 3)
(6461 -18238.8 -50029.3 248 348 1)
(6463 -118777 98787.2 262 362 0)
(6473 104616 114874 121 221 0)
(6486 -116808 42939.9 456 556 0)
(6488 121355 -17965 168 268 3)
(6495 -75396 67201.3 388 488 3)
