(40017 -104719 -101198 436 536 3)
(40027 -94991.3 -2319.01 180 280 0)
(40029 -90294 47734.8 29 129 3)
(40040 41511.4 60321.1 46 146 0)
(40055 -77949.1 114203 371 471 1)
(40060 -24553.8 -111209 330 430 1)
(40061 -69621.9 -34052.1 7 107 1)
(40063 120512 -48876.8 176 276 3)
(40064 -34918.3 -14846.7 220 320 0)
(40073 -116710 -80772.5 482 582 1)
(40076 -44795.8 105966 79 179 1)
(40089 81595.7 84845.4 54 154 1)
(40112 87405.4 -107612 553 653 1)
(40120 76273.8 -9344.85 406 506 1)
(40122 309.448 39911.9 16 116 3)
(40130 -54803.4 -1854.47 514 614 3)
(40142 52588.3 -129148 369 469 0)
(40143 -76962.1 16662.4 557 657 0)
(40144 -24857.6 134867 305 405 1)
(40148 124294 -53770.4 87 187 0)
(40176 8620.62 133570 619 719 3)
(40201 57260.7 135659 474 574 1)
(40202 6017.31 86242.9 403 503 1)
(40208 -72358.5 103680 327 427 3)
(40213 -7902.8 73108.6 128 228 2)
(40215 37088.8 70917.8 273 373 1)
(40222 20223.7 110214 416 516 0)
(40232 107259 -33441.5 243 343 1)
(40257 -117290 -133195 5 105 3)
(40259 75378.5 -83411.3 520 620 1)
(40272 66376.2 -19179 551 651 1)
(40273 -25128.6 -106435 597 697 3)
(40282 98005.8 2317.79 118 218 2)
(40291 78640.9 44750.7 266 366 1)
(40293 37068.2 4574.2 453 553 1)
(40307 49514.1 -59825.3 4 104 0)
(40314 84064.7 -29243.2 304 404 2)
(40315 -80448.2 136865 201 301 1)
(40322 63865.7 -80983.2 158 258 3)
(40325 -38760.6 -5483.32 404 504 3)
(40336 -68618.6 93619.8 620 720 0)
(40342 -90453.1 -121556 316 416 0)
(40349 64789.5 -25639.1 409 509 1)
(40354 -40403.7 8798.09 419 519 0)
(40362 -95581.3 -117593 377 477 0)
(40368 110751 -67956.9 313 413 1)
(40374 33787.9 132770 374 474 3)
(40385 7831.61 -52048.2 345 445 3)
(40389 18956.3 -69847.3 504 604 1)
(40395 -58968.5 -37561.2 48 148 3)
(40407 -7567.66 123957 107 207 3)
(40421 -62757.2 46240.5 480 580 0)
(40444 20463.7 -39529.2 245 345 3)
(40445 -86350.1 98791.3 139 239 0)
(40456 33838.3 55013.8 339 439 3)
(40461 -10486.2 -55195.1 434 534 0)
(40466 117585 -3247.84 238 338 1)
(40481 -65916.3 93273.8 387 487 0)
(40484 90799.9 -40730.7 434 534 0)
(40490 -123667 -114221 504 604 0)
