(17005 112197 -124141 306 406 0)
(17011 47729.9 -106917 16 116 3)
(17014 52874.4 -39106.3 127 227 0)
(17015 -14586.7 11272.1 358 458 0)
(17023 44417 -101871 287 387 1)
(17029 28033.5 -27215.4 333 433 0)
(17040 -16460.3 39794.3 474 574 2)
(17050 8842.54 15784.9 594 694 1)
(17057 -123935 -149654 127 227 1)
(17065 98718 -98035 232 332 3)
(17070 65097.6 28951.7 127 227 0)
(17075 115915 -146574 392 492 1)
(17089 -54101 -86329.4 524 624 0)
(17090 38834.2 139096 539 639 1)
(17103 -19553.2 54407.1 51 151 0)
(17110 74729 85300.5 344 444 3)
(17133 61112.8 -16110.6 185 285 0)
(17142 37691.3 -100462 298 398 0)
(17143 69841.9 39604.3 103 203 0)
(17165 -100321 31661.3 173 273 3)
(17166 114495 8120.91 378 478 0)
(17169 37879.6 144160 338 438 0)
(17179 105873 -71094.5 437 537 3)
(17183 -77988.7 -112947 132 232 1)
(17194 -91791.9 35809.2 231 331 0)
(17198 -36729.5 83470.3 327 427 0)
(17221 45287.5 -79025.7 456 556 0)
(17228 106045 -4465.34 582 682 1)
(17236 -44103.8 89401.2 210 310 0)
(17246 -101723 -90234 184 284 0)
(17258 100897 -8279.06 336 436 1)
(17260 -15011.4 -48758.6 10 110 0)
(17264 32377.9 147493 51 151 1)
(17265 -21298.2 83951.7 1 97 1)
(17268 -18336.3 29259.4 563 663 3)
(17284 89699.3 -22083.7 317 417 0)
(17292 -119479 125239 627 727 3)
(17296 443.033 64793.8 432 532 0)
(17318 -62042.4 -87188 396 496 0)
(17320 -30017.7 52376.4 569 669 0)
(17322 -75304.3 -65999.3 198 298 1)
(17326 14730.9 -29279.2 244 344 0)
(17344 28911.9 -95852.2 513 613 3)
(17360 -99686.6 -30228.7 471 571 0)
(17373 62298.5 -110716 21 121 1)
(17382 -2011.44 -102625 238 338 1)
(17389 119975 -8811.68 327 427 1)
(17390 -5675.57 -11553.6 1 97 1)
(17395 56745.9 51200.5 136 236 3)
(17404 52411 -106951 464 564 3)
(17405 -93113 16303.5 370 470 1)
(17416 -99286.7 -113122 54 154 3)
(17422 95878.8 35607.1 373 473 0)
(17428 2178.62 75229.7 320 420 0)
(17433 28611.6 -7173.78 148 248 3)
(17441 -38529 -84459 502 602 1)
(17445 72540.2 131870 1 100 1)
(17450 10567.8 42222.8 409 509 3)
(17464 -87036.9 -103611 139 239 1)
(17465 -95147.2 -80062.2 426 526 0)
(17473 85239.5 -105116 330 430 1)
(17474 -109365 -21035.9 353 453 1)
(17484 -4986.15 -34860.3 72 172 2)
(17496 90827.1 66206.7 608 708 0)
