(18013 78381.8 -133398 427 527 0)
(18021 60322 -57840.4 365 465 1)
(18034 -98927.5 -95702.4 389 489 0)
(18037 -105671 -17614.7 216 316 0)
(18042 86814.5 -93370.5 129 229 3)
(18049 -3355.86 -64465.4 462 562 1)
(18066 36485.9 100694 320 420 0)
(18076 -75493.2 -53847.3 279 379 1)
(18077 26443 -132768 287 387 0)
(18083 -106497 98764.5 309 409 1)
(18085 -68176.4 -23657.8 153 253 1)
(18088 -19097 -1282.33 261 361 0)
(18096 18158 -25549.1 103 203 0)
(18100 -58270.6 -9792.03 629 729 1)
(18123 -120218 -16926 267 367 0)
(18133 11573.5 -46913.5 316 416 1)
(18134 -50772 60363.9 518 618 1)
(18137 23720.1 -24800.4 441 541 1)
(18142 -23621 -114857 249 349 1)
(18148 -113174 128208 377 477 1)
(18150 -114923 127806 278 378 0)
(18162 -11599.7 -75885.3 269 369 1)
(18171 -73522.2 24927.9 441 541 0)
(18183 14160 -51942.9 343 443 0)
(18184 -43907.8 35587.1 82 182 0)
(18186 -37224.3 -57102.5 487 587 1)
(18198 -52904.7 -149942 77 177 0)
(18202 -16899.9 -94284.2 249 349 1)
(18208 51430.2 45132.6 101 201 0)
(18214 -104788 -93277 410 510 1)
(18215 -89037.8 35684.1 526 626 3)
(18238 -23878.7 3698.57 125 225 1)
(18262 -84170.9 41900.3 307 407 0)
(18268 16763.1 59640.4 332 432 1)
(18270 -87078.8 28841.2 287 387 1)
(18276 78718.1 111235 616 716 0)
(18285 96811.5 -94615.7 437 537 1)
(18312 19616.2 46838 619 719 1)
(18315 8833.09 15741.8 401 501 1)
(18322 16851.5 -76016.4 319 419 0)
(18327 -70496.9 -76944.5 451 551 0)
(18330 93276.4 -64614.3 99 199 0)
(18333 -16939.9 -105131 187 287 1)
(18335 -32729.6 26540.3 255 355 0)
(18337 13385.8 -136868 430 530 0)
(18365 105120 -44501.9 343 443 1)
(18372 108231 145342 586 686 0)
(18381 39424.5 -90353.2 7 107 2)
(18385 -59997.3 147250 234 334 1)
(18402 99963.2 -137883 368 468 3)
(18404 -27572.7 27501.3 95 195 3)
(18413 115648 67496.9 558 658 3)
(18427 95112.6 -42966.4 541 641 1)
(18430 -30018.9 2892.43 229 329 0)
(18467 -89973.9 -46196 225 325 3)
(18484 -120804 -51824.4 96 196 0)
(18486 49873.3 48466.9 282 382 3)
(18493 87830 -57838.2 439 539 1)
(18499 123463 -45308.9 505 605 1)
