(2519 -107526 -94520 132 232 1)
(2520 54951.8 -142791 379 479 0)
(2528 108230 -117037 574 674 3)
(2544 -97772.7 -47666.3 134 234 1)
(2545 50897.2 -95794.1 181 281 3)
(2546 99042.8 3581.95 268 368 0)
(2547 -96137.4 109783 221 321 0)
(2554 18510.7 -144578 231 331 1)
(2561 -85576.1 96543.7 429 529 3)
(2571 83469 114784 301 401 3)
(2572 4257.52 66276 578 678 3)
(2578 -118869 -44089.5 147 247 3)
(2585 34771 33588.3 253 353 0)
(2591 -33858.5 35711.3 509 609 0)
(2594 3888.44 71101.3 579 679 3)
(2599 21174.8 -57450.3 179 279 0)
(2610 -38678.4 109646 305 405 0)
(2611 -61572.1 -69921.6 560 660 0)
(2614 -6873.1 117975 626 726 3)
(2649 -121183 105098 547 647 1)
(2655 -89988.1 26018.5 291 391 2)
(2661 -61553.2 -71227.5 484 584 1)
(2672 -7139.29 -8560.99 425 525 1)
(2680 -36596.8 -87489.7 410 510 0)
(2682 -53882.9 -135283 574 674 0)
(2683 94285.8 77474.4 551 651 0)
(2688 -120086 -148078 135 235 1)
(2708 -33976.6 -1069.72 522 622 3)
(2712 30762.9 6328.18 236 336 3)
(2726 93104.7 -119558 514 614 0)
(2730 -31824.2 -38314 14 114 1)
(2736 -121367 -48694.9 281 381 1)
(2744 -81234.3 -117664 295 395 3)
(2761 -42766.9 44353.3 148 248 1)
(2766 -101701 -42973.1 498 598 1)
(2781 -15538.4 -124700 62 162 3)
(2782 63889.3 -39791.4 443 543 0)
(2795 47387.3 -125612 469 569 1)
(2802 -55849.4 60739.2 421 521 3)
(2805 28669.7 -25707.4 595 695 1)
(2810 -35726.7 -50531 530 630 1)
(2865 -117185 -11254.9 149 249 1)
(2866 95442.3 28437.4 4 104 1)
(2876 -84241.1 15955.2 443 543 3)
(2888 59897.5 80083.5 76 176 0)
(2897 7991.05 -86442.7 444 544 1)
(2902 70563.1 -70029.8 338 438 0)
(2914 -59479.5 33996.5 62 162 1)
(2915 -117034 -53871 375 475 3)
(2923 109060 -144686 589 689 3)
(2933 -76403.9 120830 269 369 1)
(2942 -58791 -36527.7 265 365 0)
(2947 -109243 130604 342 442 0)
(2952 -25492.2 -113181 209 309 1)
(2960 -56115.4 131448 529 629 0)
(2961 -19488.6 -80771.9 589 689 1)
(2974 75132.4 146193 226 326 0)
(2981 -100964 -113050 326 426 0)
(2994 -10516 -56354.5 288 388 1)
