(45002 -10608.4 -38584.6 336 436 1)
(45003 -23863.5 -62252.1 181 281 0)
(45011 -12212.2 18568.3 203 303 3)
(45029 102007 23834.4 427 527 3)
(45039 40628.7 33885.8 418 518 1)
(45045 119259 94028.2 182 282 3)
(45047 -98225.1 34261.5 364 464 3)
(45049 18587.3 -70698 432 532 1)
(45061 29837.6 -148981 423 523 1)
(45063 -5375.31 90675.6 10 110 0)
(45067 -110853 -80473.2 75 175 -1)
(45080 -94845.6 -26104.2 401 501 3)
(45111 -42594.9 11744.8 246 346 3)
(45130 -11103 115216 42 142 3)
(45151 41726.6 -69445.3 318 418 1)
(45153 -19756 -1511.61 65 165 1)
(45156 32784.4 71119.3 436 536 0)
(45161 53159.2 -123816 136 236 1)
(45186 44831.6 -51829.3 244 344 3)
(45191 -65823.4 -82579.4 82 182 1)
(45192 -91802.4 -84658.1 343 443 1)
(45208 -113032 -39025.5 36 136 0)
(45212 -16532.3 -4878.25 519 619 1)
(45216 -44919.8 -122221 384 484 3)
(45217 37159 -95692.9 40 140 3)
(45228 -2973.71 -86389 422 522 1)
(45232 -55759.6 28448 132 232 0)
(45237 31146.1 43851.2 274 374 2)
(45239 83584.9 -144032 478 578 0)
(45240 104150 71026.7 434 534 0)
(45249 27608 -25440.3 1 100 1)
(45250 -107146 -121534 1 95 1)
(45262 -75060.5 86329 565 665 0)
(45276 -35862.9 -37844.7 275 375 2)
(45282 14633.7 -12089.5 136 236 3)
(45304 81243.8 -131264 15 115 0)
(45308 -10825.5 122192 439 539 0)
(45324 99088.9 44623.9 132 232 0)
(45325 22591.9 -85056.2 51 151 3)
(45326 -26376.6 -21527.6 39 139 0)
(45337 104914 -47853.8 142 242 1)
(45338 -9395.39 119370 181 281 0)
(45343 -35803.4 68018.8 629 729 1)
(45355 58375.6 32377.2 550 650 1)
(45357 55272.6 -102502 70 170 3)
(45360 -103941 30270.8 598 698 0)
(45388 58776.2 42460.5 544 644 1)
(45400 24325.8 86377.1 304 404 1)
(45401 74339.5 128404 441 541 0)
(45414 124845 -90700.2 345 445 1)
(45417 -5708.02 82801.5 370 470 0)
(45418 48502.1 -97644.9 311 411 1)
(45419 -104020 -52484.7 457 557 0)
(45424 -4968.8 -114798 218 318 0)
(45431 38379.1 -111041 154 254 0)
(45436 -45427.2 123456 391 491 3)
(45447 134.175 58308.4 305 405 3)
(45450 48849.8 -23970.8 248 348 1)
(45479 12522.3 -125654 1 94 1)
(45486 27698.3 124456 262 362 1)
(45489 77236 89271.1 70 170 1)
(45492 60014.3 -80073.1 361 461 0)
