(26529 -7379.77 -1536.56 492 592 0)
(26535 -87346.9 97832.8 155 255 1)
(26536 106518 48577.7 1 99 3)
(26541 -2361.63 74682.6 217 317 0)
(26545 -4361.65 75970.5 511 611 0)
(26560 -55851.4 -104790 58 158 0)
(26562 117094 35766.6 135 235 1)
(26564 -16463.9 14174.7 345 445 3)
(26565 16743.6 134108 40 140 0)
(26577 61381.3 50606.9 461 561 3)
(26592 61200.4 -87540.8 341 441 0)
(26593 -19144.6 -35716.3 564 664 0)
(26594 27340.4 148423 399 499 1)
(26599 -106533 45347.3 284 384 3)
(26604 93115.1 54130.8 567 667 0)
(26605 -115594 -79783.3 587 687 0)
(26610 99896.4 -87587.2 391 491 0)
(26613 53269.2 -139568 247 347 0)
(26616 -102004 50545.8 75 175 3)
(26620 54982.3 -117744 371 471 3)
(26623 107427 -132306 114 214 0)
(26630 22795.8 -20051.7 611 711 0)
(26642 104420 -52811.6 428 528 0)
(26671 -63536.3 148387 344 444 3)
(26679 -6176.33 -4367.72 351 451 1)
(26685 -56228.7 -92493.2 434 534 1)
(26691 42386.4 68675.1 441 541 2)
(26695 79846.3 -147752 360 460 1)
(26700 -42497.3 -93616.3 20 120 3)
(26708 8163.36 120387 454 554 1)
(26717 100501 10766.6 146 246 0)
(26722 115588 27269.5 499 599 -1)
(26740 86235 146394 102 202 1)
(26748 -108397 104895 621 721 0)
(26765 -7660.21 52501.9 240 340 1)
(26771 -29031.1 -140130 598 698 3)
(26780 58383.3 -26157.3 97 197 3)
(26785 -79612.1 34788.5 174 274 1)
(26787 -40461.4 -1368.23 451 551 3)
(26791 5860.45 33244.4 367 467 2)
(26793 -28949.8 96044.2 93 193 3)
(26800 -101750 -8183.08 264 364 0)
(26806 107056 32263.5 282 382 0)
(26833 2279.54 147062 122 222 0)
(26835 68039.2 16474.5 129 229 1)
(26843 -95908 -63812.1 620 720 1)
(26846 -6144.25 128647 203 303 3)
(26853 6468.34 -6458.82 436 536 0)
(26863 79818.9 -41268.4 231 331 0)
(26871 -90610.1 65508.8 504 604 0)
(26876 -15540.4 -97630.5 298 398 0)
(26877 -13025.3 18204.8 544 644 1)
(26878 -35713.8 -3362.65 302 402 3)
(26882 -1129.5 36114.2 548 648 0)
(26885 55640.3 3555.07 236 336 1)
(26888 -37043.1 -38380.3 187 287 0)
(26896 -123025 44632 62 162 0)
(26912 80952.8 -20684.7 138 238 0)
(26925 21803.5 -77179.4 34 134 3)
(26934 -107957 -35695.9 396 496 0)
(26948 71937.3 -40065.2 407 507 3)
(26949 -83536.2 145145 350 450 1)
(26958 -79599.2 7652.36 427 527 1)
(26962 37662.6 121342 246 346 1)
(26964 98103.2 -1635.84 170 270 1)
(26981 32166.2 -100076 403 503 0)
