(19503 12893.4 6255.95 313 413 0)
(19508 -41797.1 14855.7 126 226 0)
(19516 18773.8 -106865 336 436 1)
(19525 65737.6 -77977.8 579 679 0)
(19529 -13456.7 105294 81 181 3)
(19545 -109181 -47964.3 502 602 3)
(19550 30477.7 129050 555 655 1)
(19558 -102585 -65664.6 184 284 1)
(19559 -10500 -147807 243 343 0)
(19561 -77188.2 -12114.2 38 138 0)
(19572 -53852 129729 1 93 3)
(19575 39674.9 24830 138 238 0)
(19576 68461.2 51082.2 281 381 3)
(19582 51889.2 -120995 40 140 0)
(19584 -113247 54395.1 460 560 0)
(19593 67896.2 -10547.2 21 121 0)
(19597 28511.6 -108026 115 215 3)
(19599 -93793 36169.8 238 338 1)
(19602 106198 -40620.1 527 627 0)
(19603 94809.1 100167 132 232 1)
(19604 15770.6 12386.7 613 713 0)
(19616 52994.1 -45216.3 393 493 0)
(19619 -106507 97129.3 295 395 0)
(19621 -73864.4 146348 206 306 2)
(19622 34141.1 81540 441 541 1)
(19627 64205.2 -146481 46 146 0)
(19645 50624.1 -10222.4 556 656 0)
(19648 -120494 147934 241 341 3)
(19658 -27393.8 -140070 50 150 1)
(19681 -88687.8 -49133.5 318 418 0)
(19684 -28405.9 -88399.7 421 521 0)
(19709 -60058.7 140425 227 327 1)
(19710 -81857 -121258 520 620 0)
(19718 78966.4 -91715.7 364 464 0)
(19724 -34574.8 137201 363 463 0)
(19734 80688.9 100406 436 536 1)
(19739 32896.6 -147852 523 623 1)
(19775 -110729 144610 378 478 0)
(19776 115404 106952 117 217 0)
(19781 60459.2 -60153.7 444 544 1)
(19786 -48455.8 108845 614 714 0)
(19797 96347.9 -133702 252 352 1)
(19798 18820.1 44264.4 147 247 0)
(19799 41739.4 -72950.9 420 520 0)
(19802 112592 -63364.9 543 643 0)
(19803 116370 95824.6 566 666 0)
(19808 109126 -48647.8 42 142 0)
(19829 53014.5 -133848 303 403 0)
(19835 -50108.9 -34597.5 28 128 0)
(19840 17240.6 39145.8 564 664 0)
(19850 40530.9 82477.4 364 464 1)
(19867 24416.7 -71200.2 429 529 1)
(19875 107480 -51583.5 474 574 0)
(19886 104263 -39639.2 207 307 0)
(19901 13119.8 -63614.8 619 719 0)
(19905 -10696 -25259.5 148 248 2)
(19906 12433.7 -59580.9 242 342 0)
(19911 -74611.2 7516.97 322 422 1)
(19920 118704 119399 192 292 0)
(19928 -49400.6 -111171 131 231 1)
(19936 107362 24004.3 53 153 3)
(19937 7594.73 -17120.4 327 427 3)
(19942 -1871.53 -122696 562 662 0)
(19973 61211.3 -131385 419 519 1)
(19979 27213.2 125920 226 326 0)
(19980 59533.9 -85042.8 266 366 1)
