(39506 61575 134951 480 580 2)
(39516 -68991.7 -11819.2 471 571 0)
(39520 37210 37011.5 596 696 3)
(39523 -37875.2 69806.2 348 448 1)
(39524 -39957.1 116423 406 506 1)
(39529 -74429.5 -141433 553 653 0)
(39533 -123487 -146518 414 514 1)
(39548 74678.6 90690.1 102 202 1)
(39550 -91964.4 -38508.8 542 642 1)
(39551 -945.985 -64358.8 443 543 1)
(39554 53726.2 -98020.3 555 655 0)
(39572 117600 -33269.5 583 683 1)
(39573 -32431 -63895.6 198 298 0)
(39576 47335.8 -118639 129 229 1)
(39577 83249.7 -42881.8 581 681 0)
(39578 20276.8 -24957.4 118 218 1)
(39585 64188.6 -3973.93 160 260 3)
(39593 -29722.6 -86868.3 623 723 1)
(39596 -46226.2 -129396 291 391 0)
(39597 90100.7 -71140 243 343 3)
(39609 118168 -818.963 190 290 1)
(39613 24128.7 11133.6 493 593 1)
(39627 -70050.5 49567 197 297 3)
(39629 36999.9 85816.6 391 491 1)
(39635 -86239.9 118257 515 615 0)
(39640 -43124.4 -16925 243 343 1)
(39644 -38116.4 -124591 175 275 0)
(39646 -79564.1 -17718.9 416 516 1)
(39680 -92152.5 -28136.7 532 632 0)
(39684 52241.2 86468.6 214 314 1)
(39689 -20063.4 18387.6 269 369 1)
(39695 -18149.7 -13701 176 276 0)
(39710 -107620 -82356.5 373 473 0)
(39725 -82734.2 -103611 184 284 0)
(39735 117829 -31105.7 94 194 1)
(39749 -99399.7 119045 106 206 0)
(39754 -40210.3 74332.8 611 711 0)
(39773 -37724.6 -37424.4 324 424 1)
(39775 -27411.9 40724.7 325 425 0)
(39776 -1211.37 93989.4 439 539 1)
(39783 -71374.3 -132436 335 435 3)
(39787 -82376.7 106216 360 460 3)
(39798 -11493.4 -88238.3 516 616 1)
(39800 -112182 45743.3 138 238 3)
(39801 54433.4 17441.9 124 224 1)
(39802 -41933.8 -57107.2 5 105 0)
(39806 79306.3 -81265 586 686 0)
(39845 47274.3 119028 259 359 3)
(39854 -71450.2 -37223 116 216 3)
(39880 -47201.1 -29016 564 664 3)
(39888 -100282 53074.3 33 133 3)
(39898 19205.9 -109467 434 534 3)
(39900 -39404.6 91460.9 50 150 1)
(39904 -110120 560.901 118 218 1)
(39908 16779.1 2374.33 532 632 3)
(39910 -119635 -20722.9 179 279 3)
(39916 120830 12551 162 262 0)
(39922 28183.7 -136476 218 318 1)
(39926 -34867.7 -45080.1 50 150 1)
(39927 -124042 64210.3 193 293 3)
(39928 -45486.1 45621 1 97 0)
(39941 53256.9 -138434 533 633 1)
(39942 -77691.1 36143.2 189 289 3)
(39946 -76460.4 70073.7 100 200 0)
(39951 102227 -40272.3 461 561 3)
(39956 -60342.7 -3976.06 517 617 1)
(39959 -119345 -18637.7 263 363 1)
(39974 47028.5 -57920.5 277 377 1)
(39987 -6671.5 686.784 335 435 1)
(39995 -83526.1 -35530.1 606 706 3)
