(43024 47098.5 5345.71 253 353 3)
(43027 33340.4 -76757.2 180 280 3)
(43028 -12731.7 116102 1 94 3)
(43029 74292.8 -75917.9 102 202 1)
(43040 114482 -47526 212 312 1)
(43044 -10818.9 144154 307 407 2)
(43047 61321.4 70358.3 307 407 0)
(43048 99769.4 -14813.8 245 345 0)
(43051 -33410.6 -112661 351 451 3)
(43057 -60832.4 148837 97 197 1)
(43061 77402.8 3578.46 552 652 3)
(43069 82436.2 -98679.7 156 256 0)
(43087 -107277 72894.6 260 360 3)
(43101 -87236.5 63142.5 129 229 3)
(43109 36997.3 142551 1 94 -1)
(43112 -74848.2 -6347.02 38 138 1)
(43116 -55360.7 -105253 307 407 1)
(43142 -27030.1 62663.8 149 249 1)
(43149 12253.2 83923.3 508 608 0)
(43154 98441.6 110470 92 192 1)
(43168 64237.1 65409.8 559 659 1)
(43169 -45329.9 -52387 448 548 0)
(43175 44470.2 33515.8 469 569 1)
(43185 -74933.3 -83663.5 385 485 3)
(43201 -4794.92 34193.1 345 445 0)
(43219 -29419.1 132498 345 445 3)
(43221 104448 69634.4 453 553 0)
(43228 103303 108029 280 380 1)
(43241 106228 -118078 524 624 0)
(43248 -54155.2 123401 22 122 1)
(43249 16787.2 -146014 242 342 3)
(43254 -113027 -40605.9 358 458 2)
(43258 38571.5 19691.4 116 216 0)
(43265 23727.4 1547.62 527 627 1)
(43273 -19066.2 -34649.1 599 699 0)
(43277 -106731 92529.7 260 360 0)
(43287 -81125.3 124359 572 672 0)
(43293 99013.4 -122445 486 586 1)
(43296 23727.5 149756 524 624 1)
(43306 -28915.6 -47212.9 279 379 3)
(43309 26996.3 -108491 27 127 1)
(43312 -17554.5 63144.7 323 423 1)
(43342 -62156.9 -127455 453 553 1)
(43345 -99639.4 -37864.6 253 353 0)
(43357 -42833.7 97129.5 539 639 1)
(43358 -52526.7 63024.3 26 126 0)
(43378 98142.9 17680.1 235 335 0)
(43380 -120835 -84600.9 466 566 1)
(43387 67216.3 42645.4 436 536 0)
(43391 113970 -55169.8 264 364 3)
(43402 104030 6943.35 82 182 3)
(43410 67800.1 48750.1 138 238 1)
(43415 -45210.2 -122461 251 351 1)
(43420 85320.6 6232.95 1 93 1)
(43437 -63767 51312.2 522 622 3)
(43440 -18146.2 147626 629 729 0)
(43456 37628 133568 554 654 1)
(43464 -42148.9 110448 591 691 0)
(43465 -11599.9 7297.21 602 702 1)
(43468 77193.7 -6404.38 252 352 3)
(43486 99073.8 -5550.36 135 235 3)
(43490 62883.9 -80751.2 44 144 0)
(43494 16692.8 5010.65 595 695 3)
