(24001 34077.6 92561.6 459 559 1)
(24014 27945.5 -108115 32 132 0)
(24015 90285.7 7907.11 543 643 0)
(24016 85647.6 -54856.1 268 368 3)
(24018 2401.37 57507.8 603 703 0)
(24019 113111 -64503.8 314 414 1)
(24030 -51851.6 -12815.3 398 498 3)
(24039 -24374.5 -82884 390 490 3)
(24042 -18937.5 148533 490 590 -1)
(24048 -23777.5 -117433 21 121 0)
(24049 -118815 -38387.3 247 347 1)
(24055 39623.6 72935.5 238 338 3)
(24068 66278.3 56710 344 444 1)
(24075 -40507.1 4790.56 489 589 1)
(24079 -52924.8 -67485.6 520 620 3)
(24107 14621.2 134518 8 108 3)
(24116 -103317 -11817.3 464 564 0)
(24124 -105541 -62778.4 147 247 1)
(24135 5063.18 44502.8 458 558 1)
(24138 60059.8 74214.1 494 594 0)
(24144 -2002.02 -108936 22 122 1)
(24157 -91418.4 92966.6 405 505 1)
(24165 -78066.8 -146602 87 187 1)
(24166 -32034.2 76263.3 522 622 1)
(24167 -28487.1 -50226.1 441 541 0)
(24181 63609.2 -111322 578 678 3)
(24188 -6968.52 -64959.4 349 449 0)
(24189 77502.3 12433.6 557 657 1)
(24206 -19357.3 -149080 367 467 1)
(24208 106790 -22744.6 113 213 1)
(24210 -102380 -9014.79 424 524 1)
(24213 -103488 -148141 271 371 0)
(24218 72155.6 -81692.1 211 311 1)
(24236 -41890.7 -55612.7 284 384 1)
(24238 46137.8 30070.3 384 484 0)
(24239 -18126.8 76779.5 350 450 1)
(24242 10849.1 12824.7 585 685 1)
(24253 109511 102794 540 640 1)
(24258 -88289.5 -15622.4 303 403 1)
(24263 -77745.6 66945.1 40 140 3)
(24264 91632.2 -76002.6 491 591 3)
(24274 99066.3 56325.8 207 307 3)
(24275 -77384.7 109538 254 354 0)
(24292 80528.1 -139456 386 486 0)
(24304 9205.96 -68521.2 277 377 0)
(24305 106637 -140565 629 729 1)
(24320 -80572.4 -76739.2 425 525 3)
(24325 471.864 61944.7 413 513 1)
(24328 65414.5 18248.7 571 671 1)
(24338 -95477.7 -64340.7 610 710 1)
(24339 -87453 -30500.4 418 518 0)
(24348 38286.8 -75955.2 211 311 1)
(24355 99959.8 -85230 224 324 1)
(24361 88686.8 -98093.9 234 334 1)
(24366 -33963 -14053 614 714 1)
(24373 -42199.6 -70106 130 230 1)
(24378 -28520.4 41637.3 303 403 1)
(24410 -40264.6 -140.678 212 312 0)
(24412 -108163 30646.6 223 323 3)
(24432 70236.9 -32947.7 479 579 1)
(24454 123278 47053.9 229 329 1)
(24460 86726 45992.8 307 407 3)
(24465 -43471.5 47437.7 301 401 1)
(24468 -106931 82436.3 76 176 1)
(24476 -38665.2 -127574 337 437 1)
(24485 20243.8 -44453.8 252 352 1)
