(34001 60271.4 -25634.2 14 114 0)
(34006 -110240 -40280.9 335 435 1)
(34020 73192.5 8358.88 618 718 1)
(34023 -48366.1 -55512.8 156 256 3)
(34028 56326.5 -113364 400 500 0)
(34035 60133 -17437.5 311 411 1)
(34045 93783.8 -124638 529 629 1)
(34062 -108422 -82897.9 211 311 3)
(34063 103299 -148098 248 348 2)
(34075 112080 123644 359 459 0)
(34103 -113306 -94971.3 208 308 3)
(34107 53159.6 -127320 107 207 0)
(34111 73091.3 51681.7 223 323 1)
(34113 32313 -58992.8 614 714 1)
(34133 -4872.71 77717.1 116 216 1)
(34142 -56887.6 -56576.3 300 400 3)
(34144 98406.5 -6179.16 163 263 0)
(34149 -17457 -44667.2 57 157 1)
(34152 -72307 -87288.7 416 516 1)
(34154 119479 -146753 143 243 3)
(34158 12414.5 -118154 28 128 0)
(34186 66736.5 12526.5 188 288 0)
(34198 -98455.8 82646.1 1 97 0)
(34202 74051.3 17683.5 425 525 3)
(34203 -27193.8 -137956 49 149 3)
(34205 123960 -91416.1 129 229 3)
(34207 47735.2 -26050.6 330 430 3)
(34211 2085.7 -90387.4 618 718 0)
(34216 9938.65 37515.4 457 557 1)
(34226 -16539.5 -48492.5 99 199 1)
(34234 -114426 -60601.8 566 666 1)
(34237 -17449.2 -66070 64 164 0)
(34254 50356.5 -145382 92 192 0)
(34267 82443.3 -123607 49 149 3)
(34276 -102479 5521.65 341 441 1)
(34280 118657 -41515.3 479 579 0)
(34286 -6941.98 -29429.6 299 399 1)
(34293 93537.1 143147 327 427 0)
(34343 -84568.8 91415.5 499 599 1)
(34346 17868.6 -98763.9 104 204 1)
(34351 7718.51 -49345.5 492 592 0)
(34359 81340 57700.1 222 322 1)
(34369 -78826.4 -87239.2 501 601 0)
(34381 -45834 -92353.3 486 586 1)
(34396 2671.9 110917 231 331 3)
(34413 21091.5 -144039 357 457 3)
(34419 26105.4 126579 81 181 0)
(34434 99216.4 11940.7 445 545 1)
(34442 3574.78 108278 476 576 0)
(34443 73822.4 61395.6 283 383 3)
(34444 -80353.2 2664.03 558 658 1)
(34452 -89360.2 55732.6 295 395 0)
(34461 10078.3 -47031.4 203 303 1)
(34475 -123356 -147456 520 620 3)
(34489 107712 75247.7 13 113 0)
(34491 -41700.4 47374 350 450 3)
(34495 69644.3 18784.2 120 220 0)
(34496 16363 -99242.5 314 414 1)
(34498 -54122 -123011 104 204 3)
