(30016 -18863.3 -132447 96 196 1)
(30017 -105161 36185.1 601 701 0)
(30023 8690.99 -46583.2 74 174 0)
(30030 41717.1 -13709 329 429 3)
(30041 -54406.8 -114637 562 662 0)
(30045 -101321 -30877.3 185 285 0)
(30049 1073.47 125531 1 99 0)
(30066 -10096.3 -87264.6 415 515 1)
(30069 -30031.5 51404.8 394 494 0)
(30070 43502.2 93697.3 5 105 3)
(30074 -99824.4 -42360.2 144 244 0)
(30077 -102349 -42146.4 618 718 1)
(30086 -58037.5 -65708.7 610 710 1)
(30098 59473.4 128435 591 691 3)
(30115 122520 -90392.2 202 302 0)
(30119 89682.4 -100374 369 469 0)
(30120 -29812.3 91206.6 68 168 0)
(30126 25219.3 -119066 592 692 3)
(30146 67014.5 -92405.2 31 131 1)
(30150 -65828.9 11530.7 281 381 1)
(30165 -58486.2 -88025.7 513 613 0)
(30169 -45094.5 3298.78 516 616 1)
(30187 -90039.4 -37420.1 83 183 3)
(30188 117365 32755.6 1 95 3)
(30191 -73603.9 -148221 458 558 3)
(30194 -4966 -5147.87 110 210 1)
(30200 72514.3 118135 126 226 1)
(30223 101195 30659.8 341 441 1)
(30224 -115687 32804.2 217 317 3)
(30229 75101 -30023.6 524 624 0)
(30241 41836.5 -69749.8 600 700 1)
(30248 -118885 37287.4 311 411 0)
(30252 24329.2 66388.4 454 554 0)
(30261 96301.3 -88206.5 15 115 1)
(30265 111767 -35688.7 543 643 0)
(30275 -586.647 45549.3 3 103 1)
(30284 44854.8 -101993 436 536 0)
(30286 -67553.5 67987.3 377 477 0)
(30300 -36107.1 30764.6 1 100 3)
(30304 -34709.2 -50704.7 183 283 0)
(30308 -123947 -106355 425 525 0)
(30310 -106444 -16349.6 486 586 0)
(30311 112128 70898.5 57 157 1)
(30318 -63723.3 -108872 476 576 3)
(30321 -64840.7 -21269.2 436 536 1)
(30325 -27598.7 -36925.8 124 224 0)
(30341 44959.4 42251.8 361 461 2)
(30364 -4847.51 -71353.6 530 630 0)
(30368 74226.9 31199.2 306 406 0)
(30375 102622 -94108.9 87 187 2)
(30376 -120034 11165.4 202 302 1)
(30378 55785.7 -18670.1 16 116 0)
(30380 62988.5 -20799.5 569 669 0)
(30422 -67328.2 -84601.2 609 709 3)
(30446 1230.44 3636.31 441 541 3)
(30448 80830.9 98034.7 577 677 1)
(30450 64393.2 -62548.8 183 283 3)
(30468 122816 92280.6 263 363 0)
(30471 73647 -113913 316 416 1)
(30472 -10844.4 -103496 434 534 1)
(30474 37422.1 104785 527 627 2)
(30478 94316.7 -146246 627 727 0)
(30485 -21964.4 -111461 380 480 0)
(30489 43147.8 -132019 15 115 2)
(30492 122436 -48095 83 183 3)
