(8008 76245.9 10940.1 349 449 0)
(8023 90307.9 -80978.8 540 640 1)
(8030 -118073 -121243 560 660 0)
(8032 -83707.4 108204 121 221 0)
(8046 67164.3 -91672.4 320 420 3)
(8054 26197.6 140651 63 163 3)
(8076 115887 -823.759 181 281 3)
(8077 -44626.7 -43883.7 605 705 1)
(8092 -85490.7 32555 239 339 3)
(8098 18586 39318 423 523 3)
(8100 95962.1 -135864 323 423 0)
(8104 113832 -82984.8 525 625 0)
(8105 -32547.3 39532.2 170 270 0)
(8109 36573.1 -84713.3 592 692 1)
(8120 -29712.4 -50839.7 316 416 1)
(8127 -1073.48 63053.4 242 342 1)
(8128 -121868 -145947 549 649 1)
(8132 -36583.2 4913.78 311 411 0)
(8147 103531 -139584 125 225 1)
(8149 -61645.6 -54738.8 490 590 3)
(8157 31238.9 -18134.6 240 340 0)
(8160 -124399 -1760 484 584 0)
(8162 -28736.2 6710.24 526 626 1)
(8166 -61727.1 3724.64 564 664 3)
(8180 91649.8 -144860 387 487 1)
(8185 35447.1 -32906.5 486 586 3)
(8192 19000.5 116508 244 344 3)
(8196 -25084.6 19092.1 580 680 0)
(8204 -88017.2 23809.3 440 540 0)
(8206 116338 -66311.8 199 299 0)
(8209 -74741.7 113862 266 366 0)
(8211 53020.9 69393.7 578 678 3)
(8218 -95486 97855.7 273 373 0)
(8220 -58363.8 -90518.9 73 173 0)
(8229 71630.8 -66370.4 428 528 3)
(8236 -107608 -45413.4 331 431 1)
(8240 119181 -48868.9 7 107 0)
(8248 -123216 -140928 371 471 0)
(8254 34653.7 -120000 371 471 1)
(8272 -22973.7 -39545.3 123 223 1)
(8281 -99074.3 -5648.85 40 140 3)
(8290 -92657.9 116231 90 190 1)
(8292 -86749.9 -120380 51 151 0)
(8293 69069.7 -103857 317 417 0)
(8294 24730.9 -8569.55 252 352 3)
(8307 103882 140353 166 266 1)
(8323 13913.6 -7032.68 270 370 1)
(8336 -112518 -83402.6 338 438 3)
(8342 -108377 -126667 395 495 3)
(8344 113460 50.1695 595 695 0)
(8354 -113002 -43479.1 221 321 3)
(8358 -122050 -60961.3 553 653 0)
(8360 -51591.9 -45872.5 479 579 0)
(8369 95577.9 81124.4 376 476 0)
(8377 85033.9 21030.3 418 518 0)
(8378 80010.2 -22048.9 261 361 1)
(8379 89593.5 97432.2 581 681 1)
(8407 -103379 -43891 139 239 0)
(8416 -103314 -80967.2 371 471 0)
(8434 60595.4 -113567 597 697 3)
(8435 -74105.9 -53150.7 222 322 0)
(8448 53371.9 7617.7 241 341 0)
(8453 75989.5 -1830.84 155 255 0)
(8462 61600.2 -34597.7 590 690 3)
(8472 62261.6 -3527.01 451 551 3)
(8473 -85985.6 39501.5 195 295 0)
(8476 -113634 2300.46 274 374 1)
(8478 94809.8 -43149.7 252 352 0)
(8479 66883.9 16081.8 476 576 0)
(8486 -122076 -94126.3 257 357 3)
(8488 -76914.3 31028 98 198 0)
