(34500 104956 117248 419 519 3)
(34501 65302.1 30969.9 478 578 1)
(34512 108180 90904.6 603 703 1)
(34514 14448.9 92840.4 277 377 3)
(34521 75761 -133228 37 137 0)
(34537 79250.9 121237 589 689 3)
(34562 -69513.9 72877.4 65 165 3)
(34566 -84914 54934.8 587 687 0)
(34567 67045.3 85374 185 285 0)
(34578 73174.4 -110440 1 95 0)
(34589 -50224.1 -20438.5 72 172 0)
(34595 56361 83939.8 62 162 1)
(34608 62976.6 32416.7 1 97 1)
(34629 70354 90392.5 243 343 0)
(34631 -23791.5 -49099.9 198 298 3)
(34633 -68612.3 107319 190 290 1)
(34637 79644.3 106210 332 432 1)
(34639 89879.1 8208.99 1 100 0)
(34640 53209.4 17235.6 243 343 1)
(34650 65329.2 136013 436 536 0)
(34656 88700.5 95824.9 600 700 1)
(34673 94213.5 23370.8 295 395 1)
(34676 -111338 57978.2 5 105 1)
(34682 17856.3 39294.8 33 133 1)
(34705 53347.1 92160.6 220 320 0)
(34707 -68611.6 -43853 590 690 0)
(34724 -113658 -2671.1 230 330 1)
(34742 9356.81 35582.5 612 712 1)
(34745 -6970.61 -57810.2 150 250 1)
(34754 -62325.5 86354.1 461 561 0)
(34767 -76046.2 -54208.2 511 611 3)
(34769 -43139.1 23531.5 67 167 3)
(34771 85599.1 -54891.3 358 458 0)
(34772 61782.1 83422.3 1 98 1)
(34780 88238.7 -109180 536 636 1)
(34793 -56471.7 -116560 473 573 3)
(34794 -27596 97901.6 16 116 1)
(34800 -16774.8 136095 30 130 0)
(34803 -55711.3 -104675 580 680 1)
(34804 30265 -117612 151 251 2)
(34809 -14147.1 -130364 462 562 2)
(34859 -59813.6 -62862.5 4 104 1)
(34870 -27303.6 50957.3 35 135 1)
(34871 115304 -125942 399 499 1)
(34874 14357.7 -46210.3 273 373 0)
(34875 98143.5 -18296.2 584 684 1)
(34882 11891.7 78398.6 192 292 0)
(34883 33311.1 123794 343 443 0)
(34886 122231 40808.9 101 201 3)
(34891 -120564 109512 558 658 1)
(34895 29796.7 121491 147 247 1)
(34904 -114578 -46577.6 111 211 0)
(34913 -80668.5 -24888.2 135 235 0)
(34919 60404.1 100874 156 256 0)
(34930 58713.7 86307.6 344 444 3)
(34937 -104226 19188.4 106 206 3)
(34942 67189.2 141885 459 559 3)
(34944 71244.8 65403.6 541 641 0)
(34945 45151.7 -148343 441 541 1)
(34946 86543.2 111963 310 410 3)
(34949 72760.9 118365 522 622 1)
(34950 65977.6 123635 306 406 -1)
(34963 -85371.5 -142120 369 469 0)
(34996 -2172.53 -63368.8 90 190 3)
