(17526 93819 40451.4 24 124 0)
(17528 91317 -78860.3 147 247 3)
(17535 -42624.2 -5181.94 559 659 1)
(17541 64085.7 3384.16 444 544 1)
(17544 115000 11018.9 126 226 0)
(17553 -1834.94 -86870.7 244 344 3)
(17562 -115009 -88321.8 170 270 1)
(17571 -64446.7 64587.7 62 162 0)
(17574 -18058.7 85425.7 454 554 0)
(17576 -13680.3 -8075.22 271 371 1)
(17577 44055.8 120340 211 311 1)
(17596 -99342.6 -113207 234 334 3)
(17599 -30929.9 -92199.8 308 408 1)
(17602 -12987.5 -69458.7 457 557 1)
(17613 6406.2 51958.3 272 372 1)
(17618 17850.7 77810.6 91 191 1)
(17622 95086.2 52205.8 414 514 1)
(17629 -24976.8 -71110.9 510 610 0)
(17630 -81212 136616 281 381 0)
(17637 31184.6 19589.1 571 671 0)
(17645 -14453.5 -88745.2 523 623 0)
(17646 -9792.43 -9642.03 5 105 0)
(17659 -32702.1 -29637.1 364 464 0)
(17662 -74340.7 -79496.6 58 158 0)
(17676 -3066.47 74639.7 313 413 1)
(17680 -37267 -141385 123 223 0)
(17681 78044.8 77916.9 296 396 0)
(17682 -118113 22816.8 45 145 0)
(17694 76665 -122320 443 543 3)
(17695 20779.1 -107694 293 393 1)
(17702 10541.7 88310.8 97 197 1)
(17714 120997 56606.2 352 452 0)
(17734 86697.3 -137601 360 460 1)
(17743 -31858.8 61482.2 270 370 0)
(17749 107644 -57696.6 357 457 3)
(17756 18375.1 77775.1 427 527 3)
(17763 -48421 -49638.2 465 565 0)
(17783 -81042.4 40145.1 139 239 1)
(17786 -2959.99 -128291 455 555 0)
(17791 65049.2 108015 404 504 1)
(17792 -85090.5 -13523.3 429 529 3)
(17804 -104551 -58158.1 181 281 2)
(17813 111758 122911 22 122 3)
(17817 -19974.2 -94966.1 126 226 0)
(17834 -75137.1 -119660 520 620 1)
(17840 -23207.3 -80989.9 256 356 1)
(17848 101233 11408.2 555 655 1)
(17849 89452.4 -81840.9 252 352 1)
(17860 -62714.4 -122933 42 142 1)
(17863 -63196.1 -54944.4 269 369 1)
(17867 -40717.2 46670.9 555 655 3)
(17871 47876.6 55297.1 402 502 3)
(17875 66537.4 7534.74 268 368 3)
(17880 26613.1 -82369.6 138 238 3)
(17881 -20187.8 -120053 104 204 3)
(17889 54697.8 -19943.1 262 362 1)
(17893 45352.2 73735.4 374 474 3)
(17900 57024.9 11845.7 366 466 3)
(17928 -115541 22058.4 538 638 0)
(17938 8410.95 -142407 501 601 0)
(17941 -93115.8 46866.6 371 471 3)
(17947 -106835 -110231 93 193 0)
(17961 -120655 -13211.1 399 499 1)
(17964 -13520.7 -137517 191 291 3)
(17965 82080.3 52995.1 241 341 0)
(17970 48170.3 -70797.1 438 538 0)
(17978 -37679.9 -61611.1 316 416 1)
(17981 -67130.9 -140456 213 313 3)
