(35001 97068 49466.3 279 379 0)
(35013 96136.2 19280.3 595 695 3)
(35018 27269.2 48394.7 628 728 2)
(35028 -73490.9 -11650.7 487 587 1)
(35029 -91944.3 -36066.3 391 491 3)
(35032 35915.9 -34946.2 385 485 3)
(35037 -60475.3 28451.5 335 435 1)
(35041 84126.5 87236.4 499 599 0)
(35042 1869.93 -84940.8 267 367 1)
(35046 -66815.3 -30223.3 380 480 1)
(35073 49777.3 8918.64 403 503 3)
(35076 -37933.4 -67410.1 181 281 0)
(35094 7304.28 112853 259 359 1)
(35097 65623.7 -48195.4 161 261 0)
(35099 44321.4 -45890.8 193 293 3)
(35102 -20876 -71512.3 190 290 3)
(35116 -117809 78748.6 159 259 1)
(35120 -113274 -90466.1 604 704 1)
(35126 67642.9 117446 139 239 1)
(35137 28636.2 -34965.5 18 118 1)
(35140 -41510.9 -125386 501 601 0)
(35143 -123021 -101922 247 347 0)
(35162 24133 -6209.03 604 704 1)
(35163 -63902.5 -20359.1 302 402 0)
(35173 18116.1 -35177.3 604 704 3)
(35202 -41031.9 -34438.4 282 382 3)
(35207 38527.1 -107854 478 578 1)
(35226 101681 -75585 279 379 0)
(35227 -63536.7 -30915.1 275 375 2)
(35230 -120370 -25511.9 105 205 0)
(35259 -111747 -96894.6 347 447 1)
(35263 -22980.3 -109727 448 548 3)
(35265 -94006.9 -78239.2 620 720 3)
(35268 -15476.4 -6196.55 312 412 1)
(35272 -84294.3 -108989 16 116 0)
(35280 -122771 117042 167 267 0)
(35284 110899 97939.4 104 204 1)
(35292 13673.2 -20299.4 587 687 1)
(35294 -115985 -72948 232 332 1)
(35295 -40204.9 -132019 240 340 3)
(35301 83420.3 -21535.3 102 202 0)
(35303 26633.9 -105414 390 490 3)
(35307 -71439.7 -34414.1 187 287 1)
(35312 121043 -10741.4 1 99 0)
(35327 73994.7 -77380 216 316 3)
(35334 65844.8 -80445.8 618 718 1)
(35347 -87736.5 114948 562 662 1)
(35354 -84092.9 92883 485 585 3)
(35357 116851 22943.7 587 687 3)
(35363 83660.2 84246.3 614 714 0)
(35365 -37371.5 146873 307 407 0)
(35374 15945 94609.3 111 211 3)
(35387 -5162.85 68307.1 358 458 0)
(35392 -61226.3 85971 517 617 3)
(35397 101941 -7119 100 200 1)
(35401 21427.7 -52088.4 501 601 1)
(35409 86065.7 100068 221 321 0)
(35412 88272.5 -93374 192 292 0)
(35415 -2304.27 -81990.8 86 186 1)
(35434 -119014 -106921 141 241 3)
(35458 -105980 7613.87 333 433 1)
(35473 24699.1 -67017.3 1 96 1)
(35482 95513.7 131031 468 568 3)
