(43503 -31626.5 117694 295 395 1)
(43504 -76746.2 -129276 95 195 0)
(43508 -119074 -57396.2 69 169 1)
(43509 -103.728 -37547.5 357 457 1)
(43510 -11402.9 -20843.2 78 178 3)
(43521 71080.2 -137919 231 331 0)
(43523 10616.3 114638 181 281 1)
(43528 -16148.1 81233 611 711 3)
(43540 32738.7 147593 48 148 2)
(43553 -4357.99 -148420 204 304 1)
(43561 -51994.9 60971.7 487 587 0)
(43597 -18149.3 -112030 320 420 1)
(43601 -43879.2 -47012.7 106 206 0)
(43602 28839.7 -88390.9 382 482 3)
(43611 93770.8 93282.3 82 182 1)
(43612 -95598.5 17329.2 590 690 1)
(43621 47523.5 93802.3 610 710 3)
(43624 44329.6 -64722 282 382 3)
(43625 108924 -64717.4 278 378 1)
(43646 -61831.7 -69383.5 388 488 0)
(43649 101556 -76565.7 516 616 3)
(43655 55004.2 -97359.1 439 539 1)
(43659 22626.1 2568.71 611 711 0)
(43662 22056.8 -104321 281 381 0)
(43664 -115956 -85909.2 428 528 0)
(43668 -22796.2 -102307 400 500 3)
(43673 -38392.2 -97871.9 444 544 1)
(43683 86582.5 83585.9 275 375 0)
(43689 63108.5 -118180 121 221 3)
(43693 -56364.6 -112963 150 250 0)
(43696 -2180.16 -18225.6 106 206 1)
(43708 -30000 4310.43 11 111 0)
(43716 -58534.5 -1619.99 6 106 0)
(43717 -33539.5 43016.5 26 126 1)
(43718 -13316.1 78209.9 609 709 0)
(43724 79232.1 107354 271 371 1)
(43727 5206.52 29177.8 157 257 1)
(43734 84353.7 16772.1 193 293 3)
(43738 113991 -28650.4 171 271 1)
(43748 55162.2 116136 1 95 1)
(43753 -4150.17 -119304 194 294 3)
(43760 -108150 -117979 120 220 3)
(43768 -96389.2 42526.1 191 291 3)
(43771 46473.4 28640 29 129 1)
(43775 -19648.3 -76926.5 341 441 0)
(43782 -11235 3533.36 572 672 0)
(43786 -83020.6 -134497 110 210 1)
(43798 -57837.2 -46031.5 31 131 3)
(43807 83304.3 -125323 409 509 0)
(43812 -85747.3 -149945 199 299 0)
(43824 -63788.3 -127347 311 411 3)
(43834 4983.36 132983 76 176 1)
(43835 -95654.1 76457.8 410 510 1)
(43839 14155.5 102219 372 472 3)
(43846 65988.9 118941 403 503 1)
(43859 -51896.6 -72598.6 596 696 3)
(43865 -86691.6 -71373.4 312 412 0)
(43866 59178.9 104293 618 718 0)
(43875 -115770 -132721 296 396 0)
(43877 118619 34220.9 486 586 1)
(43881 -94541.6 106672 261 361 0)
(43893 102388 125905 476 576 0)
(43901 17552 44943 236 336 2)
(43904 -85062.8 89948.4 230 330 1)
(43934 -82430.1 -2126.47 242 342 0)
(43942 109529 -68213.7 305 405 3)
(43960 -98138 -17270.1 380 480 1)
(43965 -109578 128159 566 666 0)
(43971 62495.4 63129.3 66 166 0)
(43977 89901 126811 114 214 1)
(43995 -93868 4475.68 147 247 1)
