(46004 92122.3 80165 448 548 1)
(46007 118151 -80594.9 205 305 1)
(46015 89619.1 42845.9 318 418 0)
(46030 65747.8 22910.8 226 326 3)
(46046 85134 91685.9 315 415 1)
(46057 -88728.8 -77119.9 401 501 0)
(46062 -2550.13 -91651.3 482 582 0)
(46070 -102318 -125132 155 255 3)
(46074 37895.8 141663 334 434 0)
(46085 -96241.7 -47234.5 561 661 1)
(46108 -92680.4 36636.3 333 433 1)
(46112 -88601.4 -67479.2 270 370 3)
(46122 -82851.4 2994.36 293 393 1)
(46125 -57660.4 124359 55 155 3)
(46133 -20119.1 33185.3 7 107 1)
(46136 7103 -73778.7 287 387 0)
(46147 28198.2 87818.9 265 365 1)
(46161 -15723.4 91696.1 588 688 3)
(46171 6475.29 -82593.4 193 293 1)
(46173 -114423 88559 9 109 3)
(46178 105220 -52780.3 188 288 0)
(46187 -56931.4 -88533 289 389 0)
(46197 -67104.1 -134931 25 125 1)
(46214 30353.6 70012.8 401 501 0)
(46216 32981.1 -121650 504 604 0)
(46223 58543.9 45216.1 308 408 1)
(46224 37807.4 -114308 590 690 0)
(46230 -27125.7 146429 430 530 0)
(46231 -48831.7 141486 570 670 3)
(46245 73056.9 74979.9 97 197 3)
(46249 105379 -22400 532 632 1)
(46252 -27350.2 94073.4 626 726 1)
(46270 8504.31 -120096 131 231 3)
(46276 72645.3 -137596 482 582 1)
(46279 66043.4 56023 380 480 1)
(46301 78786.8 55965.5 374 474 1)
(46303 4802.67 -71322 518 618 1)
(46313 -62407.7 -68355.7 27 127 1)
(46323 111035 -88457 563 663 0)
(46332 19605.4 46892.6 504 604 1)
(46337 -111838 -88759.1 1 97 0)
(46338 -85128.6 -95219.3 31 131 1)
(46339 -98511.2 -93668.1 185 285 1)
(46341 -114082 27377.1 325 425 3)
(46362 121789 -8776.35 250 350 1)
(46363 100955 -44386.1 220 320 0)
(46383 44702.8 -14095.7 107 207 0)
(46393 -10276.6 -48231.3 512 612 0)
(46406 -42345.8 30023.7 498 598 0)
(46416 76910 -26778.5 291 391 0)
(46429 -43173.7 78618.2 44 144 1)
(46443 -85980.4 -134547 426 526 0)
(46444 30541.6 94101 26 126 3)
(46449 -10969.5 -7305.91 425 525 3)
(46454 74355.9 137662 491 591 1)
(46458 -111353 79339.5 228 328 3)
(46460 44798.1 117827 38 138 3)
(46462 262.093 139381 180 280 1)
(46467 30517 1097.47 37 137 3)
(46479 -100843 127777 171 271 1)
(46480 -113779 33034.6 82 182 3)
(46499 16549.2 -2561.59 539 639 0)
