(28502 66856.1 -25252.8 478 578 0)
(28511 58195.4 -126994 276 376 3)
(28515 23068.7 -18922.8 98 198 1)
(28520 118766 -142521 1 101 1)
(28523 102137 122986 534 634 0)
(28525 56426.4 -113303 228 328 0)
(28527 54161 -90317.8 566 666 1)
(28528 -111934 -6349.5 62 162 0)
(28540 -48145.7 118943 458 558 2)
(28549 58323.1 -110961 508 608 0)
(28562 103670 -59713 605 705 1)
(28576 61386 137429 51 151 0)
(28592 63162.2 -7079.34 370 470 0)
(28604 98974.5 56209.6 5 105 1)
(28608 91944.7 112823 273 373 0)
(28617 -73961.9 -144096 412 512 3)
(28622 -53448.2 -105696 98 198 0)
(28624 -58278.5 -72045.8 245 345 0)
(28633 56056.3 67314.3 542 642 1)
(28635 45524.2 99768.4 263 363 1)
(28636 72688.1 41319.4 218 318 3)
(28656 122596 -80309.2 496 596 1)
(28667 11898.4 120696 579 679 1)
(28675 32458.3 67083.8 290 390 1)
(28677 -82581.5 -57413.9 413 513 3)
(28678 -42617.8 147347 465 565 0)
(28679 -1645.22 141424 537 637 1)
(28680 -112712 78043.7 234 334 1)
(28681 -112815 -52537.4 575 675 3)
(28705 36342.6 55850.3 16 116 2)
(28711 52570.2 35588.6 227 327 1)
(28713 -106043 -4169.72 480 580 0)
(28716 -73606.3 -122973 64 164 3)
(28727 36770.7 -126126 376 476 0)
(28728 -71452.6 -83006.1 572 672 1)
(28748 24523.4 146981 484 584 1)
(28749 -63856.2 -67770.4 172 272 0)
(28763 -112971 -134717 611 711 1)
(28779 6034.67 18343 52 152 3)
(28786 86500.1 90417 93 193 1)
(28789 99390.5 -106717 454 554 3)
(28793 110908 2674.29 487 587 0)
(28802 -102980 96764 371 471 0)
(28806 -44407.2 86420.3 527 627 1)
(28820 84669.1 -98527.6 626 726 0)
(28835 -124257 -954.318 445 545 0)
(28838 66939.9 56333.5 1 95 3)
(28848 34908.2 -42493.6 160 260 1)
(28857 -64061.1 -32858.9 465 565 1)
(28893 22310.9 64623.1 203 303 1)
(28897 24437.9 -132908 422 522 0)
(28901 37342.5 -12070.8 573 673 3)
(28911 24186.7 26132.1 139 239 0)
(28935 11256.5 -132600 475 575 1)
(28942 -14121.8 -69779.5 358 458 1)
(28944 46678.6 -9788.03 296 396 3)
(28951 118162 63434.2 239 339 1)
(28954 95210.3 7957.34 245 345 1)
(28960 -46810 -128209 40 140 3)
(28974 68136.5 56235.9 149 249 3)
(28976 -5750.7 44594.7 612 712 0)
(28993 -33921.2 -64799.3 290 390 0)
