(48502 109710 -127219 546 646 0)
(48503 40714.2 35646.3 153 253 0)
(48510 -24416.8 -142966 21 121 1)
(48518 48024.4 109033 127 227 3)
(48521 90764 -7658.83 305 405 0)
(48534 -116356 115546 287 387 0)
(48538 29349.7 131225 402 502 0)
(48545 -7692.9 -46564.7 436 536 1)
(48552 31966 107047 266 366 0)
(48561 69350.1 123712 575 675 1)
(48591 43253.2 66223.4 529 629 0)
(48600 101287 42706.2 378 478 3)
(48617 31654.9 52697.3 290 390 0)
(48623 100105 145587 101 201 0)
(48626 47226.1 -144617 104 204 0)
(48635 59968.5 -65539.5 571 671 3)
(48646 -33155.5 36255.6 39 139 3)
(48662 35824 -126997 510 610 1)
(48663 32875.1 4192.13 239 339 0)
(48666 -73122.2 -102527 489 589 0)
(48670 -39564 -43983.7 352 452 1)
(48676 -120387 41629.9 241 341 0)
(48685 -57578 -125959 205 305 1)
(48699 -12798.7 80196.6 64 164 1)
(48700 -87565.3 -106565 253 353 1)
(48703 57598.6 -8571.38 619 719 1)
(48707 -41485.4 -91392.3 255 355 0)
(48709 -30948.1 -90791.1 620 720 0)
(48719 -14323.4 -65669.6 49 149 0)
(48722 -54473.8 15784.2 310 410 0)
(48725 -80528.5 44476.7 290 390 0)
(48738 37723.1 7864.55 571 671 1)
(48765 26027.1 -140932 369 469 0)
(48772 -106926 -50456 335 435 3)
(48774 64978.4 148181 170 270 1)
(48779 52170.8 -29590.1 30 130 0)
(48811 114657 -27756.7 8 108 1)
(48855 102032 -76535.4 124 224 3)
(48861 -123658 39932.2 566 666 3)
(48879 47601.5 63796.7 444 544 3)
(48880 -46099.9 -118975 97 197 3)
(48885 87799.9 108067 446 546 0)
(48895 -84283.5 -10383.5 14 114 1)
(48924 -60801.7 -41308.7 90 190 3)
(48931 47561.1 -67069.1 364 464 3)
(48932 42042.3 -124252 462 562 3)
(48940 59527 18988.9 305 405 2)
(48970 -69019.5 -63965.2 591 691 3)
(48975 -92762.9 -80081.5 495 595 1)
(48986 49421.5 7628.37 66 166 0)
(48990 -38464 40507.8 198 298 0)
