(32534 52327 -116691 247 347 1)
(32538 -113423 -38692.9 251 351 1)
(32543 90200.1 19128.2 315 415 1)
(32551 113627 -83756.7 309 409 0)
(32559 9968.36 78499.5 8 108 0)
(32590 26437.7 -92426.4 542 642 0)
(32591 67183.7 -91683.9 455 555 3)
(32620 -81578.6 -19037.3 119 219 1)
(32623 -14581.5 -7896.86 365 465 1)
(32635 -75903.4 117004 142 242 1)
(32645 -6303.97 -94954.1 192 292 3)
(32652 -32447.6 111782 171 271 3)
(32665 -39180.7 -59342.3 514 614 1)
(32677 78263.7 -140432 386 486 1)
(32684 69906 -30740.3 326 426 0)
(32687 -62397.3 -81590.4 159 259 0)
(32696 -49750.8 -20571.4 590 690 3)
(32698 -122451 -144253 249 349 3)
(32710 11498.1 -19148.5 381 481 1)
(32727 -72823.8 -36889.9 506 606 0)
(32735 30225.9 -59461.9 258 358 1)
(32747 -36081.3 -122390 109 209 3)
(32757 -92098.6 -94009.2 294 394 0)
(32761 -97085.7 -49172.7 460 560 3)
(32774 102736 95891.6 470 570 1)
(32781 -53886 109174 428 528 1)
(32786 -99140.1 -64964.7 159 259 1)
(32793 -41113.7 -88250.6 550 650 1)
(32802 10635.3 -49271.6 527 627 -1)
(32816 -1450.08 -104905 116 216 3)
(32822 88514.9 -93400.9 346 446 3)
(32825 -49143.4 131703 416 516 3)
(32838 97236.4 107394 563 663 3)
(32842 30536.2 135052 190 290 0)
(32843 68915.6 -92985.4 493 593 1)
(32855 -92559.7 -32196.1 62 162 0)
(32856 34095.3 74860.4 486 586 1)
(32868 -27062.5 -27920.8 526 626 0)
(32871 62993.9 14317.7 521 621 1)
(32877 53040.4 6199.2 618 718 1)
(32879 -99294.1 -57719.2 478 578 3)
(32899 8432.34 -142314 573 673 0)
(32903 -21275.5 -122014 75 175 1)
(32909 77713 72882.7 120 220 0)
(32914 22115 24421.2 524 624 1)
(32916 76613.9 -36634.2 228 328 1)
(32922 68111.8 -137069 536 636 3)
(32926 38501.4 -16528.6 296 396 3)
(32927 -78584.8 26326.2 400 500 1)
(32932 70414.2 84709.2 393 493 1)
(32937 62971.1 -50070.8 30 130 3)
(32950 59761.8 -109879 418 518 3)
(32951 27176 20218.5 377 477 0)
(32953 -99560.9 -75698.3 508 608 0)
(32970 87896.4 -106802 587 687 3)
(32985 -26315.8 95660.7 287 387 0)
(32990 -29868.5 54374.6 170 270 3)
