(33501 -57346.3 29678.6 116 216 0)
(33507 -72394.3 -64784.1 486 586 3)
(33510 -46295.5 31754.1 610 710 0)
(33517 -32747 -48390.2 264 364 1)
(33520 -110285 -9998.93 468 568 0)
(33524 48219.3 22500.2 177 277 3)
(33525 23752.1 -66216.4 54 154 0)
(33527 -34318.8 -111490 501 601 1)
(33566 -79276.1 90076.3 556 656 1)
(33569 -50846.8 103278 411 511 3)
(33577 -23384.4 -130490 562 662 1)
(33587 -63936.8 55772.9 552 652 1)
(33590 -89818.6 62128 281 381 0)
(33595 -13612.7 62111.9 374 474 3)
(33603 44365.4 14337.8 64 164 0)
(33614 75064.3 -53001.6 64 164 1)
(33617 100798 -49352.5 347 447 0)
(33620 -83791.1 55671.1 557 657 3)
(33623 -66030.4 -103937 221 321 1)
(33627 50249.4 -118409 187 287 0)
(33648 -115724 58559.5 579 679 0)
(33659 99142 -73388.5 88 188 0)
(33660 56565.4 46463.3 315 415 1)
(33663 90937.9 -98129.2 7 107 2)
(33669 -7773.32 -67528.3 596 696 1)
(33680 114792 -120778 93 193 1)
(33681 82367 22625.6 421 521 3)
(33687 108513 -78498.7 260 360 1)
(33688 42412.9 23995.3 217 317 0)
(33690 -107348 -97723.5 463 563 1)
(33696 -34258.7 -63196.9 120 220 3)
(33717 -68563.4 -87163.3 37 137 1)
(33727 7116.47 -108566 50 150 1)
(33735 9421.78 58221.9 349 449 0)
(33738 33254.4 7284.31 434 534 1)
(33740 64609.2 -86292.8 343 443 1)
(33741 87312.1 72886.3 300 400 0)
(33750 -70701.9 124023 578 678 1)
(33775 -53135.8 117030 101 201 0)
(33776 28937.7 2193 180 280 3)
(33779 -110982 -46031.9 428 528 1)
(33780 45194.5 -18642.3 495 595 0)
(33784 -106207 123517 353 453 0)
(33790 -38469.3 116571 243 343 2)
(33793 112496 57256.2 136 236 3)
(33816 -75805.9 121889 321 421 3)
(33818 -76533.8 -68584.5 433 533 1)
(33829 -32979 7175.89 145 245 0)
(33830 24198.3 5987.63 129 229 1)
(33837 -7790.88 97692.1 422 522 1)
(33839 77008.1 46541.1 213 313 0)
(33876 25307.3 8329.02 304 404 3)
(33878 -93855.4 -14165.5 565 665 3)
(33895 76269.2 -76593.3 589 689 1)
(33896 -22005.3 -108841 218 318 1)
(33906 5383.39 -139746 172 272 0)
(33907 31696.7 -53667.6 504 604 1)
(33909 51017.9 146194 226 326 0)
(33912 -101214 -61665.4 131 231 1)
(33940 -30868.4 63938.3 184 284 1)
(33943 -99036.6 70800.5 253 353 1)
(33951 93952.2 14455.1 316 416 3)
(33965 -56937.2 -138867 138 238 3)
(33991 37056.6 5303.92 1 96 0)
(33992 -35200 -27823 224 324 1)
(33994 -72033.8 23319.3 526 626 1)
(33999 -101189 125972 361 461 1)
