(36002 59540.3 -10449 75 175 0)
(36006 -100248 49979 219 319 1)
(36024 -21561.8 -9900.8 460 560 1)
(36026 -102250 2696.59 218 318 1)
(36031 113071 -72556.1 128 228 0)
(36049 -16341.9 147411 417 517 0)
(36053 -13232.2 -140902 78 178 0)
(36055 20833.5 20905.4 625 725 3)
(36056 -114706 129829 498 598 3)
(36076 14229.6 -24007 538 638 1)
(36082 -121617 9484.39 39 139 0)
(36086 -79465.2 114320 485 585 1)
(36093 59579.7 -117054 82 182 3)
(36101 -74251.3 46237.7 65 165 1)
(36109 80900.1 59962.6 529 629 1)
(36115 -106914 -35453.8 125 225 3)
(36118 98780.1 -26956 27 127 1)
(36121 -58898.3 -94216.3 444 544 0)
(36159 110080 142839 590 690 0)
(36213 -9236.95 -72890.6 369 469 1)
(36219 120795 41534.9 299 399 0)
(36235 48406.5 -135219 1 96 1)
(36246 -100163 -106307 266 366 1)
(36249 -117999 95908.9 90 190 1)
(36255 -3361.2 -125318 375 475 0)
(36262 8786.96 90670.8 37 137 1)
(36265 -87922.1 33883.8 508 608 1)
(36266 16992.3 -60265.2 624 724 1)
(36268 47028.9 61935.6 167 267 1)
(36271 111708 -143893 466 566 3)
(36279 -44115.5 -91779.4 486 586 0)
(36289 -120139 57664.3 429 529 3)
(36297 -30853.1 -9418.88 535 635 0)
(36304 -26430.3 9281.38 364 464 3)
(36313 116758 -20877 486 586 3)
(36318 56062.8 28153.3 354 454 0)
(36319 117562 -79510 299 399 1)
(36322 98329.9 -40547.1 129 229 1)
(36335 113023 46057.8 241 341 0)
(36379 -54624.8 -118320 83 183 1)
(36380 35373.1 -9719.26 358 458 3)
(36381 -6596.2 -143383 515 615 1)
(36386 -53440.4 -1949.23 76 176 3)
(36398 -42923.1 85531.4 528 628 3)
(36399 80612.4 130630 22 122 3)
(36407 82584 -85654.1 4 104 0)
(36408 -98886.9 -6151.09 450 550 3)
(36420 114331 52683.9 564 664 3)
(36428 38432.6 -18874.6 497 597 1)
(36438 50602.3 -10201.7 487 587 0)
(36441 91471.2 132475 398 498 3)
(36444 46682.5 -343.045 479 579 0)
(36469 98933.1 61338.2 573 673 0)
(36475 58003.5 132484 598 698 3)
(36480 37062 -25734.9 482 582 0)
(36482 113530 130648 228 328 1)
(36487 -31025.5 -18959.3 438 538 1)
