(9003 94413.8 43151.7 487 587 1)
(9018 51928 -64264.8 12 112 1)
(9019 123377 7123.07 196 296 3)
(9022 41986.9 -138549 523 623 0)
(9023 -54643.3 -138488 68 168 0)
(9041 16152 -48511.3 148 248 1)
(9043 42233.6 4815.83 417 517 2)
(9047 -53368.2 -111115 313 413 1)
(9060 44921.1 -127324 385 485 0)
(9075 -17853 -137829 443 543 0)
(9084 60766.8 95177 465 565 3)
(9090 54207.1 43039.5 52 152 0)
(9101 -59013.3 112189 421 521 0)
(9103 76358.2 4220.2 409 509 0)
(9118 -105469 72483.1 499 599 1)
(9123 -117242 -56027.1 527 627 3)
(9128 -14378.3 146465 468 568 0)
(9144 -59949.7 882.7 480 580 1)
(9148 -61119.7 132085 547 647 3)
(9156 -48531.6 -91420.3 479 579 1)
(9162 3577 22795.7 373 473 1)
(9163 -35084.4 -80055.7 449 549 1)
(9166 40076.7 119874 598 698 0)
(9171 -122716 130342 420 520 1)
(9174 -70259.9 127860 348 448 3)
(9185 -18463 -149215 605 705 1)
(9187 -92364.3 10938.2 567 667 3)
(9190 -68501 121531 410 510 1)
(9195 79992.3 -19365.5 450 550 1)
(9200 108530 -138353 272 372 1)
(9210 -113369 -113871 49 149 1)
(9216 16238.6 25898.6 483 583 1)
(9223 -13208.7 94986.6 419 519 3)
(9231 -55909.7 -47559.8 237 337 1)
(9237 -37446 -120963 48 148 3)
(9240 51834.1 -68347.9 48 148 0)
(9250 48874.9 -121487 254 354 0)
(9255 -41258.9 93098.3 261 361 1)
(9259 -123877 -122776 458 558 1)
(9265 -100710 -111924 78 178 1)
(9269 44464.3 102787 592 692 1)
(9274 -82634.2 54633 82 182 3)
(9276 69035.1 -15188.5 551 651 0)
(9280 111295 -48864.5 304 404 3)
(9300 -31234 14822 205 305 1)
(9318 22293.1 19072.6 255 355 3)
(9320 51160.7 141246 328 428 1)
(9321 -59710.1 1280.5 324 424 3)
(9327 -1531.22 -128040 73 173 0)
(9330 -72874.7 -73563.3 37 137 3)
(9344 91738.2 -67771 394 494 0)
(9352 85154.8 82728.1 550 650 3)
(9355 1769.87 -6171.62 474 574 1)
(9357 87485.5 49989.3 605 705 3)
(9374 -101460 -89779 297 397 0)
(9382 -73096 61658.8 353 453 3)
(9391 -47399.6 -96117.8 1 95 1)
(9398 -43779.3 94387.4 10 110 3)
(9401 72151.8 96960 616 716 1)
(9403 3160.19 -11717 479 579 0)
(9422 94046.4 -9291.86 17 117 0)
(9435 114726 37781.1 593 693 3)
(9461 -82667.9 -62293.8 572 672 0)
(9472 -15000.5 56551.4 596 696 1)
(9479 124830 5800.4 317 417 1)
(9486 35550.7 -72219.3 586 686 3)
(9488 -119848 -6399.67 494 594 1)
(9496 89707.6 14022.9 280 380 1)
(9497 -34446.7 2488.75 279 379 0)
