(41538 35401.1 66238.1 74 174 0)
(41539 50087.6 -29223.9 394 494 0)
(41544 -86689.7 85714.5 401 501 3)
(41551 -110836 3774.64 372 472 0)
(41559 -25003.1 -62335.9 1 99 3)
(41560 68941.4 -33297.9 447 547 1)
(41563 -123771 43769.1 558 658 1)
(41575 51128.3 35296.8 51 151 1)
(41582 117094 91830.2 151 251 0)
(41603 47670.5 -71655.6 167 267 1)
(41618 -83254.8 49481.6 342 442 1)
(41641 21993.5 -147689 58 158 0)
(41642 104589 114357 559 659 0)
(41660 -67611.6 -4725.66 154 254 1)
(41667 -97732.5 -90636 255 355 1)
(41677 70975.8 97851.4 403 503 3)
(41687 583.424 -139989 328 428 1)
(41699 -123727 -33687.5 127 227 0)
(41704 106250 -91516.4 385 485 3)
(41727 77005.6 10156 448 548 1)
(41731 103899 -68368.9 175 275 3)
(41761 5229.14 -32533.4 525 625 0)
(41762 -71189.5 141769 379 479 3)
(41767 -62278.2 -113882 117 217 0)
(41768 -44005.6 -37251 275 375 0)
(41782 -61034.3 102831 324 424 3)
(41786 -10216.7 -46431.3 5 105 0)
(41787 46125 -35727 183 283 0)
(41788 39028 141008 497 597 0)
(41806 -124692 -76695.6 302 402 3)
(41814 72281.8 -723.56 102 202 1)
(41819 3084.31 -22781.6 398 498 0)
(41820 109856 -139545 450 550 1)
(41825 15566.6 -106517 169 269 1)
(41837 -81186.1 -113519 99 199 3)
(41845 -59113.8 100301 347 447 3)
(41857 105257 51905.6 57 157 0)
(41861 -73888.6 67916.3 49 149 0)
(41862 60903.3 14461 106 206 3)
(41875 112617 -56186.5 239 339 0)
(41876 100768 -56590.3 544 644 1)
(41877 12073.2 31300.4 607 707 0)
(41882 4805.02 -32265.2 166 266 3)
(41917 4755.28 79531.2 459 559 1)
(41929 -75164.2 -2563.78 602 702 1)
(41931 -72921 -7277.7 532 632 0)
(41939 -8527.87 31475.3 150 250 3)
(41941 -45641.5 68760.1 200 300 1)
(41950 11453.7 -92624.2 564 664 0)
(41962 6022.78 -79030.4 541 641 3)
(41963 7499.17 -74367.9 231 331 0)
(41969 -119699 75434.7 2 102 0)
(41970 -38857.9 -2023.07 200 300 3)
(41975 -84441.7 37799.6 231 331 0)
(41997 19608.7 1739.32 414 514 3)
