(12502 5083.93 -128880 451 551 0)
(12503 99478.1 75088.6 623 723 0)
(12518 -83475.3 134273 435 535 0)
(12522 -110957 71048.2 25 125 0)
(12530 98201 50205 455 555 1)
(12536 -15808.6 70106.2 32 132 0)
(12538 38235.9 -55933.2 567 667 1)
(12543 41296.1 63138.9 76 176 0)
(12556 -82318.4 -127485 381 481 0)
(12559 9004.64 33979.8 101 201 0)
(12568 112168 -100356 337 437 0)
(12572 63231.1 -60720.2 599 699 0)
(12580 -30157.1 -29903.1 198 298 0)
(12590 19384.8 18603.5 623 723 1)
(12592 61761.9 -79481.2 291 391 3)
(12607 86445 -39194.8 242 342 1)
(12638 -117204 109740 84 184 0)
(12648 -84030.9 21319.1 195 295 0)
(12655 23597.1 -140446 205 305 1)
(12660 -4730.88 -129099 54 154 0)
(12685 -36869.5 60959.8 440 540 1)
(12688 86258.6 -114103 445 545 1)
(12695 18473.2 111699 99 199 1)
(12699 73841.9 78921.7 108 208 1)
(12714 -60707.3 -96171.2 425 525 0)
(12715 83203.1 -68474.2 424 524 3)
(12722 86338.4 111224 132 232 0)
(12726 -58718.9 73839.7 249 349 0)
(12731 57189.9 -81430.1 305 405 1)
(12744 49764 94606.1 228 328 1)
(12753 -81509.9 40193.3 5 105 1)
(12756 39681.5 -60451.5 100 200 3)
(12766 14940.4 100758 173 273 3)
(12774 -28604.6 -122775 221 321 3)
(12779 -57192.6 -116452 320 420 1)
(12789 -106697 -94562.5 294 394 0)
(12795 40048.2 -112731 581 681 3)
(12805 90277.7 136083 79 179 0)
(12807 -55558.2 -63813 395 495 0)
(12808 -88031.7 -40212.7 626 726 1)
(12830 -49285.7 -17930.8 28 128 3)
(12835 19773.6 -105620 394 494 3)
(12838 30434.2 93179.5 170 270 1)
(12842 -76710.7 -131902 236 336 0)
(12855 -63352 -94856.6 439 539 1)
(12862 65873.4 109537 300 400 1)
(12865 -105237 -55409.6 481 581 1)
(12872 51871.8 -29403.1 263 363 3)
(12874 40829.2 59977.4 581 681 2)
(12889 -104030 149625 399 499 3)
(12890 -1369.22 -10762.1 262 362 0)
(12892 -58030.5 92493 559 659 1)
(12898 -60804.3 47615.8 88 188 3)
(12902 446.895 100764 540 640 0)
(12908 -12112.7 147740 196 296 3)
(12912 -25308.2 148347 566 666 1)
(12921 -6002.94 35196.6 404 504 3)
(12923 -29460.6 -131086 525 625 0)
(12924 -2913.4 -22516.6 181 281 0)
(12925 -16354.3 59703.1 481 581 0)
(12930 -55709.5 -105185 596 696 0)
(12934 51060.4 2678.51 252 352 0)
(12935 -44724.6 -42861.5 1 96 0)
(12938 -31434.6 108374 65 165 0)
(12941 -11411 -100851 587 687 1)
(12942 -58412.5 -121495 511 611 2)
(12947 3714.89 35549.9 283 383 1)
(12960 467.083 -71827 512 612 3)
(12969 -37781 -19925.3 370 470 1)
(12978 -62299.8 79605.3 424 524 3)
