(1003 60560.5 -101979 403 503 0)
(1010 76668.7 144767 27 127 1)
(1020 69869.9 109862 170 270 1)
(1025 -53415 36562.6 556 656 1)
(1026 57780.7 73431.7 560 660 0)
(1027 -24394.6 9522.16 441 541 0)
(1030 -8692.83 -34493.4 594 694 3)
(1039 46020.2 -140042 155 255 0)
(1060 83599.3 -26567.4 1 97 3)
(1062 -60275.8 9637.41 80 180 0)
(1063 -47829.6 101487 271 371 0)
(1064 109312 -126007 559 659 1)
(1066 -70485.5 76469.8 59 159 3)
(1072 -102106 144076 94 194 3)
(1074 -2924.54 -149034 40 140 1)
(1087 -111503 -71631.7 217 317 0)
(1099 54169.7 131840 538 638 0)
(1108 -71529.3 -32500.4 390 490 1)
(1109 -21034.5 61879.3 302 402 0)
(1111 79250.5 115074 534 634 1)
(1114 12249.7 -62877.5 566 666 0)
(1121 -26510.5 -70264.9 539 639 1)
(1124 -88640.8 14651.1 508 608 3)
(1126 -26389.5 -12685.8 99 199 3)
(1129 -116479 -28012.5 380 480 0)
(1143 76451 125300 168 268 0)
(1148 -60382.4 -131064 146 246 1)
(1152 60675.3 -109636 119 219 1)
(1155 73965.9 7158.25 117 217 0)
(1159 -84270.7 116283 242 342 1)
(1160 37966.1 116080 338 438 0)
(1179 -112415 -36021.8 207 307 1)
(1180 -5170.46 63407.5 46 146 0)
(1192 -101273 -63122.6 348 448 0)
(1198 -87864.4 -124461 194 294 1)
(1211 14928.7 52661.4 14 114 3)
(1213 90556.6 70524.7 435 535 3)
(1230 33114.3 -5087.53 179 279 2)
(1231 64582.6 18280.8 403 503 2)
(1235 -121699 -140708 340 440 1)
(1240 113923 4449.74 391 491 1)
(1276 31371.8 -118916 2 102 1)
(1283 7087.55 4125 508 608 3)
(1291 -736.778 106048 411 511 3)
(1302 27039.3 -124680 533 633 0)
(1307 -24699.1 -52194.5 512 612 1)
(1310 50976.8 79575.7 208 308 1)
(1324 75140.2 146789 215 315 1)
(1354 108748 -78760.4 202 302 1)
(1359 15358.8 -748.939 497 597 1)
(1374 -108223 -120571 324 424 1)
(1382 -51005.9 -99320.6 182 282 0)
(1392 -8511.2 5192.67 64 164 1)
(1397 -75294.3 -42004.1 492 592 1)
(1400 -60639.6 -94335.9 74 174 0)
(1406 67628.9 111582 68 168 1)
(1410 -60286.8 10841.2 138 238 0)
(1415 -61421 -41589.8 425 525 1)
(1423 -73199.9 -57496.7 368 468 1)
(1435 482.261 -87636.1 502 602 3)
(1440 -85964.4 -82640.8 462 562 1)
(1443 3198.73 -11691.4 123 223 0)
(1445 112779 -25854.1 94 194 2)
(1453 2557.93 -60710.9 384 484 0)
(1467 -93065.2 54928.3 551 651 0)
(1472 -117686 -39528.5 64 164 1)
(1473 48716.5 -85738.5 29 129 1)
(1474 17294.3 41745.4 627 727 1)
(1475 95641.1 -44627.2 28 128 3)
(1482 120434 773.045 398 498 0)
(1489 64585.9 143215 160 260 3)
(1490 111683 29548 122 222 1)
