(3012 36028.1 -36105.1 598 698 0)
(3014 85774.8 -139066 390 490 0)
(3019 25793.8 55989.5 30 130 3)
(3027 49931.8 -42042.7 37 137 0)
(3028 37727.4 39365.9 501 601 1)
(3039 -80205 -42062.6 176 276 0)
(3045 23802.3 73913.3 66 166 3)
(3053 -64484.9 51.9774 617 717 1)
(3054 114738 71400.3 220 320 1)
(3067 52962.5 -130015 120 220 1)
(3068 35275 -2454.07 371 471 1)
(3073 -103563 -148296 605 705 0)
(3115 90943.5 143503 402 502 0)
(3129 -91663.5 99492.8 262 362 0)
(3132 116465 144353 525 625 3)
(3146 -114672 107395 154 254 3)
(3148 -10125.1 29569.8 473 573 0)
(3167 121987 92299.6 42 142 0)
(3168 -15724 -105412 392 492 1)
(3171 49406.2 81932.9 166 266 0)
(3188 54585.8 47971.6 370 470 1)
(3203 -22917 81045.9 33 133 2)
(3206 6348.66 5689.15 15 115 3)
(3219 46303.5 53080.1 206 306 0)
(3221 38115.1 -17968.8 564 664 0)
(3222 89860.4 -12674.9 163 263 3)
(3237 64903.3 -20882.1 513 613 0)
(3247 46604.9 -47376.2 121 221 1)
(3254 80573.5 -5766.83 237 337 1)
(3258 -94791.9 -61973.2 468 568 3)
(3304 -17743.9 476.378 237 337 3)
(3311 13536.7 33795.3 368 468 0)
(3319 -27782.4 70450 406 506 0)
(3321 -30168.1 42843.6 555 655 3)
(3323 -31313 72574.3 1 97 3)
(3326 65005.6 96602.8 46 146 3)
(3327 -121093 -6551.21 47 147 3)
(3340 37663.4 -85046.3 81 181 3)
(3346 11643.6 -116736 571 671 0)
(3355 -18149.2 -26558 135 235 0)
(3356 -1241.93 119241 189 289 1)
(3361 109415 -16125 248 348 1)
(3364 -58907.8 103217 352 452 2)
(3367 -79869.6 -115337 88 188 0)
(3371 4144.42 95669.5 405 505 1)
(3374 -10109.2 94439.4 244 344 1)
(3376 118405 -110217 608 708 3)
(3381 76768.9 -122330 459 559 0)
(3394 -62780.3 -36997 270 370 1)
(3395 56782.4 147504 114 214 3)
(3413 -100864 130600 85 185 0)
(3415 -88225.6 51293.4 232 332 1)
(3427 -61119.5 -23264.7 371 471 3)
(3430 -102948 -45709.6 460 560 0)
(3437 -38787.7 28139.6 441 541 3)
(3448 -118616 -32004.9 516 616 0)
(3456 -27342 115738 590 690 0)
(3457 -17351.5 -85945.2 584 684 3)
(3475 19394.8 101703 356 456 3)
(3478 109794 -83260.5 169 269 0)
(3487 -853.774 -66679.2 189 289 3)
(3488 -16205.9 30845.9 462 562 0)
(3497 92765 -84049.2 479 579 0)
