(21502 -25374.7 -84101.7 47 147 -1)
(21509 33716.4 146405 613 713 3)
(21518 -63292.6 72980.4 31 131 0)
(21521 -105425 146817 46 146 0)
(21526 25304.9 44842.4 268 368 0)
(21527 -69533.8 -41161.8 245 345 0)
(21529 -9600.69 -14419.7 361 461 1)
(21543 -90672.5 -80495.4 205 305 0)
(21547 -14828.8 124905 190 290 1)
(21549 13741.1 -52112.7 216 316 0)
(21554 -88949.9 -88928.2 165 265 0)
(21556 -102352 -20190.4 612 712 0)
(21558 76079.5 -127735 451 551 0)
(21566 -61140.7 -121407 49 149 3)
(21572 -96287.9 69050.1 222 322 1)
(21574 39167.7 -59232.8 2 102 0)
(21589 75457.9 -8692.5 438 538 1)
(21607 39641.8 -120084 99 199 1)
(21615 92213.2 116968 338 438 0)
(21618 73963.9 -19762.5 254 354 1)
(21622 -124170 -51352.3 611 711 3)
(21623 40273.7 143394 45 145 1)
(21642 -65481.2 -40197.6 584 684 0)
(21648 18886.9 104987 515 615 0)
(21649 23099 137575 186 286 0)
(21650 -58291.8 110171 88 188 1)
(21662 51119.9 -42043.3 623 723 0)
(21665 -120553 -34180.6 499 599 0)
(21670 79183.6 113709 75 175 1)
(21680 -46625.4 -38546.2 238 338 2)
(21681 19722.5 -117140 454 554 2)
(21691 43403.3 -100981 218 318 0)
(21709 4001.6 -10922.8 588 688 1)
(21710 -10185.3 24917.9 350 450 0)
(21743 -35247.9 103403 256 356 0)
(21755 -116474 -2327.02 47 147 0)
(21763 -31027.1 -106126 426 526 1)
(21768 -38494 129165 321 421 0)
(21777 27110 56491.1 298 398 0)
(21780 89452.8 60613.3 442 542 1)
(21787 119044 -37587.3 439 539 3)
(21806 8003.48 124834 412 512 3)
(21811 -51043.1 -29600.3 219 319 0)
(21818 -83777.4 35893.5 420 520 0)
(21829 -64723.9 79366.6 360 460 3)
(21832 10310.6 -1812.58 435 535 0)
(21857 -99995.7 -94859.6 483 583 3)
(21863 76267.1 -105266 591 691 3)
(21868 49556.9 53643.7 216 316 3)
(21872 -86684.5 -113372 243 343 0)
(21878 -71573.4 23883.9 88 188 3)
(21880 4393.96 52225.6 578 678 0)
(21884 76504.1 -100348 592 692 0)
(21914 -1906.96 -12991.3 302 402 0)
(21938 43892.7 -74531.6 150 250 0)
(21945 -38631.3 61622.5 240 340 1)
(21946 -62034.7 -10200.9 234 334 1)
(21974 93157.5 120733 371 471 2)
