(11505 -74205.7 -131866 363 463 -1)
(11512 38019.5 -68680.7 139 239 1)
(11524 -3650.65 -27313.9 474 574 3)
(11526 15202.7 132406 261 361 1)
(11527 -64318 -43588.3 402 502 0)
(11535 -106938 -77359.3 57 157 1)
(11544 33190.8 5178.42 516 616 0)
(11546 -49055.5 131493 1 96 0)
(11547 -74069.5 57409.9 173 273 1)
(11552 95520 140603 212 312 1)
(11554 41931.7 -119016 440 540 0)
(11566 -53967.8 -30514.2 300 400 0)
(11574 -93785.5 -2737.12 177 277 1)
(11582 91961.8 -9142.87 620 720 0)
(11583 47465.3 -141817 341 441 0)
(11584 -18742.7 -77637.4 41 141 0)
(11593 34185.9 -45372.5 220 320 3)
(11598 123635 87365.2 85 185 1)
(11603 109981 -112135 445 545 1)
(11606 21182.7 -32212.2 207 307 1)
(11616 -9859.42 30253.3 265 365 1)
(11626 100464 72771.2 364 464 3)
(11640 62909.3 -74347.6 517 617 0)
(11654 -13532.6 -30303.5 577 677 0)
(11656 62949.2 -50126.7 206 306 3)
(11658 109848 -126242 359 459 1)
(11667 51986.9 -120078 328 428 -1)
(11684 74368.7 -126937 589 689 1)
(11696 4483.11 9225.17 333 433 3)
(11703 104768 -137832 1 98 0)
(11706 -62189.7 103707 154 254 2)
(11718 -9896.12 94528 185 285 3)
(11721 43703.9 106567 394 494 0)
(11723 -25405.1 105171 523 623 -1)
(11724 -105100 -117433 18 118 3)
(11726 97447.6 -101354 584 684 1)
(11728 112515 -48062.1 323 423 2)
(11733 -1854.91 62030.3 608 708 1)
(11743 47148.9 73519.6 283 383 3)
(11759 -69809.6 -72682.5 328 428 3)
(11762 18351.3 23398.4 479 579 1)
(11768 -30124.7 -140144 50 150 0)
(11769 -57599.3 -53465.2 532 632 1)
(11771 86469.5 85548.2 573 673 0)
(11774 76115.4 46085.5 623 723 1)
(11785 48330.5 68061.3 101 201 0)
(11795 111457 -45852.3 467 567 1)
(11798 -43497.2 140067 281 381 0)
(11810 -21370.2 -62090.6 246 346 0)
(11811 16026.3 54669.6 87 187 0)
(11813 -28727.8 -15250.9 532 632 3)
(11814 -95270.3 29448.3 98 198 1)
(11816 -27814.2 -128295 310 410 3)
(11822 -122760 -73275.6 260 360 0)
(11831 -119489 91925.4 367 467 3)
(11835 -48791.6 -28883.1 33 133 3)
(11842 103085 -91883.2 274 374 0)
(11846 113912 -112970 514 614 0)
(11853 -27897 -132027 48 148 1)
(11863 -116618 -25224.8 454 554 0)
(11875 56248.4 117054 535 635 0)
(11904 49336.7 -39927.6 592 692 3)
(11918 65389.8 -38676.9 456 556 1)
(11923 -98113.9 82322.5 556 656 0)
(11926 -39031.6 -13261.6 19 119 0)
(11931 -7011.4 116623 592 692 0)
(11937 116721 -139645 194 294 1)
(11943 -80866.5 59005.7 167 267 1)
(11953 118233 -139760 92 192 0)
(11958 43728.3 -32100.7 624 724 0)
(11961 21902.4 -74799.8 309 409 3)
(11980 32342.4 103627 213 313 1)
(11985 15960.3 -93996 267 367 0)
(11987 -118157 -57952.4 47 147 0)
(11989 -29825.4 28565.3 453 553 3)
