(47513 -6174.92 -81389.9 208 308 1)
(47525 -27047.6 1505.65 267 367 3)
(47526 16046.7 16546 398 498 1)
(47531 60542.9 69339.1 377 477 1)
(47535 115676 43585.4 595 695 3)
(47543 94138.3 -140197 69 169 1)
(47544 96794.2 -106411 220 320 3)
(47547 -4333.78 107841 32 132 3)
(47553 31089.9 -37682.8 473 573 0)
(47561 15803.6 -12046.2 619 719 1)
(47562 27552.5 49756.2 441 541 1)
(47571 29840.9 145304 477 577 2)
(47576 -93175.7 59878.5 568 668 1)
(47590 39142.3 -107252 1 96 3)
(47602 23306.7 -69995.3 6 106 3)
(47617 -26380.8 46396.7 347 447 0)
(47631 -11707.4 138600 218 318 1)
(47636 18425.5 -144549 140 240 1)
(47638 35793.1 60345.4 114 214 0)
(47648 -56078.1 -83638.3 227 327 1)
(47649 47932.2 -52610.9 186 286 3)
(47653 122027 51769.2 86 186 0)
(47654 -124970 135760 521 621 0)
(47658 -50382.2 25730.5 559 659 3)
(47664 -22776 -16389.8 413 513 3)
(47672 26993.2 -101284 207 307 0)
(47673 109320 -48698.1 447 547 3)
(47674 42007.6 9530.31 230 330 1)
(47682 82221.7 -73543.7 153 253 0)
(47686 108062 -128777 575 675 3)
(47694 -107820 -66532.5 322 422 2)
(47704 -10509.1 66288.3 502 602 3)
(47717 66931.4 -114585 467 567 3)
(47724 -53682.4 94469.2 381 481 0)
(47729 -47453.5 85289.8 134 234 1)
(47735 10529.1 78720.1 124 224 1)
(47736 -33816.5 -122547 400 500 3)
(47737 -124751 -109693 72 172 3)
(47747 -86008.2 -85915.2 488 588 1)
(47765 -114830 -34008 209 309 0)
(47768 45517.1 -65027.8 524 624 0)
(47775 37757.5 100128 48 148 0)
(47779 -65946.2 -41864.4 143 243 0)
(47790 7214.15 93171 415 515 0)
(47794 31249.5 -18161.7 371 471 0)
(47813 -108650 36142.3 460 560 1)
(47819 -117600 -37526.7 180 280 0)
(47825 25487.1 -130166 388 488 0)
(47828 53249.9 -71949.6 78 178 0)
(47885 -1823.14 -87430.3 437 537 1)
(47887 44478.2 -89547.4 306 406 1)
(47889 83068.1 36910.4 487 587 0)
(47891 75407.7 68207.2 466 566 0)
(47916 15529.3 -97289.3 132 232 1)
(47934 86744.6 72151.1 526 626 1)
(47936 47538.7 -102153 437 537 1)
(47955 -83512.1 13875.1 501 601 3)
(47957 81512.4 11264.1 318 418 3)
(47972 22075.9 -100850 452 552 2)
(47980 -111151 60716.3 69 169 0)
(47987 5781.39 -98026.9 230 330 0)
(47988 95831.5 -88051.9 191 291 0)
