(13001 83144.3 1084.11 305 405 1)
(13006 45991 146235 5 105 2)
(13016 52459.8 -37233 230 330 1)
(13020 63780.6 107279 369 469 0)
(13021 1579.44 56327.2 75 175 0)
(13027 -122206 91787.8 64 164 1)
(13042 45810.1 -147117 72 172 1)
(13048 -121433 -52111.7 134 234 0)
(13051 35574.6 68584.7 204 304 1)
(13063 -63536.4 -62057.3 249 349 3)
(13065 58171.6 5673.05 9 109 3)
(13078 3169.28 -11694.9 162 262 0)
(13081 66682.7 -27503.8 410 510 0)
(13090 -98065.2 109568 379 479 1)
(13104 108309 -37357.7 269 369 3)
(13111 69419.3 -94261.7 231 331 0)
(13116 -73227.8 -103343 526 626 1)
(13130 -98375.2 16852.4 223 323 0)
(13158 6369.71 -52824 198 298 3)
(13160 67173.6 19192.9 446 546 1)
(13162 76253.9 -47858.8 426 526 1)
(13186 -46788.7 58561.4 509 609 3)
(13188 -11522.6 -124243 201 301 1)
(13192 -87929.6 53816.4 557 657 3)
(13198 26151.9 -10882.9 605 705 3)
(13209 -68022.7 22109.3 99 199 1)
(13215 52807.7 -70564 292 392 1)
(13224 -78496.1 10741.4 174 274 0)
(13235 45134.5 -21461.6 288 388 1)
(13240 -45952 55022.6 467 567 0)
(13247 28943.8 -95851.8 372 472 1)
(13265 120624 40516.1 288 388 3)
(13276 110858 127030 583 683 1)
(13286 48375.5 74006.4 422 522 1)
(13289 -25116.1 -39719.4 575 675 1)
(13297 -117345 94914.5 315 415 1)
(13305 -35163 -14848.4 393 493 0)
(13306 41224.3 -26261.2 49 149 0)
(13334 -57265.7 143879 387 487 3)
(13342 108129 -142559 522 622 3)
(13350 -71484.9 -71294 288 388 0)
(13366 30581.2 46478.7 531 631 0)
(13373 83587.2 -143936 418 518 3)
(13374 -27716.5 28293.6 565 665 3)
(13379 -73215 -96343.5 555 655 1)
(13385 97288.5 138799 38 138 3)
(13390 7650.89 97321.7 581 681 3)
(13407 -82590.1 -51967.4 320 420 0)
(13411 -100832 35823.1 599 699 0)
(13421 -113654 -145355 380 480 0)
(13426 -111397 -129784 221 321 3)
(13455 52741.3 -144824 583 683 0)
(13457 35299.7 -86422.4 544 644 0)
(13459 -2712.63 -108342 357 457 0)
(13463 101882 -74464.1 362 462 3)
(13476 95207.7 132427 135 235 0)
(13479 91365.1 69926 435 535 2)
(13498 85933.2 38414.4 457 557 0)
