(37506 -12355 -74002.8 620 720 1)
(37507 -109112 -36277.2 105 205 0)
(37529 17359.1 60623.9 549 649 0)
(37531 45236.6 28353.2 517 617 0)
(37533 67152.6 73930 621 721 3)
(37535 -43144.6 -4905.1 383 483 0)
(37542 -114861 106982 503 603 0)
(37544 -24684.6 143603 148 248 1)
(37548 93764.5 135333 193 293 0)
(37550 -94200.1 -112456 411 511 0)
(37557 43094.7 -91916.5 119 219 1)
(37562 72645.2 -115644 3 103 1)
(37572 -76121.2 75353.3 569 669 0)
(37576 -86910.7 -147245 356 456 1)
(37577 -62423.9 101633 211 311 1)
(37583 97159 62983 596 696 0)
(37602 107057 -148978 152 252 3)
(37609 5474.72 -45212.4 270 370 1)
(37613 54313.1 -57397.6 246 346 0)
(37622 -103330 -56321 509 609 1)
(37625 -54416.9 60515.2 608 708 0)
(37626 114165 147280 582 682 3)
(37632 14939.4 6014.53 123 223 0)
(37641 88180.8 -137613 585 685 3)
(37644 65936.6 -139517 530 630 0)
(37646 -108750 -114671 169 269 0)
(37652 -45496.8 9134.9 81 181 0)
(37663 -74050.5 106120 446 546 0)
(37669 -23849.5 16764.8 479 579 3)
(37682 -42102.5 -135561 10 110 1)
(37689 -23670.4 42615 504 604 1)
(37693 -114426 -106879 514 614 2)
(37698 -34585.7 -10432.7 554 654 1)
(37699 -95099.2 -46232.2 352 452 1)
(37717 -840.028 24496.2 409 509 3)
(37748 77182.6 -117253 516 616 1)
(37749 -15977.3 70362.3 366 466 0)
(37750 80168.6 -55483.7 359 459 1)
(37752 116202 -32979.8 434 534 0)
(37760 46227.7 -18910.1 110 210 0)
(37791 6299.1 -66223.6 382 482 0)
(37804 -16572.1 26843.5 332 432 3)
(37809 -90116.1 117267 489 589 1)
(37814 -51070.9 -87644.2 549 649 1)
(37825 -60097.8 87228 469 569 1)
(37826 31982 43346.8 532 632 0)
(37830 32993.9 62920.1 81 181 0)
(37832 32628.6 126360 282 382 0)
(37836 46885.8 45538.6 270 370 1)
(37837 -3741.39 43719.2 208 308 0)
(37842 -26064.9 -99268 84 184 1)
(37862 13018.4 63664.1 210 310 1)
(37867 -62819.1 56218 235 335 0)
(37879 5793.62 54965.6 499 599 0)
(37880 -4477.57 31074.1 155 255 3)
(37881 -71668.4 121374 29 129 1)
(37895 64628.7 122073 490 590 3)
(37900 -8667.6 -60711.3 1 93 3)
(37902 19449.6 98884.8 141 241 1)
(37910 -88713.1 -67680.7 51 151 3)
(37922 -115616 103446 297 397 1)
(37924 94460.2 56186 12 112 1)
(37947 -11360.2 -55581.1 138 238 0)
(37952 -77843.5 138423 563 663 1)
(37957 -35454.2 102591 257 357 1)
(37961 44821 33486 256 356 0)
(37963 -99789.2 -137637 466 566 1)
(37973 -27766.2 -106250 73 173 0)
(37975 1206.02 -22895.5 585 685 1)
(37984 91573.6 -58667 625 725 0)
(37994 -16838.1 100917 10 110 2)
(37998 45343 -28370.6 117 217 1)
