(44002 53603.1 -116080 388 488 1)
(44015 -40303.3 54141.4 318 418 1)
(44036 -106257 -127591 528 628 1)
(44037 -4597.56 48686.6 561 661 0)
(44063 64576.8 101291 7 107 1)
(44069 -74642.5 -130236 546 646 0)
(44073 80304.9 -25966.9 153 253 1)
(44080 -84814.8 54367.5 626 726 1)
(44086 32334.6 103661 141 241 1)
(44087 86053.8 103782 202 302 3)
(44088 16558.2 83045.7 82 182 0)
(44089 -54393.6 48424.7 491 591 1)
(44090 -22283.9 40732.5 461 561 3)
(44100 11732.5 -103409 129 229 0)
(44116 102011 31629.6 375 475 0)
(44117 77695.8 -33555 460 560 1)
(44118 -31425.7 -111407 29 129 0)
(44119 82533.4 62380.4 554 654 3)
(44132 37586.7 56402 247 347 1)
(44140 -35547.9 70585.2 180 280 3)
(44148 -93424.8 67400.4 69 169 0)
(44150 -116744 109743 344 444 3)
(44154 -101479 -108487 1 100 3)
(44159 -55473.3 50603.4 259 359 0)
(44161 57258.3 41534.1 372 472 1)
(44169 -2935.88 141740 248 348 1)
(44179 -105062 13139.2 610 710 0)
(44189 -54792 35398.6 544 644 3)
(44190 50688.4 65594.1 296 396 3)
(44198 111084 -40241.3 143 243 3)
(44206 -51553.5 148560 237 337 0)
(44214 -105018 96612.7 86 186 1)
(44218 -121833 32025.7 489 589 1)
(44220 56154.4 -19909 584 684 0)
(44231 71236 149988 14 114 0)
(44234 31838.4 -53318.3 111 211 3)
(44246 27053.9 -68115.3 557 657 0)
(44253 -3882.62 -82983.2 191 291 1)
(44254 68412.5 136295 134 234 0)
(44255 -68916 -130596 308 408 0)
(44263 37893.3 -4054.16 412 512 3)
(44266 -11307.9 -1618.77 52 152 1)
(44267 -16662.5 -75208 421 521 1)
(44270 69652.3 -135066 562 662 1)
(44278 30215.8 91686.6 231 331 0)
(44282 -2461.9 27449 209 309 0)
(44287 84078.5 -18637.6 252 352 1)
(44289 -2291.85 -93473.5 57 157 0)
(44290 105658 -70429.6 232 332 1)
(44300 -21777.6 -92426.6 403 503 1)
(44307 -59111 -48385.8 221 321 0)
(44315 -76071.6 -52915.3 74 174 0)
(44317 83200.7 -124555 450 550 1)
(44324 23368.3 -98683.8 548 648 0)
(44326 28332.1 104289 463 563 0)
(44333 -115800 -32137.3 362 462 0)
(44344 24208.3 6007.41 308 408 1)
(44346 -97309.7 -65116.4 605 705 0)
(44350 117295 -43598.6 214 314 0)
(44355 -117044 -87652 570 670 3)
(44361 -54484.5 -46585.4 376 476 3)
(44372 -60818.7 -125317 344 444 0)
(44373 79321 88019.3 260 360 3)
(44376 -95177.5 -91160.4 249 349 1)
(44381 103488 -42131.4 587 687 1)
(44391 -70663 72421 336 436 1)
(44406 -59401.4 8559.66 39 139 0)
(44409 87521.6 84105.9 190 290 0)
(44413 14948.5 57719.3 242 342 0)
(44424 64413.4 -84083.4 102 202 3)
(44427 -37855.5 -132482 414 514 1)
(44445 108843 51792.7 339 439 1)
(44448 -16084.4 101965 488 588 3)
(44453 -100504 -117983 616 716 1)
(44478 -18246 92078.1 495 595 2)
(44488 -86077 -104620 554 654 1)
(44495 4012.66 63933 16 116 1)
(44496 -21374.1 118130 150 250 0)
(44497 79477.3 -114422 25 125 0)
