(38003 6408.13 -124528 386 486 1)
(38021 -118728 90263.7 490 590 1)
(38023 104217 -14891.4 49 149 0)
(38033 -117939 -48001.7 96 196 1)
(38040 57542.8 -93375 262 362 2)
(38057 -30281.8 -96098.3 208 308 0)
(38060 -110605 -129203 254 354 0)
(38066 22825.9 101724 383 483 1)
(38072 63603.8 5118.2 583 683 1)
(38076 -11408.5 -104673 298 398 3)
(38080 36246.4 -119176 562 662 3)
(38089 572.851 47676.3 480 580 3)
(38091 -102623 113239 127 227 3)
(38092 59754.4 -59849.1 410 510 0)
(38095 57434 -149436 332 432 0)
(38097 -44440 -10650 304 404 1)
(38102 -85097.8 45387.6 557 657 3)
(38106 -86250 -73558.3 219 319 1)
(38107 52395.8 -148789 417 517 0)
(38135 -76851.1 -50582.7 507 607 0)
(38140 -92774.5 76291.4 593 693 3)
(38141 6714.71 -140171 234 334 1)
(38144 3474.67 55312 346 446 1)
(38153 24774.6 -10463.3 166 266 0)
(38171 -52506.5 -6376.04 316 416 1)
(38188 22086.6 79859.9 138 238 1)
(38189 -42410.6 -51627.8 531 631 1)
(38203 -20777.3 65605.7 521 621 3)
(38217 -69337.9 65378.7 483 583 0)
(38218 -123815 -85855.3 602 702 1)
(38219 -14099.6 -42483.1 378 478 3)
(38233 33416.3 -26893.9 343 443 1)
(38238 85141.2 -110481 166 266 3)
(38241 118962 -112660 450 550 1)
(38244 -108772 134566 559 659 3)
(38247 121575 87345.8 483 583 1)
(38250 -56679.5 59110.5 291 391 1)
(38252 92953.8 -128341 335 435 3)
(38254 -11706.8 81159.6 260 360 1)
(38259 -45226.8 117227 419 519 1)
(38262 -47419.1 84091.3 260 360 0)
(38263 -73540.3 -111089 242 342 0)
(38273 26535.6 -48121.5 436 536 0)
(38277 17579.7 120103 604 704 3)
(38281 -114609 45591 226 326 0)
(38289 -96076.7 -94264.6 90 190 1)
(38293 6565.68 123758 211 311 3)
(38304 4906.65 -109602 481 581 1)
(38306 -55840.2 45888.3 454 554 3)
(38350 48797.9 16743.1 3 103 3)
(38353 -71828.8 15526 44 144 1)
(38365 120530 125949 211 311 1)
(38374 1769.94 70608.3 317 417 1)
(38400 -42037.9 -43825.4 472 572 3)
(38401 -17729.5 -124386 164 264 0)
(38410 76733.8 -53654.2 344 444 3)
(38411 59368.9 -33779.7 76 176 1)
(38419 -79853 -96739.1 527 627 0)
(38436 13900.4 -27070.3 293 393 0)
(38445 288.202 142113 266 366 3)
(38462 108611 11763.1 227 327 0)
(38463 3302.99 -78552.5 203 303 0)
(38468 124876 120649 417 517 0)
(38474 -120300 -137956 618 718 0)
(38479 12487.9 -49151.8 357 457 3)
(38483 30232.4 116094 454 554 1)
(38493 102027 3595.24 121 221 0)
(38495 100875 51607.6 265 365 1)
(38496 56696.5 -33895.4 112 212 1)
