(3513 -6945.23 57489.4 12 112 1)
(3514 -13492.3 109411 188 288 0)
(3522 115595 -116477 489 589 1)
(3524 40946.5 -146553 233 333 1)
(3525 46369.7 -536.878 348 448 1)
(3526 3980.55 97455.6 10 110 0)
(3547 118286 -5147.25 50 150 0)
(3550 -104041 -127707 95 195 1)
(3552 -46658.6 -1738.18 56 156 3)
(3555 -101973 -47238 406 506 0)
(3558 -68680.9 -23382 311 411 0)
(3560 40908 21705.1 311 411 3)
(3575 -94756.7 -17344.4 425 525 1)
(3584 -73459.8 -38940.2 142 242 0)
(3587 16161.2 143670 488 588 0)
(3591 34508 34088.7 448 548 2)
(3593 -60617.8 78480 53 153 1)
(3610 -105148 -41424.9 531 631 1)
(3646 59434.7 -24686.4 343 443 3)
(3647 -58376.6 -92271 292 392 1)
(3648 -71956.7 -106698 305 405 0)
(3667 -78924.6 -98837.7 309 409 1)
(3674 8756.31 5128.6 117 217 3)
(3699 -72540.1 -4084.4 606 706 1)
(3703 -53645.2 -13126.6 557 657 3)
(3725 3837.7 34812.1 219 319 3)
(3735 -2946.87 -125478 510 610 3)
(3746 113756 121706 552 652 0)
(3750 19187.7 -116931 279 379 1)
(3752 -116331 -46744.4 62 162 1)
(3754 -12552.1 -90007.6 456 556 0)
(3758 -32028.4 69885.3 198 298 1)
(3762 -117963 -39771.6 296 396 3)
(3763 903.532 146770 294 394 3)
(3764 -48308 74491 38 138 1)
(3780 5493.22 128273 83 183 1)
(3781 82421 -68480.1 388 488 0)
(3784 -106521 51854.9 140 240 1)
(3800 77918.3 -89614.4 135 235 2)
(3814 -51601.5 12331.1 366 466 0)
(3818 87853.9 -75012.1 499 599 1)
(3830 75985.6 -100780 315 415 1)
(3832 -37988.7 16627.3 540 640 1)
(3835 -34634.9 -36490.7 536 636 1)
(3837 58641.2 -38863.6 185 285 0)
(3856 -93747.9 -136228 91 191 1)
(3858 -43522 -108356 464 564 0)
(3859 -33923.3 141112 231 331 1)
(3860 46787.7 -97688.9 396 496 0)
(3864 -57572.2 -125015 249 349 3)
(3865 94806.9 53622.7 157 257 0)
(3867 -89977.2 -51848.9 213 313 1)
(3872 -109722 -129349 394 494 1)
(3882 32392.9 -128188 473 573 1)
(3887 19650.6 -78837.2 113 213 0)
(3895 48125.7 -76721.7 208 308 3)
(3906 -68378.4 -19148.5 436 536 1)
(3908 31500.9 -91386.6 339 439 3)
(3913 97394.9 -6389.51 446 546 0)
(3921 -65355.1 63360.7 485 585 1)
(3926 -28818.4 -32125.2 366 466 0)
(3930 36442.9 -99878.8 121 221 0)
(3933 72886.9 -91412.2 128 228 0)
(3944 93241.7 47118.5 133 233 3)
(3976 95246.2 12731.8 367 467 0)
(3977 -69635.9 -47246.5 466 566 0)
(3990 -10294.4 35930.3 487 587 0)
