(21005 -122540 -121212 169 269 3)
(21012 -106933 -113905 624 724 1)
(21019 -112481 -37767.7 465 565 3)
(21023 106491 -47361.6 39 139 3)
(21041 -4664.24 -1617.54 34 134 3)
(21043 38684.2 -88812.6 611 711 3)
(21045 109475 -9180.24 122 222 1)
(21049 -108992 -141936 582 682 1)
(21053 -60428.8 74548.3 447 547 0)
(21057 65236.4 -16623.8 180 280 1)
(21079 -19149.8 -83466.6 58 158 0)
(21082 108695 -30605.8 156 256 0)
(21085 -62789 123763 79 179 1)
(21088 -91905.8 -115465 87 187 0)
(21093 -51580.4 -7667.58 123 223 1)
(21095 56006.3 59839 307 407 0)
(21097 99429.3 93284.1 487 587 1)
(21121 -84502.3 -75437.9 483 583 1)
(21139 -82154.5 -18146.4 356 456 0)
(21152 65934.9 -27697.5 261 361 0)
(21164 104570 -24768 204 304 0)
(21169 44549.6 -83223.6 61 161 0)
(21180 2515.09 -66978.8 149 249 0)
(21194 172.76 -139300 561 661 0)
(21218 -104015 -121073 290 390 0)
(21228 118914 -100358 614 714 1)
(21232 76005.1 -84459.9 138 238 3)
(21236 -17527.6 -119452 251 351 3)
(21250 109782 -120228 570 670 0)
(21265 -85501.5 -73328.2 171 271 1)
(21271 43033.7 26507.4 295 395 3)
(21273 57277.2 -140572 68 168 1)
(21282 -86303.1 22295.3 92 192 0)
(21286 16035.1 13482.4 614 714 3)
(21289 -47838.7 129066 326 426 3)
(21293 62409.7 -11299.5 576 676 1)
(21294 45535.4 72121.1 305 405 1)
(21300 -65928.6 123918 106 206 3)
(21306 -93754.9 -123910 296 396 1)
(21314 68378.7 -93723.6 460 560 3)
(21318 -31925.6 21811.6 187 287 1)
(21329 -51454.2 5203.66 312 412 0)
(21332 -20735.9 -106338 507 607 1)
(21333 -124825 -99440 565 665 1)
(21338 -100898 8400 527 627 1)
(21351 -29273.4 100134 112 212 0)
(21355 37208.9 56130.5 442 542 -1)
(21359 3487.03 80180.6 401 501 3)
(21367 -60473.3 111229 388 488 3)
(21368 -23056.8 140649 116 216 0)
(21369 -3945 -60863.9 514 614 0)
(21382 67896.6 103928 382 482 1)
(21386 40197.1 308.313 204 304 0)
(21399 88892.6 46693 364 464 1)
(21407 -98599 -60721.1 249 349 1)
(21422 17878.1 77911.9 595 695 1)
(21423 -22872 -117480 130 230 3)
(21429 -116937 17180.3 563 663 1)
(21434 58248.1 61787.1 595 695 0)
(21457 -53488.9 -148015 528 628 3)
(21465 -117502 22111.6 192 292 0)
(21484 -26180.2 -134638 56 156 3)
(21494 95573.9 70373.5 103 203 0)
