(11011 -51248.3 -54827.1 373 473 1)
(11012 9431.31 143717 253 353 3)
(11020 -24383 -7478.58 340 440 0)
(11024 -94379.3 -58704.4 526 626 0)
(11026 -92804.5 -90371 227 327 1)
(11041 -33461.1 -36896.7 529 629 1)
(11044 17784.4 32455.4 279 379 0)
(11046 -55256.9 -97707.9 56 156 0)
(11057 8751.25 -41381.6 441 541 0)
(11063 -59135.7 -41183.7 483 583 1)
(11071 -117742 89177.1 295 395 1)
(11089 1063.86 62962.5 309 409 1)
(11090 52541.9 -127327 575 675 0)
(11091 -62043.8 36615.5 147 247 0)
(11107 -124550 -148037 130 230 0)
(11109 -115871 -23959.6 53 153 1)
(11122 44429.7 1415.02 160 260 3)
(11138 -28162 -56052.8 209 309 1)
(11142 -55054 -67765.9 402 502 1)
(11148 -72448.5 -47974.1 583 683 3)
(11158 -51956.9 75481.2 87 187 2)
(11159 85364.1 -61969.4 546 646 3)
(11160 88317 -102777 349 449 1)
(11164 77962.7 -119110 381 481 1)
(11169 76411.1 -58872.2 224 324 1)
(11174 -71256.1 120048 157 257 0)
(11179 -86581.4 -8368.72 183 283 1)
(11182 -61785.9 -127008 385 485 1)
(11186 -72473.4 93048.4 217 317 1)
(11205 -40115.8 -56501.2 627 727 1)
(11212 80139.4 89503.6 249 349 0)
(11213 -29929.8 66170.2 620 720 3)
(11217 -77316.2 -3661.85 434 534 3)
(11218 -96746.8 141352 308 408 1)
(11219 120797 -143004 96 196 1)
(11231 -77421.5 36826.8 455 555 3)
(11250 -37127.3 -135676 171 271 1)
(11252 116913 -44897.5 407 507 1)
(11254 98535.1 19608.6 373 473 0)
(11255 -97659.5 -122280 302 402 3)
(11267 60650.9 -133185 383 483 1)
(11273 6543.2 -110921 13 113 0)
(11278 -13241.7 -64585.3 454 554 1)
(11282 -25308.1 53671.3 468 568 1)
(11292 33537.6 -108110 615 715 0)
(11293 -20636.3 -30316.7 295 395 3)
(11296 88036.9 -53424 622 722 1)
(11312 47509.1 24916.4 35 135 0)
(11335 114885 -131788 304 404 3)
(11339 -21054.3 9440.6 112 212 3)
(11342 -60818.6 64310.6 459 559 1)
(11348 109488 149828 502 602 3)
(11351 -90830.8 -9622.06 479 579 3)
(11361 -102397 -84863.4 207 307 1)
(11363 -23182.7 102815 352 452 1)
(11370 12541.1 -88168.9 329 429 3)
(11376 25093.2 -80863.1 355 455 0)
(11392 -69912.1 -121262 64 164 1)
(11393 -61291.1 18770.5 179 279 1)
(11401 64205.3 -120312 121 221 3)
(11408 22716.8 -37376.3 434 534 1)
(11409 51756.6 -47478.9 344 444 1)
(11410 102942 117696 335 435 0)
(11414 -38670 -56316.3 58 158 1)
(11430 -118535 41620.7 208 308 0)
(11434 -28509.2 -1230.47 371 471 3)
(11445 22111.8 87639.7 99 199 3)
(11452 -14258.5 -72629.3 629 729 1)
(11466 19807 -128533 559 659 1)
(11473 46312.4 -103421 1 96 1)
(11475 113774 -92729 42 142 0)
(11476 -9496.72 57649.7 572 672 3)
(11496 86555.1 -135687 553 653 1)
