(9500 -58537.8 138257 104 204 3)
(9515 -50524 -97023.5 307 407 0)
(9534 -97272.1 67306.1 306 406 1)
(9537 57546.8 -40628.7 1 99 0)
(9546 88239.6 -48043 185 285 0)
(9547 -5025.91 68304 504 604 0)
(9556 -65036.7 -49085.6 578 678 0)
(9561 -124764 -31604.7 59 159 1)
(9584 -63346.4 94477.6 436 536 1)
(9641 22368.9 18540.9 316 416 3)
(9650 114780 -39524.9 116 216 0)
(9651 9565.69 -5175.84 40 140 1)
(9653 14842.5 4404.42 165 265 3)
(9655 -43729.2 -80679.4 462 562 0)
(9656 -107197 -78049.6 313 413 2)
(9676 75546.3 55919 235 335 1)
(9679 -27870.3 -122282 264 364 1)
(9680 -99290.7 17824.2 165 265 1)
(9683 122885 145531 107 207 1)
(9697 -24170.8 -31301.5 132 232 1)
(9699 60767.6 -19461.6 423 523 3)
(9708 68834.5 -77484.1 1 96 1)
(9715 34614.8 -120093 45 145 1)
(9733 61600.7 -120351 406 506 1)
(9736 111711 -1617.85 216 316 1)
(9741 -57777.3 -70190.7 491 591 0)
(9756 111292 108313 10 110 0)
(9758 -55251.8 -37027.5 124 224 3)
(9769 -58478.6 36591.4 147 247 0)
(9774 -60135.2 68723.3 483 583 1)
(9783 -64725.3 142187 158 258 1)
(9786 -83185.1 84612.9 517 617 1)
(9788 115665 11542 282 382 0)
(9797 -113800 -145461 178 278 0)
(9813 84814.7 125899 474 574 1)
(9816 18253.7 -136952 241 341 0)
(9824 -62471.3 13745.2 610 710 0)
(9830 -105585 45382.5 199 299 1)
(9836 98371.1 26979.5 259 359 0)
(9847 80238.4 99257.4 238 338 0)
(9853 29480.8 -120256 347 447 1)
(9863 -50619.4 136100 442 542 0)
(9864 7737.44 -49238.3 366 466 0)
(9866 -13643.5 147968 41 141 0)
(9879 54777.2 21504.1 188 288 1)
(9880 25324.1 136547 407 507 3)
(9889 39145.9 -89063.6 574 674 0)
(9899 -102595 -48235.6 551 651 3)
(9902 -62264.2 -58856.2 584 684 1)
(9906 43133.6 -41192.8 151 251 3)
(9912 -117588 -28360.9 398 498 1)
(9914 39319.5 25594.3 149 249 1)
(9917 -3528.44 -46971.6 580 680 1)
(9925 -104559 -131738 295 395 0)
(9944 -58158.8 6092.83 616 716 1)
(9945 -20579 92539.9 186 286 1)
(9952 -95219.3 15252.3 308 408 1)
(9956 93218.9 -23782.5 295 395 1)
(9958 -71509.2 -130500 530 630 0)
(9964 94309.9 -22236.8 397 497 0)
(9970 18387.4 -99092.1 456 556 0)
(9978 -15436.1 71678.4 5 105 0)
(9989 -53591.1 139541 480 580 1)
(9992 99980.5 -23726.9 60 160 0)
