(32006 97787.1 -130074 395 495 0)
(32008 70920.8 32116.5 494 594 3)
(32010 68124.4 56498.5 612 712 3)
(32014 98394.8 -99460.3 77 177 0)
(32018 -3459.86 -30955.6 557 657 0)
(32041 -9196.02 -31746 457 557 0)
(32046 -83995.7 -91855.6 523 623 1)
(32048 -81632.6 -92949.7 137 237 1)
(32054 17474.3 63553.5 249 349 0)
(32060 91672.2 -83003.9 478 578 0)
(32068 -3108.55 -125122 231 331 1)
(32088 23514.2 13357.2 365 465 3)
(32105 50983.6 -136405 527 627 0)
(32117 -70069.4 -378.749 395 495 1)
(32119 -78345.2 -76855.9 406 506 3)
(32131 25066.4 59756.3 557 657 1)
(32132 -29417 -15732 332 432 1)
(32146 24009.6 1181.74 286 386 3)
(32155 7011.12 69385.4 185 285 3)
(32163 -110473 108683 304 404 3)
(32164 75580.3 48955.8 129 229 1)
(32170 -528.21 -17085.1 217 317 0)
(32185 32791.6 33429.6 149 249 0)
(32192 8390.78 -83483.8 432 532 1)
(32193 8713.37 -103310 395 495 3)
(32194 -44242.2 -124543 83 183 0)
(32195 117449 104829 426 526 0)
(32199 16307.6 -89531 112 212 3)
(32208 38478 -102396 188 288 0)
(32209 53059.9 6235.85 565 665 1)
(32214 -74650.3 -6389.34 581 681 0)
(32230 -845.418 28143.9 359 459 0)
(32238 -110322 -69892.5 95 195 0)
(32260 -13722.1 110118 184 284 3)
(32274 -119048 131545 108 208 3)
(32290 -71233.4 -24969.9 48 148 3)
(32304 75551.9 -14320.5 364 464 3)
(32324 -81043.5 88419.7 392 492 1)
(32333 -5294.77 -10972.5 361 461 1)
(32335 7695.69 -121931 236 336 0)
(32342 -94455.6 -25226.8 185 285 0)
(32350 -104863 -33219.3 535 635 1)
(32362 111132 144385 50 150 3)
(32368 6800 34983.9 262 362 1)
(32371 -111810 -144768 160 260 3)
(32374 -32414.5 -147790 81 181 1)
(32378 -80156.9 86135.2 206 306 3)
(32387 6105.96 87517.3 240 340 3)
(32389 3662.23 84974.7 185 285 1)
(32393 18085.7 -56578.5 215 315 1)
(32398 39480.8 -76220.6 49 149 1)
(32409 -32607.8 55977.8 240 340 1)
(32414 111212 -123641 526 626 1)
(32428 -92025.6 -149594 130 230 1)
(32431 31067.5 62459.3 253 353 3)
(32435 15274.8 78207.4 558 658 1)
(32439 -98378.1 68420.7 162 262 0)
(32441 41573.5 -114094 20 120 0)
(32468 -62801.9 109095 154 254 0)
(32488 -67002.4 -65193.1 457 557 0)
(32494 -9535.91 -66548.7 571 671 1)
(32495 112024 119956 380 480 0)
(32498 102011 106094 435 535 0)
