(4026 92495 72796.1 184 284 3)
(4042 -1248.76 77707.4 177 277 0)
(4043 -50524 112744 256 356 2)
(4063 15573.3 -24509 521 621 0)
(4076 -77578.9 -87508.9 120 220 1)
(4092 12539.9 -92936.8 172 272 0)
(4103 -61381.2 -91817.9 74 174 1)
(4112 8103.94 95825.5 187 287 1)
(4125 -19541.5 -149406 535 635 1)
(4136 -87917.1 -136400 109 209 1)
(4142 -94555.9 -67975.3 66 166 1)
(4143 -120848 -69667.8 223 323 0)
(4158 113341 -3537.06 1 96 0)
(4168 -18355.8 -87349.6 572 672 1)
(4178 -119510 -147721 297 397 3)
(4179 27740.7 64237.8 527 627 1)
(4180 6946.5 -105078 557 657 3)
(4186 14238.9 -86237.4 367 467 3)
(4190 -67000.7 -84918.4 381 481 1)
(4194 -83849 -62879.5 319 419 0)
(4198 70062.4 -67685.7 36 136 0)
(4203 28359.7 -14862.8 390 490 3)
(4205 -54414.6 28734.4 74 174 -1)
(4212 -114027 -92995.7 595 695 1)
(4215 7289.21 -69213.3 148 248 1)
(4219 31051.3 -132390 148 248 0)
(4244 -53594.8 -47611.9 622 722 0)
(4252 42213.7 -128812 484 584 1)
(4256 -100883 52030.5 210 310 1)
(4259 -18970.1 -86080.4 424 524 0)
(4262 14597.8 -134983 119 219 1)
(4272 -50260.4 -94013.5 316 416 3)
(4275 107779 3677.93 234 334 0)
(4286 74348.2 -24118.3 508 608 1)
(4309 9153.31 -10793.8 100 200 0)
(4313 14682.4 -63988.1 568 668 1)
(4314 -18336.6 -116055 382 482 0)
(4323 -49748.4 -144213 315 415 1)
(4340 -69885.3 -140026 391 491 0)
(4342 -81099.4 -59066 158 258 1)
(4345 -17709.5 -7944.36 256 356 1)
(4362 65971.8 40844.1 363 463 1)
(4366 32768.4 -133223 489 589 0)
(4387 23614.9 51043.6 388 488 0)
(4403 356.558 20206.4 295 395 1)
(4405 60936.6 -233.378 33 133 1)
(4412 50701.7 4990.91 478 578 1)
(4434 26392.9 29069.5 510 610 1)
(4437 -25741.4 -19041.2 187 287 0)
(4440 -33255.8 33684.1 482 582 1)
(4444 117116 -45171 384 484 0)
(4452 -97817.8 14354.5 101 201 1)
(4460 35768.3 -20134.3 171 271 0)
(4470 -78959.7 42131.9 292 392 3)
(4477 40781.7 84553.3 101 201 1)
(4478 74845.7 -103066 115 215 0)
(4482 -62755.2 -122791 338 438 0)
(4484 65630.5 62344.2 239 339 1)
(4487 -52998.1 4147.01 51 151 1)
(4490 -28403.9 -105238 284 384 1)
