(42509 -80282.1 -83248.4 1 95 2)
(42512 -53279.1 -941.033 408 508 1)
(42513 -123889 95298.8 46 146 0)
(42523 -62171.8 35834.3 267 367 0)
(42536 -69068.4 51193.1 332 432 3)
(42537 30237.5 141507 209 309 1)
(42542 25749.2 -22791.9 418 518 1)
(42546 -57291.8 74029 98 198 1)
(42547 9617.02 -49916 222 322 3)
(42548 27823.8 136185 243 343 0)
(42551 -117247 -145559 578 678 0)
(42552 89491.9 126837 199 299 1)
(42558 -47297.9 60862.6 439 539 1)
(42562 -42608.9 11738.1 435 535 1)
(42565 -108017 95694.5 618 718 0)
(42566 -58337.4 -102973 447 547 1)
(42572 -18042.3 -36402.5 1 97 0)
(42577 18380.6 -26010.4 526 626 3)
(42580 -116404 61375.2 493 593 3)
(42607 -46893.5 133373 152 252 1)
(42610 65612.3 43456.8 529 629 0)
(42629 -85171.3 -54362.8 445 545 0)
(42647 80536.1 -89827.9 28 128 2)
(42648 23618.1 -63879.4 115 215 0)
(42652 -77189.7 -29995.1 180 280 0)
(42654 37123.7 -36697.1 544 644 0)
(42665 104530 4509.13 84 184 0)
(42685 68501.1 -87996.4 383 483 0)
(42688 -74243 79833.2 80 180 3)
(42689 31875.7 23522.8 234 334 3)
(42700 -20287.2 135037 485 585 0)
(42716 84458.9 17785.3 607 707 1)
(42721 81374.5 6501.83 365 465 0)
(42734 98384 -69484.9 39 139 0)
(42738 -61135.9 -65075.7 445 545 0)
(42740 -82769.1 3489.04 266 366 3)
(42743 95722.4 68291.9 280 380 0)
(42752 114889 -131821 461 561 1)
(42753 -113870 67244.5 409 509 0)
(42755 -10058.3 29036.7 444 544 0)
(42759 -35530.3 -73958.1 215 315 0)
(42775 -3155.03 27444.2 397 497 3)
(42803 66869.2 -121068 554 654 0)
(42812 -101687 -6089.45 323 423 3)
(42822 101222 64077.7 422 522 3)
(42830 -23310.1 -74354.1 24 124 3)
(42845 -76771.2 91692.3 102 202 1)
(42852 -29821.3 -8362.25 184 284 3)
(42861 25313 71324.9 615 715 0)
(42864 108796 -114642 13 113 0)
(42873 109306 -123187 543 643 3)
(42879 -4369.14 111296 84 184 0)
(42880 -63801.9 -5915.07 313 413 3)
(42912 -55735.5 88964.2 599 699 3)
(42925 85805.1 88524.9 351 451 0)
(42930 -70984.5 54525.3 497 597 1)
(42942 -21811.4 -53714.8 362 462 1)
(42945 12596.9 122805 66 166 0)
(42950 40051 -144821 26 126 1)
(42953 73561.6 54400.6 519 619 3)
(42964 -103730 8712.91 236 336 1)
(42978 3951.7 -82373.3 192 292 0)
(42982 75178.3 -72738.2 266 366 0)
(42985 103683 102591 262 362 1)
(42993 75176 146203 323 423 3)
