(2007 52891.9 36693.1 593 693 0)
(2009 86767.4 -20143.1 220 320 1)
(2017 76995 73571.4 584 684 1)
(2039 -79334.2 34992.1 273 373 0)
(2052 -38978.2 -148017 264 364 1)
(2053 1467.44 66466.6 222 322 1)
(2079 -101292 -70569.1 362 462 1)
(2080 -113397 23676.1 322 422 3)
(2083 -56646.3 81344.4 68 168 0)
(2084 19161.9 -109324 103 203 0)
(2115 82005.6 84336.5 483 583 3)
(2117 -80680.7 61714.3 78 178 1)
(2120 37071.9 -72260.3 81 181 0)
(2122 68557.9 97438.1 621 721 1)
(2126 -77855.5 -34247.4 280 380 0)
(2139 -110912 -51353.9 42 142 1)
(2145 -17786.3 78384.6 109 209 2)
(2151 -106246 89406.3 217 317 3)
(2154 12642.2 -70389.8 391 491 3)
(2155 16870.7 52618 483 583 3)
(2156 66399.3 113555 491 591 3)
(2158 -120890 45635 329 429 3)
(2166 -84521 94618.3 155 255 0)
(2168 38152.4 -55819.6 58 158 1)
(2190 84266.2 -68014.7 290 390 0)
(2194 18356.6 -75365.6 50 150 1)
(2198 114258 -49131.2 289 389 1)
(2204 -82016 -20532.1 85 185 0)
(2219 -27005.1 -73557.5 198 298 1)
(2230 89013 26610.1 583 683 1)
(2231 -18240.8 100233 79 179 1)
(2233 -25979.2 443.661 326 426 0)
(2235 73832.9 -67683.9 389 489 3)
(2284 -80401.9 -4857.13 161 261 3)
(2291 110592 -8287.92 551 651 3)
(2296 -51018.3 5013.84 562 662 0)
(2307 -67676.4 -4355.53 97 197 1)
(2319 -11831.6 -23432.8 210 310 1)
(2322 41008.8 17178.2 239 339 3)
(2325 80722.3 74153.1 237 337 0)
(2341 -74696 42588.2 481 581 1)
(2342 -107275 -23191.6 1 100 0)
(2343 -100693 70567.4 59 159 1)
(2346 79218.8 -111368 198 298 1)
(2349 60927.8 -145459 434 534 2)
(2366 -69976.8 -122923 578 678 1)
(2369 111111 -115558 491 591 0)
(2381 20754.1 -134237 541 641 0)
(2382 50561.2 -10823.7 265 365 0)
(2390 22791.8 -76185.8 38 138 0)
(2391 -69636.2 -54598.4 525 625 0)
(2392 8784.62 45601 34 134 0)
(2417 -88639 -50288.3 585 685 1)
(2419 -84708.6 131457 263 363 0)
(2420 85880.9 64237.9 528 628 1)
(2424 7016.33 -111038 113 213 0)
(2439 -71218.9 57293.2 1 93 2)
(2441 -27513.1 61771.5 503 603 1)
(2443 41901 34096.6 564 664 3)
(2458 12364 104126 97 197 0)
(2474 68657.3 -11885.5 176 276 0)
(2482 -57002.6 -3255.66 22 122 0)
