(8501 -56698.3 -16882.2 172 272 1)
(8506 -53255.2 65362.1 221 321 0)
(8515 -95000.2 -122708 624 724 3)
(8518 4194.3 68346.3 156 256 1)
(8534 -31642.5 97403.2 451 551 0)
(8541 -16739.9 25617.4 95 195 1)
(8543 53901.5 -107886 307 407 0)
(8547 -34643.6 -29996.4 192 292 1)
(8551 78527.3 -33379.5 210 310 0)
(8563 -34460.9 -29614.6 94 194 3)
(8571 -102819 119400 485 585 1)
(8575 -82979.3 29849.4 573 673 3)
(8591 -54032.2 -33085.3 8 108 1)
(8599 -123738 -33714.5 113 213 3)
(8607 114328 142763 124 224 2)
(8608 28707.2 -79739.3 34 134 1)
(8617 -76228.3 -6987.51 438 538 0)
(8630 105403 -88083.3 559 659 1)
(8632 102807 -30020.2 331 431 0)
(8634 -50001.3 50656.6 135 235 0)
(8642 -74641.5 129512 103 203 1)
(8644 54772.3 76921.9 169 269 0)
(8660 90043.9 -82412.8 164 264 0)
(8676 -66452.7 21044.8 478 578 3)
(8704 13810 -122770 519 619 0)
(8708 -15296.7 -92824.9 114 214 1)
(8717 -60070.3 51871.2 135 235 3)
(8719 68662.5 -40711.7 610 710 1)
(8720 67176.7 125551 220 320 1)
(8730 73659.4 -20876.1 197 297 0)
(8750 -33832.2 85949.3 1 96 1)
(8754 -118529 -4239.73 173 273 1)
(8773 -39079.5 273.888 306 406 0)
(8786 79639.6 -148444 85 185 0)
(8792 48094.4 -75302.7 590 690 0)
(8793 -1681.37 -106421 499 599 1)
(8794 22087.7 -147091 10 110 1)
(8814 64568.1 28213.1 264 364 3)
(8823 112894 93705.8 14 114 3)
(8834 41905.2 24665.8 504 604 3)
(8846 2262.16 70972 76 176 1)
(8851 39305.8 -14769.9 499 599 1)
(8869 22483.5 89183.8 118 218 3)
(8875 26022.9 -64971.5 429 529 1)
(8877 -10061.8 -100209 434 534 1)
(8886 29658 -59820.7 400 500 1)
(8888 -121878 -53682.3 143 243 2)
(8900 85651.3 77700.9 580 680 3)
(8901 49905 -122256 433 533 0)
(8904 -124529 63163.9 383 483 1)
(8906 -61169.8 98322.8 270 370 0)
(8907 -49747.8 -112405 119 219 3)
(8911 -109654 -98393.7 163 263 3)
(8915 105222 -22543.7 361 461 3)
(8918 -110933 32246.7 415 515 0)
(8920 -64684.7 31980.3 393 493 3)
(8921 -63890.1 120398 192 292 1)
(8947 -75584.3 -92483.6 28 128 0)
(8948 47604.6 -86284.9 223 323 0)
(8952 22808.1 -140430 397 497 1)
(8954 -33355.5 -127518 297 397 1)
(8966 110570 -35429.9 483 583 1)
(8967 -12312.3 -79222.6 329 429 3)
(8973 -81300.2 -42345.8 609 709 3)
(8980 -29452.8 8094.65 595 695 2)
(8982 88495.6 122162 418 518 0)
