(38501 -82326.8 -62793.5 217 317 0)
(38503 -93515.4 67546.8 340 440 0)
(38515 -57851.8 47846.5 26 126 1)
(38516 -87998.5 -71696.2 418 518 0)
(38517 -15336.4 -5858.14 476 576 0)
(38534 97012.8 -146391 536 636 3)
(38548 -4663.48 -17619.1 292 392 3)
(38551 -137.503 97856.7 504 604 0)
(38567 -35880.3 -105229 614 714 3)
(38569 -44609.3 -45506.3 240 340 0)
(38576 75181.5 106180 149 249 1)
(38579 -118832 92274.5 556 656 3)
(38582 -11010 -108379 480 580 0)
(38586 105737 -15925.7 375 475 1)
(38591 -90513.4 -124459 152 252 0)
(38593 -123799 -56814.4 11 111 0)
(38616 -20330.9 -37924.5 513 613 0)
(38618 -44694.1 50867.3 117 217 1)
(38625 58263.4 39516.4 39 139 3)
(38630 118945 -36979.8 443 543 0)
(38636 23202.5 -145885 605 705 1)
(38639 99328.1 10825.4 510 610 0)
(38668 17648.7 124070 100 200 3)
(38670 -61359.3 -99496.2 179 279 3)
(38673 -93514.1 142367 607 707 1)
(38684 49095.2 -106387 567 667 3)
(38688 -12269.3 105253 517 617 0)
(38691 -40469.6 -46724.4 234 334 1)
(38709 -14626.6 78432.1 566 666 3)
(38713 -50359.9 87885.8 213 313 0)
(38720 -36093.9 -66301.2 358 458 1)
(38724 -26094.3 -22354.5 201 301 0)
(38727 -65548.1 -139559 5 105 0)
(38730 24428.6 136547 37 137 1)
(38752 -61214.8 70593.9 211 311 3)
(38754 -2048.68 68176.4 166 266 1)
(38776 -83020.1 -129493 462 562 0)
(38780 17765.9 126452 155 255 0)
(38791 -33310.5 -144019 6 106 3)
(38812 -56032.8 -38935.8 609 709 2)
(38825 1661.02 101020 1 96 0)
(38834 -10499 -61117.3 614 714 0)
(38844 -73342.6 -93937.7 514 614 0)
(38845 76935.3 -131463 524 624 0)
(38852 43524.6 -40037.4 575 675 3)
(38862 18685.6 8632.65 242 342 3)
(38864 -47130.2 -28807.1 314 414 0)
(38867 119946 61656 375 475 0)
(38868 -114.329 -143370 610 710 1)
(38881 -87159 9739.08 480 580 1)
(38887 -60336.1 28503.6 269 369 0)
(38888 -26235 96052.5 239 339 0)
(38892 88078.6 -120416 172 272 0)
(38905 -55872.3 70389 213 313 0)
(38921 -56936.4 -101652 582 682 3)
(38929 -99164.6 -45495.9 264 364 3)
(38949 75289.3 -79799.7 572 672 1)
(38959 72884.6 -70533.2 170 270 3)
(38975 -88355.1 12412.1 195 295 0)
(38983 77096.1 -26184.7 426 526 3)
(38984 -33211 124642 172 272 0)
(38988 -106006 95161.7 518 618 0)
(38991 -64086 43047.2 619 719 0)
