(15524 112442 -26845.7 439 539 0)
(15525 22383.6 -49796 544 644 2)
(15531 47609.7 -20564.4 388 488 0)
(15536 -55451 -34961.7 164 264 1)
(15539 -11409.1 115358 239 339 0)
(15545 -42020.7 -122891 566 666 0)
(15557 77186.9 -39317.9 506 606 3)
(15559 102189 143557 589 689 1)
(15565 114697 -84267.5 402 502 1)
(15572 22203.9 58145.2 437 537 1)
(15574 -66455.4 -105818 21 121 3)
(15585 -35586.5 -63352.4 552 652 3)
(15611 -86521.9 -81488.3 230 330 3)
(15617 112625 8568.32 220 320 1)
(15630 -85223.8 -106519 117 217 3)
(15632 -23475.2 -31081 50 150 0)
(15636 20247.2 137249 171 271 1)
(15641 81090.3 56075.4 146 246 3)
(15649 -115691 24931 146 246 1)
(15655 -56470.7 -113107 338 438 0)
(15667 -34377.6 107124 324 424 1)
(15674 25505.3 -131702 510 610 1)
(15675 -81566.5 49859.2 183 283 3)
(15682 4204.47 35871.6 603 703 1)
(15690 -29394.9 -53642.4 333 433 0)
(15700 -117475 -24129.5 26 126 0)
(15707 15544.5 -68317.1 473 573 0)
(15718 -38283 102415 362 462 0)
(15733 -93817.7 -26242.8 192 292 0)
(15735 62235.9 26987.4 593 693 3)
(15741 -69057.6 84883.5 250 350 3)
(15750 -34875.3 72864.3 548 648 3)
(15756 -65603.6 135327 124 224 1)
(15763 17167.6 78152.4 312 412 0)
(15793 90015.8 117177 45 145 0)
(15813 10324.7 -110830 349 449 0)
(15818 -22060 -19618.2 14 114 0)
(15823 -67762.7 32557.3 130 230 0)
(15834 108389 -24787.1 60 160 1)
(15846 16202.8 7391.05 563 663 0)
(15848 86844.1 -70818 470 570 0)
(15849 -18370.1 -66781.2 76 176 1)
(15856 -71450.1 51100.3 244 344 1)
(15858 -107694 139395 497 597 1)
(15861 101127 19116.3 129 229 1)
(15871 86606.2 110683 448 548 0)
(15877 -83658.6 115702 37 137 1)
(15879 8309.72 -4824.04 378 478 1)
(15903 -25086.3 103973 146 246 1)
(15904 122732 117135 97 197 1)
(15912 -35457.2 -34102.6 44 144 1)
(15913 -29632.1 -15158.2 19 119 0)
(15918 123278 107430 361 461 0)
(15919 -32209.1 -137395 235 335 1)
(15924 -124703 62311.7 35 135 0)
(15925 -10000.7 -95628.6 335 435 1)
(15945 -123979 8092.22 95 195 3)
(15975 25231.7 -40085.1 420 520 3)
(15979 -59019 -19348.7 390 490 3)
(15985 -56997 37795.9 304 404 0)
(15987 67866.4 -59292.8 545 645 0)
