(42005 28681.2 -110639 561 661 1)
(42006 -82128.4 -8000.13 432 532 3)
(42013 13020.4 -110944 154 254 0)
(42015 57401.1 34985.3 218 318 3)
(42032 118740 -140872 73 173 0)
(42039 -15401.4 -119886 571 671 0)
(42040 -4087.59 17438.2 434 534 0)
(42063 -23801.3 -43396 459 559 0)
(42065 30744.6 -52125 175 275 0)
(42069 -45420.2 4872.48 462 562 0)
(42077 -40972 -24269.6 384 484 1)
(42084 -474.71 41932.7 75 175 0)
(42091 76259.2 -8509.95 207 307 3)
(42106 -72612 -28626.8 452 552 0)
(42108 99482.1 -19975.9 325 425 0)
(42111 -60328.6 -29306.8 323 423 1)
(42125 109067 132893 222 322 1)
(42127 -112247 101071 127 227 1)
(42128 -87666.4 118710 308 408 0)
(42133 -50596.8 -63923.3 257 357 1)
(42134 -89472.5 -74924.7 336 436 0)
(42135 -45227.5 -14022.2 539 639 3)
(42141 1162.54 -48002.8 222 322 0)
(42180 5810.81 -113056 170 270 3)
(42185 14747.4 -39038.2 384 484 3)
(42196 9612.46 87821.9 350 450 1)
(42197 116780 122142 42 142 0)
(42206 -52467.8 14051.7 273 373 0)
(42213 -11294.8 -26172.7 335 435 0)
(42215 -37408.4 19322.8 602 702 0)
(42219 85605.3 -83191.2 62 162 1)
(42222 -72278.2 127918 150 250 3)
(42223 6305.3 -69667.3 584 684 1)
(42229 -60554.7 -120788 598 698 0)
(42231 35295.5 -148204 587 687 3)
(42237 -79521.7 -63277.6 591 691 3)
(42240 -37538.2 -99136 153 253 0)
(42251 28320.4 8829.73 168 268 1)
(42254 50279.2 77773.2 524 624 0)
(42255 -46640.3 103541 464 564 2)
(42257 114649 72388.1 259 359 3)
(42268 -97764.2 -106302 381 481 0)
(42288 108025 470.904 250 350 0)
(42299 -119419 21798.5 109 209 3)
(42311 40959.2 8145.02 1 100 1)
(42316 -60790.3 96629.2 139 239 0)
(42325 2586.36 -118961 549 649 1)
(42328 -11687.8 -2337.03 164 264 0)
(42331 115208 16576.3 53 153 0)
(42338 -113160 -15718.8 597 697 1)
(42344 111025 -95025.6 400 500 0)
(42348 73976 93972.6 167 267 0)
(42364 70182.3 41743.1 350 450 0)
(42368 -79847.3 -33155.2 132 232 0)
(42377 90130.2 38005.4 75 175 1)
(42386 -67761.2 22510.1 254 354 3)
(42387 124017 -59875.5 347 447 0)
(42389 115899 -62572.8 540 640 0)
(42402 -95467.5 89107.1 7 107 3)
(42405 111766 -145275 179 279 3)
(42407 94316.6 -119228 221 321 1)
(42413 29139.9 -134467 61 161 0)
(42414 90962.6 -130671 474 574 1)
(42421 -20275 -10621.7 571 671 3)
(42423 79879.1 -71816.1 127 227 3)
(42427 -60600.2 44899.9 98 198 3)
(42435 -72759.7 -86332.8 152 252 1)
(42443 29601.1 -16306.6 303 403 0)
(42446 -122043 -7355.73 92 192 0)
(42473 -54416.8 -80174.4 392 492 1)
(42474 36083.7 -58219.1 43 143 3)
(42476 -36388.3 26139.1 577 677 0)
(42482 -56505.4 2176.76 444 544 1)
(42483 -75675.4 -116254 404 504 0)
(42493 102092 -52267.2 123 223 3)
(42497 -121041 -22327.6 428 528 0)
