(35503 -76135 -117202 36 136 1)
(35505 -118005 131861 208 308 2)
(35506 68.7594 128238 146 246 1)
(35507 5572.22 -11275.6 145 245 1)
(35509 -88489 -142491 554 654 3)
(35510 51332.6 141173 307 407 1)
(35515 29345.6 -64893 234 334 1)
(35517 45219.4 68631.6 249 349 1)
(35549 -35699.6 -3383.92 258 358 3)
(35550 4182.65 -47969.7 75 175 2)
(35555 111352 37799.8 322 422 1)
(35569 39072 95629.7 208 308 0)
(35609 -94040.2 60083.9 138 238 1)
(35620 -24207 -119729 502 602 1)
(35628 65924.7 -25976.8 55 155 0)
(35636 -72905.7 88931 618 718 0)
(35669 -17034.9 -53456.3 196 296 1)
(35693 -54055.7 79472.3 546 646 1)
(35694 -22409 72386.2 424 524 1)
(35701 -53884.4 -67773.8 472 572 0)
(35708 92254.7 -130721 59 159 0)
(35713 -27815.9 -126472 589 689 1)
(35724 -11006 -146648 260 360 0)
(35726 116361 48605.7 448 548 3)
(35728 -54699.6 -3116.18 397 497 0)
(35730 -25701.7 20531.9 361 461 0)
(35746 -52847.1 -27784.3 570 670 3)
(35749 92267.4 35797.3 465 565 1)
(35751 -93162.8 26852.9 555 655 3)
(35755 9894.33 101388 461 561 0)
(35756 9630.05 87841.5 455 555 3)
(35761 -51146.1 65371 272 372 0)
(35766 21878.1 -62172.1 164 264 0)
(35773 -62093.4 -15320.1 504 604 0)
(35805 -101547 -70627.7 625 725 3)
(35808 -19062.1 26318.9 457 557 3)
(35813 -13260.4 15228.2 41 141 1)
(35830 124934 -11675.4 66 166 0)
(35841 109634 -100756 561 661 0)
(35845 -77275.3 52566.3 117 217 0)
(35848 -115780 -16784.4 122 222 1)
(35915 111077 1039.57 11 111 0)
(35921 105257 -79261.5 449 549 0)
(35923 90285.7 17707.9 609 709 1)
(35928 58123 -62817.4 320 420 0)
(35931 338.006 -103557 1 98 0)
(35932 -78224.8 -118482 388 488 1)
(35942 -122022 -35281.7 262 362 0)
(35952 -97124.9 -50370.6 43 143 0)
(35957 52205.2 -132699 517 617 3)
(35968 9742.22 -77063.7 421 521 1)
(35969 -47201.3 23413.1 54 154 1)
(35975 -87345.6 -59699.5 421 521 3)
(35983 38003.6 -142406 234 334 3)
(35997 -2860.79 83395.7 438 538 3)
