(10500 -75730.9 -31023.3 324 424 3)
(10515 -21173.1 -138143 473 573 0)
(10522 81494 74272 518 618 1)
(10537 85648.4 103800 259 359 3)
(10544 52222.2 -47033.7 510 610 1)
(10556 -47844.3 -103842 610 710 0)
(10563 116622 146052 379 479 0)
(10566 43227.8 4414.51 350 450 0)
(10570 -76076.8 -37743.5 527 627 1)
(10581 -95619.5 -68767.6 428 528 0)
(10596 -121786 -4153.4 403 503 0)
(10601 100757 -71523.9 548 648 2)
(10615 -32274.6 -26204.7 65 165 0)
(10616 -85305 -34208.2 304 404 1)
(10620 -62523.7 93344.6 331 431 1)
(10622 -3338.99 -36149.2 409 509 0)
(10628 -35865.1 -108860 439 539 1)
(10634 -99579.1 109658 298 398 3)
(10648 7465.61 -130083 578 678 3)
(10657 -104576 48952.3 362 462 0)
(10659 72119.7 -9993.79 240 340 3)
(10665 67230.2 -62359.8 622 722 0)
(10668 -116008 -5030.12 167 267 3)
(10670 -114319 55437.2 555 655 0)
(10687 -1855.98 -83579.9 330 430 2)
(10693 117890 132990 416 516 1)
(10700 -22982.3 -138344 438 538 3)
(10716 -1540.73 21096.3 338 438 0)
(10729 964.218 -92215.9 238 338 0)
(10732 1589.97 62787 445 545 1)
(10735 -36509.2 -131096 614 714 2)
(10737 -120706 55419.7 382 482 1)
(10738 -49672.3 -8795.37 55 155 0)
(10741 26200 -92983.3 244 344 1)
(10745 2819.88 -45218.9 149 249 1)
(10746 61364.3 -114188 434 534 3)
(10747 -78855.1 -53453 445 545 1)
(10749 -9475.92 -94899.2 308 408 2)
(10760 62058.9 -62330.5 380 480 1)
(10771 74151 28943.3 8 108 1)
(10780 122900 -4379.43 310 410 0)
(10800 -118409 112612 87 187 3)
(10807 3492.44 120626 334 434 1)
(10809 -22777.8 -77845.6 108 208 0)
(10810 -26140.4 66924.9 45 145 0)
(10814 120395 67329.8 141 241 0)
(10843 -78730.9 -23376.3 363 463 3)
(10849 122430 35707.5 596 696 1)
(10867 67263.5 75743.9 393 493 1)
(10871 8932.82 87667.5 575 675 0)
(10880 118821 137556 514 614 0)
(10892 65417.3 67393.2 397 497 3)
(10894 -28011.9 -54338.6 595 695 1)
(10906 86276.3 -57530.1 611 711 1)
(10908 98430.9 76247.9 604 704 0)
(10912 105724 -94513.1 372 472 0)
(10915 -8786.33 -12344.6 44 144 0)
(10916 -49921.1 -10271 586 686 1)
(10924 55217.2 -72413.4 1 98 3)
(10961 -41477.9 -30965 1 101 3)
(10962 -77074 -138516 317 417 1)
(10968 100454 -103784 178 278 0)
(10989 110949 63541.2 358 458 0)
