(39014 -56491.5 87327.6 365 465 3)
(39018 123168 -112224 281 381 0)
(39046 -115405 86303.6 397 497 1)
(39047 105624 -104913 617 717 3)
(39054 -12591.8 -42102.5 33 133 1)
(39059 76782.4 108506 252 352 0)
(39068 -20468.9 18783.5 375 475 3)
(39075 -62591.4 145588 96 196 0)
(39079 77875.2 68211.9 446 546 0)
(39102 100426 -89628.8 449 549 1)
(39106 -36105 115650 196 296 0)
(39108 120847 28818.1 411 511 1)
(39117 -26811.2 36679.6 107 207 0)
(39119 99289.3 51101.7 425 525 1)
(39126 -20380 -102011 160 260 1)
(39135 98074.8 113650 33 133 0)
(39136 -31033.6 41297.4 134 234 1)
(39140 44427 8124.21 270 370 3)
(39145 -2897.72 -104461 160 260 3)
(39151 5686.57 -125114 96 196 1)
(39153 45661.7 -60315.6 461 561 3)
(39163 -23175.2 -114082 182 282 0)
(39169 85853.4 -120078 571 671 3)
(39173 -93782.8 -132870 175 275 3)
(39179 -70836.1 21491.7 196 296 3)
(39181 -68242.6 -139458 602 702 3)
(39187 -69002.9 50055.3 1 97 0)
(39193 -123427 -146423 406 506 0)
(39211 -52202.1 146101 379 479 0)
(39217 57068.9 -116657 137 237 1)
(39221 -121777 23716.2 297 397 1)
(39222 99179.3 -80982.6 521 621 1)
(39229 84780.6 -47412.9 174 274 0)
(39255 -42022.7 -115476 245 345 3)
(39261 -2988.11 -42566.8 537 637 1)
(39266 -5866.22 5407.2 237 337 3)
(39269 72460.1 131214 110 210 3)
(39272 117105 -95827.9 72 172 3)
(39274 3823.39 -131982 231 331 0)
(39284 -29053.3 -9380.43 385 485 1)
(39318 -40102.9 23466.8 475 575 3)
(39345 21714.7 -76957.2 520 620 1)
(39352 -70370.4 -74486.6 563 663 0)
(39362 -118471 55757.4 596 696 1)
(39395 -47847.1 120734 421 521 3)
(39396 5713.11 -57218.4 411 511 1)
(39407 105934 -83276.1 282 382 1)
(39417 -66482.6 129290 32 132 1)
(39419 -98828.7 51395.4 21 121 1)
(39431 -58726.2 81229.4 38 138 0)
(39445 -101089 1062.28 384 484 0)
(39463 -99113.3 -122990 338 438 0)
(39477 54553 54712 310 410 1)
(39478 8073.23 -125851 1 100 1)
