(31036 -18740.9 34198 628 728 1)
(31038 63256.4 87455.2 1 96 3)
(31041 18952.7 -56308.4 10 110 3)
(31051 -111144 -89175.8 265 365 1)
(31060 47543.5 59529.8 598 698 0)
(31066 -86823.1 -71215.7 511 611 0)
(31087 81545.8 67879.7 241 341 3)
(31091 15233.7 -72004.4 590 690 3)
(31094 123323 -105513 592 692 1)
(31098 -98576.8 -103699 551 651 0)
(31104 -77864.7 141757 584 684 3)
(31110 26472.7 126476 447 547 1)
(31116 -110338 37852.3 306 406 0)
(31123 -51458.2 4293.23 312 412 1)
(31139 -19859.6 -12708.2 18 118 1)
(31149 44963.2 -30186.1 115 215 3)
(31155 -90474.6 -149521 236 336 1)
(31160 63920.3 -1620.57 170 270 2)
(31162 -58058.7 73741.5 401 501 3)
(31169 98140.7 50168.4 238 338 1)
(31170 44895.6 -68774.3 122 222 2)
(31173 -108007 51803.8 382 482 1)
(31178 -103820 122202 78 178 3)
(31185 -113030 54057.7 1 93 3)
(31194 -25438.5 143229 204 304 0)
(31199 88128.9 -119855 35 135 1)
(31201 -52496.5 104281 590 690 1)
(31219 74038.3 -142743 568 668 1)
(31220 -70007.5 5576.66 170 270 0)
(31223 -107152 -88978.2 197 297 0)
(31226 -97214.4 41219.9 220 320 3)
(31228 39254.2 86652.7 136 236 0)
(31244 118289 -144751 456 556 1)
(31257 45046.9 12848.6 358 458 1)
(31263 31248.8 30762.9 224 324 1)
(31273 63637.2 19515.6 157 257 3)
(31315 54864.8 20801.7 477 577 1)
(31333 40253.4 -128193 19 119 0)
(31334 40117.6 38308.4 374 474 0)
(31338 57074.3 135436 105 205 1)
(31347 -41397.7 -41683.1 241 341 1)
(31352 -106964 72822.9 188 288 1)
(31355 -119438 99077.3 306 406 1)
(31359 -76513.6 -54031.6 248 348 0)
(31367 -86891.3 106051 276 376 1)
(31380 113855 63396.4 152 252 0)
(31384 65048.4 17895.3 557 657 3)
(31385 61216.8 54695.5 233 333 0)
(31395 81625.4 107549 524 624 1)
(31404 -63755.5 -68891.5 95 195 3)
(31412 -27833 -126401 560 660 1)
(31421 117135 141675 459 559 0)
(31435 61848.9 -40782.4 337 437 0)
(31436 20225 29525.6 28 128 1)
(31442 -99738.3 -37072 210 310 1)
(31448 62389.1 -63922.4 537 637 3)
(31451 119699 27665.7 529 629 0)
(31453 97414.6 133122 453 553 0)
(31456 68176.1 52105.5 284 384 1)
(31470 -59857.5 -137963 360 460 0)
(31474 -11586.7 -33866.2 44 144 1)
(31490 -111317 -30062 622 722 0)
(31492 -59573.5 -149152 362 462 3)
(31495 100906 -62523.8 508 608 2)
(31499 27573.7 20589.6 314 414 1)
