(23519 -117269 85303.4 334 434 0)
(23528 52208.9 27270.5 583 683 1)
(23533 119725 -99246.5 621 721 1)
(23573 -113819 -89402.2 267 367 0)
(23577 12518.9 123071 29 129 1)
(23582 -76226.3 75126.8 307 407 0)
(23583 -54262.8 84173.5 559 659 1)
(23587 -96221.1 67242.4 3 103 0)
(23605 -124540 -56995.4 21 121 1)
(23608 -99686.2 -83587.2 440 540 0)
(23612 118266 -5153.89 7 107 0)
(23613 112697 92295.8 224 324 1)
(23631 112017 8490.18 262 362 3)
(23646 57948 -91132.7 206 306 1)
(23648 -78698.8 -23358.5 189 289 1)
(23654 86043.8 -61884.2 96 196 3)
(23655 -91076.7 -49403.2 196 296 3)
(23659 105238 134718 345 445 3)
(23666 -66841.5 -145814 285 385 3)
(23670 45445 -140924 331 431 1)
(23689 -21880.2 56230.8 376 476 0)
(23699 -69309.9 -96305.5 205 305 1)
(23701 80215.1 -77493.9 555 655 0)
(23708 64256.4 -80779.7 178 278 1)
(23723 12168.2 46984.3 259 359 1)
(23726 -19076.2 -74740.1 294 394 3)
(23730 -36833.5 135101 34 134 0)
(23732 -90686.7 -127274 2 102 0)
(23734 -89136.7 -25312 539 639 1)
(23737 -16452 -48691.1 517 617 1)
(23765 62603.4 -96091.1 616 716 1)
(23776 -52255.4 4989.96 25 125 3)
(23791 -37901.4 -28359 623 723 0)
(23793 -539.35 59206.2 46 146 1)
(23811 50256.3 33075.3 507 607 3)
(23813 715.898 -140529 218 318 0)
(23824 97688.9 26673.7 205 305 3)
(23828 -75282.5 -22324.4 20 120 0)
(23843 -83260.4 -57741.8 611 711 0)
(23848 87813.4 -106770 181 281 0)
(23851 84214.9 -147507 409 509 1)
(23852 -56066.5 48612.5 6 106 1)
(23856 -101457 -12635.1 35 135 1)
(23863 63889.4 -84554.2 567 667 0)
(23866 85716.6 -35840.9 291 391 1)
(23868 92574.3 66695.8 417 517 3)
(23877 44753.1 -23712.6 568 668 1)
(23878 107815 88801.9 264 364 3)
(23892 107556 -133366 114 214 0)
(23895 6130.97 -100504 193 293 3)
(23899 42210 -14706.4 226 326 0)
(23907 -111051 -97057.4 404 504 1)
(23910 -21064 -32691.1 34 134 3)
(23919 38283.1 -125086 486 586 3)
(23926 -98459.7 80971.8 618 718 1)
(23931 92911.6 45369 489 589 3)
(23938 -97735.2 -60410.9 248 348 0)
(23953 14861.8 88123.4 97 197 0)
(23955 -54676 66902.3 379 479 1)
(23962 -118260 -16553.5 263 363 3)
(23973 -58648.9 -52805.1 150 250 3)
(23974 -32563.3 -110471 217 317 3)
(23990 121512 40566 497 597 1)
(23991 -29728.5 66065.4 176 276 0)
