(46500 -39884.1 -126306 306 406 1)
(46503 -62371.4 131269 58 158 3)
(46505 -20775.8 129945 460 560 1)
(46506 -563.854 -67087.2 435 535 0)
(46508 89017.1 -93754 537 637 0)
(46513 2831.89 49237.3 284 384 3)
(46529 -40577.7 113835 189 289 0)
(46534 -99780.6 52849.8 400 500 0)
(46536 34369.5 95202.5 266 366 0)
(46539 -19466.3 -29367 611 711 1)
(46553 -58076.2 -77892.9 286 386 0)
(46556 31251.6 51921.9 293 393 0)
(46575 20176.5 105861 123 223 1)
(46585 -1357.87 26639.9 121 221 0)
(46594 99699 69926.3 366 466 0)
(46598 -43032.6 -107218 575 675 1)
(46600 -41661.2 144729 454 554 1)
(46607 -104015 -86871.7 35 135 0)
(46611 -39305.9 -142414 513 613 1)
(46615 -43413.5 54810.6 370 470 0)
(46631 -31313.4 -51275.6 101 201 1)
(46640 19495.6 66968.1 369 469 3)
(46687 -64593.2 -115680 57 157 1)
(46694 24548.9 -126318 432 532 1)
(46716 -21872.3 -53655.5 297 397 1)
(46729 62914.7 -25462.4 565 665 0)
(46745 41213 141398 263 363 1)
(46746 -12759.2 -143552 116 216 0)
(46747 30111.2 -59426.3 16 116 1)
(46752 -43020.2 37272 390 490 0)
(46766 56789.7 119096 594 694 1)
(46774 39844.2 -78332.6 164 264 3)
(46775 -55726.1 -70211.8 510 610 3)
(46782 113319 136568 473 573 1)
(46789 -2963.13 -22444.3 185 285 0)
(46791 -11743.8 -29510.4 552 652 0)
(46794 -71064.2 115757 215 315 0)
(46812 105351 92611.4 343 443 1)
(46818 -54183.4 -33226 593 693 1)
(46828 -80603.3 -84395.5 240 340 1)
(46842 -123420 51261.7 333 433 3)
(46844 63852.2 8925 156 256 3)
(46848 -28480.7 87468 307 407 1)
(46849 -58876.9 -139865 150 250 1)
(46857 76470.5 63328 22 122 0)
(46859 -90327.3 -115985 401 501 0)
(46864 11036.9 -128533 544 644 3)
(46872 3416.01 25770.3 133 233 1)
(46886 -54921 -94616.1 547 647 3)
(46908 113696 -62132.8 297 397 0)
(46912 77490.4 -23757 97 197 0)
(46924 1078.06 -3764.07 454 554 0)
(46935 -92503.1 120476 589 689 0)
(46939 -67387.6 -77575.4 390 490 0)
(46945 -96536.4 -20457.1 324 424 0)
(46946 -92161.8 -35292.3 546 646 1)
(46951 -38151.7 -27072.9 326 426 1)
(46952 24487.3 -126417 545 645 1)
(46954 97404.7 -101296 445 545 1)
(46967 -12267.1 -88730.6 73 173 1)
(46976 106146 42145.9 466 566 3)
(46977 88377.1 65640.3 198 298 0)
(46978 -78018.1 -83771.6 329 429 0)
(46981 -6681.46 -101253 158 258 1)
(46990 90601.9 -144866 598 698 1)
