(7500 42790.8 38402.5 596 696 3)
(7512 77043.1 -91597.9 534 634 3)
(7513 79747.2 -148627 326 426 1)
(7516 -41564.4 -60597.2 256 356 3)
(7523 -109041 -33543.9 415 515 1)
(7530 -17843.9 -39828.3 53 153 1)
(7534 62319.8 -12082.4 192 292 1)
(7535 109918 -1132.91 420 520 1)
(7536 -24297 34289.8 518 618 1)
(7539 -99334.6 -130199 602 702 3)
(7548 -41281.5 -11379.7 366 466 1)
(7558 -32565.9 38650 171 271 0)
(7567 35208.3 81177.1 611 711 1)
(7570 23811.5 97625.3 504 604 0)
(7581 113369 -15805.4 63 163 3)
(7605 -69362.4 -123207 469 569 1)
(7617 -122679 88104.8 351 451 0)
(7618 108254 122269 99 199 1)
(7631 -64137.6 -63869.2 1 98 3)
(7639 -45822.9 -92312.6 383 483 1)
(7646 119884 94104.7 572 672 1)
(7654 -69368.6 1883.78 293 393 0)
(7656 114760 43254.6 184 284 2)
(7670 -86684.2 -13115.2 359 459 0)
(7672 30764.5 39652.3 524 624 1)
(7673 -32813.5 -126257 544 644 3)
(7676 -19424.6 -6932.43 94 194 1)
(7679 -117837 -42746.7 11 111 0)
(7681 84636.2 23500.9 30 130 1)
(7684 -25372.5 -77874.8 313 413 1)
(7698 63146.5 -55368.8 264 364 3)
(7699 -38158.5 112725 132 232 1)
(7708 -106562 -49102.7 183 283 1)
(7717 89201.8 -124641 299 399 0)
(7728 66610.3 56578 113 213 3)
(7744 -1632.47 -73433.8 1 100 1)
(7751 -3050.29 123500 522 622 3)
(7762 -17553.8 -1853.16 564 664 1)
(7779 -37796.9 97027.4 240 340 1)
(7782 -49301.7 28848.7 16 116 1)
(7801 89745.4 54281.9 73 173 1)
(7812 -3045.37 -46748.9 192 292 1)
(7814 115329 -61344.4 462 562 0)
(7827 -73954.6 -106640 293 393 3)
(7830 94655.7 15455.1 342 442 0)
(7833 34717.4 70505 362 462 0)
(7842 57258.8 -49174 28 128 3)
(7891 -64067.5 -7194.43 570 670 3)
(7893 107862 48715.5 121 221 3)
(7898 37808.2 -43121.1 456 556 1)
(7905 -15034.3 6494.33 157 257 1)
(7906 -64980.7 -147977 407 507 0)
(7914 -64253.1 -102573 549 649 0)
(7925 -41383.9 -70996.9 13 113 1)
(7937 71840.7 31775.1 496 596 1)
(7943 -53380 91954.6 530 630 3)
(7953 -114161 72794.6 79 179 3)
(7956 -119801 -22380.2 446 546 1)
(7970 16353.2 120130 39 139 1)
(7974 30297.5 145816 519 619 3)
(7984 116233 -22667 440 540 0)
(7988 -17484.5 -87252.2 193 293 0)
(7990 -19748.2 29447.2 159 259 0)
