(36504 44732.4 -71757.3 208 308 3)
(36513 58720.3 107527 287 387 3)
(36522 -84603.1 78283.1 6 106 0)
(36534 51148.9 -125452 251 351 0)
(36546 9303.61 -100443 249 349 3)
(36547 38411.2 34184.6 405 505 0)
(36553 -34065.4 -89746.5 486 586 1)
(36557 26908.2 -93429.9 62 162 0)
(36558 -100416 454.811 476 576 3)
(36559 118027 -32782.1 360 460 3)
(36595 -57327.1 110904 518 618 3)
(36598 -68252.7 -21742.5 321 421 0)
(36616 116170 122612 281 381 1)
(36621 60682.6 -94764.5 222 322 0)
(36625 -34466.5 -87917.7 449 549 0)
(36644 -74252.3 94512.3 606 706 1)
(36668 -59850.2 12140.8 586 686 1)
(36671 45718.4 108035 69 169 1)
(36703 110544 -53952.6 190 290 0)
(36711 -92688.1 -116133 253 353 1)
(36719 108480 127392 407 507 1)
(36731 -64694 -143962 430 530 3)
(36740 111943 -57255.3 194 294 1)
(36743 -85050.7 36351.5 515 615 0)
(36747 -28104.2 -17849 295 395 1)
(36756 -9792.89 -143072 91 191 0)
(36759 -116664 42914.4 2 102 0)
(36761 -41398.1 76064.7 360 460 1)
(36763 -38053.4 138065 132 232 0)
(36764 -43.7338 -93517.3 101 201 1)
(36783 -111417 30733.5 188 288 3)
(36789 109949 97597.7 156 256 3)
(36791 -70767 -80211.6 242 342 3)
(36796 93686.5 75334.4 167 267 0)
(36804 -12886.9 -138622 210 310 3)
(36842 -112915 119847 306 406 0)
(36845 108424 115714 269 369 1)
(36850 99888.3 12858.7 20 120 0)
(36859 -4431.03 -108110 277 377 3)
(36860 -64253.2 -57410.6 434 534 0)
(36862 -71566 38980.7 29 129 1)
(36873 54577 -102952 400 500 1)
(36882 18507.9 117449 533 633 0)
(36884 -51644.5 -76769.9 135 235 0)
(36885 66103.1 -6469.52 440 540 0)
(36886 89755.6 94614.8 117 217 2)
(36893 37334.6 -63880.2 561 661 1)
(36903 12576.1 -106407 201 301 0)
(36905 -81376.4 -75233.1 409 509 0)
(36915 -10102.9 -15373.3 604 704 3)
(36918 106344 79478.6 372 472 3)
(36926 39312.8 -82056.2 384 484 0)
(36927 -94.7277 -49324.7 115 215 0)
(36944 75699 12656.1 196 296 0)
(36954 123101 14563.6 247 347 1)
(36957 -41485.1 22587.5 329 429 1)
(36960 -30171.9 130116 461 561 1)
(36965 68411.9 86914.5 364 464 0)
