(25502 65869.7 -127060 34 134 3)
(25504 36831.2 -113244 221 321 0)
(25518 111644 135302 293 393 3)
(25530 -6055.59 17972.7 390 490 3)
(25531 -44504.3 70238 364 464 0)
(25532 2081.27 133780 574 674 0)
(25535 -30421.7 -59301.2 342 442 1)
(25536 37870.3 -52508.4 99 199 1)
(25539 73429.7 44544.4 58 158 3)
(25542 -118872 -79220 1 101 1)
(25546 81794.3 -10369.7 46 146 1)
(25563 14462.6 77778.1 144 244 0)
(25567 -24403.1 -135077 330 430 0)
(25568 -62470.3 93506.9 430 530 1)
(25572 -121827 79240.2 188 288 0)
(25602 -72108.8 98407.2 461 561 3)
(25622 96171 111608 25 125 1)
(25628 -57124.4 23202.4 256 356 0)
(25631 20676.1 29474.7 276 376 0)
(25633 34256.4 129281 5 105 3)
(25637 47943.5 -127181 232 332 0)
(25647 2452.27 57335.1 289 389 3)
(25648 -73162.6 30881.8 255 355 3)
(25649 11332.3 -84551.4 157 257 3)
(25658 -47397.9 -81605.4 601 701 1)
(25664 64137 -122120 141 241 1)
(25673 91663.3 119869 511 611 1)
(25678 1775.9 -946.25 410 510 3)
(25682 97250.9 -102019 48 148 -1)
(25685 -112766 117388 620 720 0)
(25688 -9507.77 -86239.5 572 672 1)
(25700 55514 -52489.3 112 212 1)
(25701 -66178.9 -31361.5 251 351 3)
(25714 101519 69930.6 333 433 1)
(25726 46290.9 -80088.7 519 619 1)
(25731 10122.5 32617.7 556 656 0)
(25737 25113.5 124508 215 315 3)
(25738 -11242.3 95488.8 558 658 0)
(25753 49300 19694.2 531 631 1)
(25754 115888 43648.8 529 629 0)
(25770 -72166 -131258 174 274 0)
(25771 -5395.01 35682.2 1 95 1)
(25781 75380.2 -136009 590 690 3)
(25798 -13777.3 14681.7 40 140 3)
(25814 -111145 108278 65 165 0)
(25836 105002 59839.9 39 139 0)
(25841 -71847.2 585.257 121 221 1)
(25861 -103427 149361 496 596 0)
(25865 83869.3 -3034.1 272 372 1)
(25886 80240 25137.6 317 417 3)
(25889 93289.2 -126644 266 366 1)
(25894 38927.7 53110.4 613 713 1)
(25897 3793.32 -87212 444 544 0)
(25901 76439.6 -72579.5 335 435 1)
(25906 79393.2 -124660 477 577 1)
(25916 -98199.7 106974 526 626 0)
(25919 115437 43712.3 468 568 0)
(25920 100616 -86307.7 426 526 1)
(25931 40276.7 79400.4 132 232 3)
(25943 -41592.9 88155.2 33 133 0)
(25946 79804.6 -38649.5 160 260 0)
(25950 41626.6 103016 358 458 0)
(25994 -53433.8 -117068 620 720 1)
(25997 -56243.6 132482 164 264 3)
