(28013 101038 -38179.6 500 600 0)
(28018 57254.9 67579.5 449 549 3)
(28039 -11508.5 -81828.9 265 365 1)
(28054 -46410 148133 175 275 3)
(28067 -31978.9 -60625.4 311 411 0)
(28074 30872.1 -46809.7 537 637 0)
(28084 36091.1 68915 355 455 0)
(28091 22219.1 -149751 307 407 3)
(28100 42464.5 -38513.3 575 675 1)
(28104 -50683.4 -25216.2 409 509 0)
(28115 -79180.8 -32263.1 535 635 0)
(28118 -740.363 140831 309 409 3)
(28120 31351.3 56930.3 345 445 0)
(28121 -76653.6 43537.8 511 611 3)
(28122 93055.9 120629 45 145 3)
(28130 -84713.2 49927.9 248 348 1)
(28136 24246.1 71409.9 120 220 -1)
(28138 -48464.3 -95987.9 246 346 0)
(28150 -6970.35 131687 275 375 1)
(28153 -37883.9 116126 452 552 0)
(28163 -55011.7 13111.9 616 716 3)
(28178 -109098 -116869 325 425 0)
(28202 54751.3 93746.1 354 454 0)
(28224 91270.9 15473.8 125 225 3)
(28227 55219.2 -143877 137 237 2)
(28228 -73838.1 130446 600 700 1)
(28233 -27639.7 3782.11 520 620 0)
(28235 113287 108099 41 141 0)
(28278 102371 -105821 317 417 3)
(28284 -13640.1 61127.1 462 562 3)
(28286 29717.4 128084 497 597 1)
(28303 58086.6 135553 149 249 0)
(28307 112977 -125013 98 198 0)
(28333 85369.9 19915.9 209 309 1)
(28338 -34770.8 113638 551 651 3)
(28339 28493.6 16985.1 305 405 1)
(28340 123321 132095 166 266 3)
(28342 82221 -28093.8 170 270 3)
(28346 7714.67 -146108 100 200 1)
(28363 -13951.8 124511 405 505 0)
(28374 80655.8 -94005.6 312 412 3)
(28377 -123884 -56874.9 410 510 0)
(28381 89400 34897.8 608 708 3)
(28389 -93858.6 100557 513 613 1)
(28391 33518.4 -32641.3 348 448 0)
(28394 -111955 -39025.9 58 158 1)
(28395 -119113 7850.13 310 410 3)
(28398 -79057.1 55078.8 9 109 0)
(28408 -107959 -52184.4 471 571 1)
(28413 993.461 33730.2 479 579 0)
(28427 76152.7 -146075 1 96 3)
(28440 122862 55443.3 451 551 2)
(28459 -15599.1 -104581 473 573 1)
(28467 -53610.6 48491.8 579 679 1)
(28474 8212.63 -20332.5 123 223 0)
(28479 105348 25333.3 506 606 3)
(28485 -50446.1 -142398 310 410 3)
