(16002 83410.9 328.585 278 378 0)
(16019 -111641 83832.7 103 203 0)
(16053 -18607.8 -95569 53 153 1)
(16057 116274 -70586.8 48 148 0)
(16063 -31978.4 -5265.36 136 236 0)
(16069 -45019.6 98741.8 306 406 0)
(16071 49612.3 -149495 1 97 0)
(16083 -97085.9 -54523 114 214 3)
(16101 5847.05 134354 339 439 1)
(16108 23903.7 -26023.2 556 656 3)
(16110 -123880 -32129.1 256 356 1)
(16112 -66972.9 80474 313 413 1)
(16113 21698.5 101991 50 150 3)
(16127 -69571.8 -106316 394 494 3)
(16137 37262.4 -127192 3 103 1)
(16139 74821 148336 485 585 1)
(16151 122889 -82087.7 512 612 1)
(16186 -45733.6 121944 349 449 0)
(16209 115734 16815.1 489 589 0)
(16223 -70075.5 27942.1 353 453 1)
(16229 -12248.6 -100798 609 709 0)
(16232 68208.2 52063.7 427 527 1)
(16239 -90872.6 100893 248 348 1)
(16257 -62210.8 -128857 369 469 0)
(16265 -96189.6 -116675 492 592 0)
(16274 122581 -115934 514 614 1)
(16278 88727.8 -121381 23 123 3)
(16325 -54808.1 122696 558 658 1)
(16331 -95411.4 -9026.3 133 233 0)
(16337 40790.7 137120 349 449 0)
(16343 -80987.3 1956.68 553 653 1)
(16349 -95377.5 -107173 519 619 3)
(16379 103082 -111385 231 331 1)
(16389 32680.4 53535.9 285 385 3)
(16393 100106 -24774.4 115 215 0)
(16401 82074 -72061.8 140 240 3)
(16402 119243 29239.7 142 242 0)
(16403 122828 18794.1 80 180 3)
(16404 -101225 -90567.9 118 218 0)
(16413 -105747 -118768 536 636 3)
(16414 -88059.6 -106399 600 700 1)
(16418 -64068.6 -66469.1 324 424 3)
(16426 17897.2 56012.6 456 556 0)
(16441 -73309.9 -126499 187 287 0)
(16447 -24503.4 132235 427 527 0)
(16461 85825.2 -5060.54 482 582 0)
(16472 -75850.2 -130752 563 663 0)
(16476 -68459.4 13815.1 576 676 0)
(16494 -83522.8 -7360.9 543 643 3)
(16495 14734.7 -26945.4 556 656 0)
(16497 80006.9 -125877 576 676 0)
