(40503 -24971.2 -114024 594 694 1)
(40506 67037 -95861 119 219 0)
(40509 -106330 -24519.7 483 583 1)
(40521 -98870.4 20949.1 375 475 0)
(40525 70532.7 124970 65 165 0)
(40542 -42089.8 -146532 31 131 1)
(40543 -98824.5 78175.1 396 496 1)
(40549 -61661.4 129561 558 658 0)
(40561 -69963.4 -130966 600 700 0)
(40565 -67995.1 49080.1 551 651 0)
(40580 -43599.9 70307 484 584 1)
(40588 62661.4 139485 384 484 0)
(40590 92623.8 -149219 345 445 1)
(40593 45470 -44335.7 503 603 1)
(40595 -11807.5 17137.5 598 698 1)
(40597 -112213 -68.2263 513 613 0)
(40612 -99549.4 56059 243 343 3)
(40622 -122775 -66628.6 232 332 1)
(40624 -115647 136136 406 506 0)
(40627 -86834.2 104991 613 713 0)
(40636 88130.7 -13107.7 78 178 0)
(40667 80422.4 -76262.3 179 279 3)
(40681 60037.7 -138783 427 527 0)
(40688 -2622.6 -47146.4 314 414 1)
(40718 -30498.2 30767.5 186 286 0)
(40731 -40533.9 -63684.5 551 651 3)
(40735 28969.1 -135640 411 511 3)
(40738 -4976.94 -5460.5 227 327 1)
(40741 -123404 -144196 289 389 1)
(40745 75894.7 -27277.2 190 290 1)
(40754 -97832.9 43672.3 121 221 1)
(40758 22595.6 -135734 233 333 1)
(40763 -90995.3 -53912.2 253 353 3)
(40783 -72467.3 64267.5 526 626 1)
(40799 -67130.5 123896 177 277 3)
(40809 6500.22 29878.8 192 292 1)
(40817 68943.2 -48062.8 500 600 0)
(40823 -37242 -130037 100 200 1)
(40834 30462 -77446.1 474 574 3)
(40855 121841 -64989.6 467 567 1)
(40857 -19094.4 -129988 238 338 2)
(40860 -116241 87515.9 532 632 3)
(40877 16664.4 -140318 148 248 3)
(40888 -91035.7 -27529 563 663 0)
(40900 -39057.2 92234.5 168 268 3)
(40901 -57445.2 -7336.58 565 665 1)
(40902 38835.6 29632.8 544 644 0)
(40905 96102.7 -105145 518 618 1)
(40937 116327 59712.5 395 495 3)
(40939 43967 -14038 523 623 1)
(40940 -54062.4 -86291 414 514 0)
(40943 76080.6 -143159 58 158 1)
(40944 -25732.1 5580.74 590 690 1)
(40948 50278.1 48974.8 198 298 3)
(40951 -85037 -1128.7 195 295 0)
(40983 16872.1 108596 115 215 1)
(40988 -62944.9 71999.1 320 420 1)
(40991 -80059.7 128266 556 656 0)
(40998 116194 73366.4 409 509 0)
