(14500 30853.5 58332.7 517 617 0)
(14508 -72248 -128334 113 213 1)
(14510 -25300.9 93013 168 268 0)
(14517 -95298.5 -128484 234 334 1)
(14529 86017.8 -79822.7 116 216 1)
(14534 7761.31 -103123 424 524 0)
(14535 81536.6 29959.1 149 249 1)
(14541 -77463.7 -81403.3 549 649 0)
(14548 13240.7 -142683 336 436 1)
(14557 99379 17244.9 1 95 1)
(14559 -26969.5 58282.9 498 598 3)
(14576 -109435 115901 419 519 1)
(14596 -50600 147589 401 501 3)
(14599 52512.6 -12792.7 17 117 0)
(14611 41505.3 -129087 220 320 1)
(14635 -284.121 6928.09 617 717 0)
(14642 -21384.8 -26878 118 218 3)
(14644 78111.5 -44560.2 595 695 0)
(14649 87127.1 80368.6 386 486 0)
(14655 18423.9 -7216.42 361 461 3)
(14675 -74764.3 79331.5 130 230 3)
(14691 -95266.8 19515.6 15 115 0)
(14701 -110608 -63458.4 537 637 0)
(14721 -95939.7 -139296 24 124 3)
(14732 37533.9 3999.13 367 467 0)
(14735 -89418.5 -39861.5 280 380 0)
(14749 -55197.8 4390.52 454 554 3)
(14754 91163 -100081 471 571 3)
(14757 -18257.4 -141727 568 668 0)
(14767 97105.9 125183 523 623 3)
(14768 100275 -62045.5 406 506 0)
(14771 -94055 19946.1 404 504 0)
(14773 32153.1 -55432.4 79 179 1)
(14777 117601 19074.2 264 364 0)
(14782 -12917.6 -86360.2 306 406 1)
(14785 7371.01 124947 5 105 1)
(14787 71842 110199 583 683 0)
(14798 54041.4 128558 221 321 0)
(14816 -121208 -69704.4 482 582 0)
(14838 20679.4 74050.1 67 167 3)
(14841 65145.3 -53484.1 444 544 0)
(14848 -67819.5 -11478.7 82 182 0)
(14860 -16486.5 33229.9 389 489 3)
(14870 102698 -79090.5 306 406 1)
(14872 -22989.6 -54167.1 373 473 1)
(14888 35256.7 31936 252 352 1)
(14914 -77545.8 -49678.8 517 617 3)
(14915 8499.42 17777.7 134 234 1)
(14924 63110.4 119459 309 409 0)
(14927 -53075.6 68007.5 382 482 3)
(14947 -94044.5 -79868.9 330 430 1)
(14950 -46661.2 -125110 293 393 3)
(14952 -26284.8 -140449 84 184 0)
(14953 50322.6 103759 239 339 0)
(14964 106302 -96844 144 244 1)
(14966 8022.77 70338.7 533 633 0)
(14973 25900.6 -20954.1 508 608 1)
(14977 -49463.8 90879.8 527 627 1)
(14987 -25105.7 -53198.8 615 715 0)
(14989 -22539.3 38823 538 638 3)
(14994 92066.8 34198.3 411 511 1)
(14997 44565.3 -103651 148 248 0)
