(27519 -97059.4 -77520.3 6 106 1)
(27525 -109859 146389 141 241 1)
(27532 -36210.2 -107046 230 330 1)
(27542 -22267.5 81512.6 94 194 3)
(27557 72700.4 -94444.1 424 524 0)
(27560 -100853 33293.7 364 464 1)
(27567 -60551.6 -5801.3 546 646 3)
(27588 -31491.3 -7497.51 248 348 3)
(27598 48113.5 -117741 33 133 3)
(27608 48560.4 100794 320 420 0)
(27609 66735.5 -126437 155 255 2)
(27621 28514.4 21420.3 264 364 1)
(27628 61493.6 86322 323 423 0)
(27635 -88823.1 104551 579 679 0)
(27652 9346.21 91126.2 495 595 0)
(27670 -29518 -5696.7 327 427 1)
(27675 -83098.7 41830.8 243 343 3)
(27683 7559.8 146672 460 560 0)
(27687 -54951.3 -17418.2 86 186 1)
(27688 -25000 55601.3 313 413 0)
(27695 -106888 135183 274 374 1)
(27702 54720.2 -36472.7 407 507 0)
(27710 15590.4 -140706 1 100 0)
(27717 102604 117532 99 199 1)
(27719 64349.5 2882.86 260 360 1)
(27720 75737.5 -95376.5 190 290 3)
(27732 81387.1 -132470 175 275 3)
(27741 19953.3 -8169.68 11 111 3)
(27748 -83118.3 -20477.1 56 156 3)
(27755 61004.4 125211 552 652 1)
(27761 578.619 38639.9 615 715 1)
(27782 45693.4 129172 19 119 0)
(27790 30374.5 -90497.7 134 234 1)
(27803 49632.5 -7075.44 483 583 0)
(27809 -57319.1 -42423.8 486 586 0)
(27817 112810 120614 184 284 0)
(27828 -33303.7 36812.6 547 647 0)
(27832 4067.93 -25101.8 107 207 0)
(27850 -110110 -138895 320 420 1)
(27853 123762 63574.3 417 517 1)
(27869 -16240.1 27723.4 301 401 1)
(27874 34395.5 -5480.54 396 496 0)
(27881 -110003 136186 486 586 3)
(27892 -60442.5 -110235 495 595 0)
(27897 40914.9 63176.8 162 262 3)
(27902 74096.9 92171.3 10 110 1)
(27908 14092.9 -48171.4 1 94 1)
(27913 -62505.9 21702.4 241 341 1)
(27917 -58117.8 -58347.8 600 700 3)
(27920 63792.9 -127186 476 576 0)
(27921 23801 -38906 138 238 0)
(27927 -3928.37 121658 459 559 3)
(27930 38385.8 -3878.07 285 385 3)
(27933 118772 -100273 316 416 1)
(27951 71947 -11013.6 482 582 0)
(27954 5401.09 65002.6 530 630 0)
(27969 -109946 -120011 411 511 1)
(27975 5293.43 -32578.8 489 589 0)
(27977 -58201.5 -78593.7 290 390 1)
(27979 7449.14 80181.3 294 394 1)
(27981 -105505 49450.5 11 111 3)
(27987 28636.1 -65252.8 482 582 1)
(27999 17386.1 -59719.5 424 524 0)
