(22508 12596.9 19417.3 553 653 1)
(22528 -107552 77419.5 137 237 0)
(22533 84290.4 -7273.99 482 582 1)
(22539 97662.2 -83985.9 232 332 1)
(22541 -30510.3 74798.9 61 161 1)
(22551 -39682.7 104911 216 316 1)
(22556 -28713 10742.6 198 298 3)
(22570 -96543.1 3268.71 180 280 3)
(22573 46798.3 -48877.1 40 140 1)
(22579 -39862.5 -71503.3 64 164 0)
(22584 -47462.4 -56543.8 585 685 1)
(22586 -108763 -120950 475 575 1)
(22587 80036.4 112442 37 137 1)
(22589 57390.8 111446 164 264 1)
(22600 65232.6 135978 221 321 0)
(22601 -23753.3 11546.4 55 155 1)
(22607 -109273 7689.65 485 585 1)
(22614 51491.3 -147757 265 365 0)
(22621 26258.6 -42008.4 37 137 1)
(22628 58089.1 -62782.5 123 223 0)
(22635 73157.6 -47455.3 552 652 0)
(22637 -102744 -131360 578 678 0)
(22639 -114236 -50115.6 395 495 0)
(22641 -28979.7 769.8 12 112 0)
(22655 -92903.8 144161 266 366 1)
(22665 71282 17581.5 250 350 3)
(22674 65112.8 -31445.5 273 373 0)
(22679 -105289 116283 303 403 1)
(22689 103063 105944 558 658 0)
(22695 -74619.5 -1445.76 421 521 0)
(22706 -95870.2 121288 523 623 0)
(22709 -48827.9 -104425 218 318 3)
(22712 2303.79 57334.6 166 266 1)
(22727 -106900 131984 165 265 1)
(22737 -40344.5 845.935 210 310 0)
(22744 -115790 30558 113 213 1)
(22755 11141.2 38413.6 334 434 3)
(22757 79659.7 26737.7 355 455 3)
(22763 96244.1 -133930 499 599 1)
(22767 -44158.4 -143007 307 407 1)
(22777 24959.6 -13443.6 522 622 0)
(22806 -93465.9 11834.3 499 599 0)
(22815 -38927.4 -67504.1 56 156 1)
(22816 107547 -90861.8 28 128 3)
(22823 117214 87618.7 297 397 1)
(22827 96935.9 50695.1 306 406 1)
(22828 -106773 -57166.4 493 593 1)
(22830 101239 644.222 506 606 0)
(22831 27104 -80154.3 195 295 0)
(22857 -119166 -106188 350 450 1)
(22866 32137.6 148718 489 589 3)
(22890 -38756.9 -100467 94 194 1)
(22920 46977 -82974.9 483 583 1)
(22928 -94322.1 -110826 336 436 0)
(22939 -78742 4801.06 296 396 0)
(22944 112271 31068.9 316 416 1)
(22945 -35145.5 -142243 179 279 0)
(22946 109673 -77283.1 547 647 3)
(22950 -108878 88080.9 169 269 1)
(22953 -51176.8 -78793.6 372 472 0)
(22961 -24087.3 -27570.3 81 181 3)
(22965 -59094 -126845 246 346 1)
(22967 1762.42 79543.5 371 471 0)
(22969 -115927 -84422.6 584 684 1)
(22988 7524.38 73371.1 624 724 1)
(22989 26722.4 -16120.3 303 403 0)
