(505 -92577.7 37936.6 535 635 3)
(507 41443.6 5781.75 288 388 0)
(522 -103931 34485.5 504 604 0)
(536 87623.4 -59738.9 79 179 1)
(541 31034.7 67950.1 200 300 0)
(562 57873.2 31834.4 482 582 1)
(564 66193.4 -94984.8 142 242 1)
(576 82168 98850.7 407 507 1)
(583 -261.472 -148689 7 107 0)
(585 84744.3 112280 387 487 0)
(597 -55216.5 -39173.1 555 655 1)
(605 -56407.1 -94165.4 551 651 3)
(632 -86980.1 31870.1 332 432 3)
(642 -58285.1 110247 250 350 1)
(649 33679 -23682.3 409 509 1)
(668 56176.2 -117141 267 367 1)
(688 11296.1 68958.1 141 241 3)
(689 -22856.4 90002.5 469 569 3)
(710 26325.8 -59327.7 363 463 3)
(715 -74568 112611 111 211 3)
(716 -53827.3 970.842 435 535 1)
(725 -87960.8 -135734 413 513 3)
(727 -71357.1 97546.4 219 319 2)
(735 100425 147115 140 240 3)
(744 37824 -100924 509 609 1)
(751 41694.1 -83192.6 149 249 1)
(752 120038 19693.7 430 530 1)
(753 93248.3 9363.12 373 473 3)
(760 -63131.2 63.6511 166 266 0)
(764 84509.9 -135347 48 148 3)
(769 -99776.1 -145055 508 608 3)
(771 106166 -17836.1 570 670 1)
(795 -52023.8 -44329 12 112 1)
(801 -92872.6 16385.5 175 275 3)
(804 -101778 -99202.3 257 357 0)
(805 36409.6 -79141 380 480 0)
(829 82772.5 66043.7 396 496 0)
(835 50977.8 24007.7 277 377 3)
(842 7375.61 146455 174 274 0)
(853 86732.7 72124 181 281 -1)
(861 67910.8 19894.2 4 104 0)
(879 443.978 96456.9 16 116 0)
(887 111823 100783 111 211 3)
(891 24896.6 47562.7 240 340 0)
(904 -33146.5 56425 393 493 0)
(909 94970.6 2355.24 425 525 3)
(937 -108360 -34857.1 304 404 0)
(940 -3565.22 -54507.1 480 580 1)
(953 -61315 -82846.8 169 269 3)
(957 -98276.3 -944.251 442 542 0)
(970 85218.6 943.447 163 263 1)
(975 8398.17 -28231.9 520 620 1)
(977 88986.4 -130457 133 233 0)
(981 -97826.5 -21611.3 172 272 1)
(992 -123441 127797 149 249 0)
(993 -22452.2 -75522.1 28 128 0)
(994 111427 -143684 3 103 1)
(998 -72814.2 14427.6 611 711 1)
(999 18654.4 -76232.3 87 187 3)
