(6510 -13108.2 54980.5 285 385 0)
(6534 -115369 44925 240 340 3)
(6538 -106580 -104268 479 579 3)
(6545 95117.8 -43884.9 203 303 1)
(6559 89267.9 64443.8 125 225 3)
(6562 -61923.2 -42293.1 335 435 0)
(6567 -75404.5 78961.1 415 515 0)
(6599 121746 -30767.4 110 210 1)
(6601 28377 107866 514 614 3)
(6614 7848.96 -14828.9 125 225 1)
(6627 121702 -99629.9 573 673 1)
(6631 18589.3 905.438 382 482 0)
(6633 2147.5 -46618 159 259 1)
(6639 -88444.3 -74086.3 629 729 1)
(6647 55752.6 3622.51 433 533 1)
(6652 -50960.1 -339.342 548 648 0)
(6680 51568.8 105761 382 482 1)
(6682 -114714 -95884.6 123 223 3)
(6688 -48632.3 47363.4 239 339 0)
(6696 6547.81 -85948.4 425 525 1)
(6702 -70134.8 -22541.8 104 204 0)
(6706 -54056.3 -113672 31 131 1)
(6726 -55757.4 -10882.4 125 225 3)
(6741 -63539.8 51641.3 137 237 2)
(6784 -69308.7 -107823 412 512 3)
(6791 107226 -118680 299 399 1)
(6793 36187.4 -50988.3 372 472 1)
(6804 20265.9 -45500.6 360 460 0)
(6808 17326.6 -66617.3 579 679 3)
(6811 8023.58 112285 391 491 1)
(6823 30797.5 111359 394 494 1)
(6829 32060.7 114348 203 303 0)
(6832 -49154.9 -131705 311 411 1)
(6835 -26907.3 -47460 473 573 3)
(6840 -113394 -125180 429 529 0)
(6849 61110.2 -5298.73 399 499 0)
(6856 -10496.1 -6573.36 318 418 0)
(6857 80509.9 60967.9 456 556 3)
(6868 2768.14 13214.5 56 156 1)
(6875 52276.5 -147481 195 295 1)
(6876 -51374.3 13043.9 575 675 3)
(6879 -9367.65 -19507.2 111 211 3)
(6891 -31524.9 -101669 298 398 0)
(6931 37726.9 117126 585 685 1)
(6942 -11307.2 72081.7 89 189 0)
(6958 -31982.3 56051.6 290 390 3)
(6959 91458.4 111186 253 353 0)
(6963 51204.8 -138507 344 444 3)
(6965 -120704 71365.3 1 98 1)
(6992 -28102.9 111731 181 281 1)
