(48003 70739.6 -132314 606 706 0)
(48004 -32720.1 76310.5 615 715 0)
(48010 -68790.7 856.091 178 278 0)
(48015 -6073.08 -52200.1 536 636 0)
(48018 -114722 -69938 570 670 0)
(48019 -47112.1 84640.5 75 175 0)
(48060 -34951.1 9727.53 47 147 3)
(48064 67332.6 -78785.9 35 135 3)
(48067 -45061.4 35948.4 296 396 1)
(48083 7719.7 127470 340 440 0)
(48085 -107634 77460.9 400 500 0)
(48103 80375.8 20899.7 4 104 0)
(48104 -2789.66 -10014.6 77 177 3)
(48121 45738.7 59057.7 180 280 3)
(48123 -7802.44 -31599.7 480 580 1)
(48150 -106528 17988.8 89 189 3)
(48160 71113.6 -50552.3 365 465 -1)
(48174 28577.7 21377.5 441 541 1)
(48186 -39397.3 88225.4 407 507 3)
(48187 50915.9 -30534 106 206 1)
(48188 44515.2 62742.4 50 150 1)
(48214 31367.7 -114171 289 389 1)
(48216 98196.7 -64941.2 494 594 0)
(48218 44261.4 -75054.8 181 281 1)
(48224 -108728 -77117.5 26 126 0)
(48228 -85511.6 104520 80 180 1)
(48243 38115.6 98675.1 290 390 0)
(48245 101143 -128409 26 126 1)
(48257 33866.1 -14033.7 82 182 1)
(48258 51439.2 -96217.3 391 491 0)
(48270 -20360.9 110348 10 110 3)
(48272 88462.3 15259.5 477 577 0)
(48274 5472.54 -128280 15 115 1)
(48290 -43530.3 70245.5 602 702 1)
(48294 109489 50404.2 259 359 3)
(48295 -43197.8 72293.7 154 254 1)
(48296 -123057 -570.234 122 222 1)
(48300 -8241.24 137020 181 281 0)
(48301 -918.725 -110280 601 701 0)
(48306 97921.9 -107500 80 180 3)
(48312 -103129 27851.2 93 193 3)
(48316 50821 66138.1 8 108 0)
(48327 -13424.8 51176.7 170 270 0)
(48328 -19712.5 133482 453 553 0)
(48331 -29139.5 -21305 194 294 1)
(48337 55114.7 -28596.5 268 368 1)
(48340 -97150.5 -123302 612 712 0)
(48350 32953.2 -25125.7 63 163 1)
(48363 -95259.7 -117373 52 152 0)
(48379 -51657.5 38710.1 279 379 0)
(48380 -65851.8 99705.8 380 480 3)
(48385 -66617.6 128154 42 142 3)
(48388 32328 -98928.3 21 121 1)
(48394 81324.8 -20976.2 461 561 1)
(48402 -51552.7 67150.2 567 667 0)
(48420 120211 -74163.6 595 695 1)
(48425 44944.5 -89348.6 111 211 3)
(48436 58785 48873.8 446 546 3)
(48441 -42820.3 83912.8 629 729 0)
(48443 99023.1 131667 2 102 0)
(48446 -86692.1 125869 374 474 0)
(48457 -30323.9 110638 346 446 0)
(48462 -50549.1 124446 330 430 1)
(48470 46322.2 30965.6 235 335 0)
(48492 32133.4 -66882.7 512 612 0)
(48499 -123016 -12103.1 452 552 3)
