(18522 -34976.2 -34715.3 341 441 0)
(18528 -92900.4 -42186.3 263 363 0)
(18533 -61255.6 95435.1 607 707 1)
(18544 39491.5 -87640.3 216 316 0)
(18547 -89485.1 96562.4 294 394 3)
(18549 -28720.5 56610.5 616 716 0)
(18551 113268 -99957.8 54 154 2)
(18559 2070.51 86451.6 168 268 3)
(18567 5956.78 42721.9 168 268 1)
(18579 -74824.9 79378.9 434 534 0)
(18586 75739.3 -96533.1 328 428 3)
(18593 -67418.3 41831.2 209 309 0)
(18595 106470 -100499 170 270 1)
(18601 48097 -16413.3 151 251 1)
(18612 -71720.1 23239.2 301 401 3)
(18624 -98880.8 -138153 436 536 0)
(18627 116965 91099.8 217 317 1)
(18630 -105765 -17488 232 332 0)
(18636 -122140 124025 439 539 3)
(18646 53251.9 98954.5 141 241 1)
(18650 61724.8 -106934 178 278 1)
(18660 103236 47301.2 601 701 1)
(18666 -19534 75163.2 409 509 1)
(18676 -120568 105751 224 324 1)
(18678 73792.2 61255.1 233 333 0)
(18692 -15744.9 -30970.7 628 728 3)
(18694 -102416 -111687 485 585 3)
(18698 17581.1 84415.6 438 538 1)
(18699 -76704.8 -61193.2 259 359 1)
(18701 47111.3 -104582 66 166 0)
(18734 -99749.5 -57644.5 475 575 3)
(18745 -78165.4 -30173.7 36 136 3)
(18754 17908.4 114191 94 194 0)
(18760 116400 28328.2 75 175 3)
(18764 25137.1 -82113.7 367 467 1)
(18765 9699 95307.2 353 453 1)
(18778 47176 41722.9 463 563 1)
(18780 35173 -39666.6 268 368 0)
(18781 -118823 -40048.5 423 523 1)
(18785 85755.1 -116168 104 204 3)
(18790 -74154.9 -84286.8 554 654 1)
(18792 66446.5 -96367.7 565 665 1)
(18795 82802.4 -121158 172 272 3)
(18801 -18962.5 81553.4 54 154 0)
(18810 -95235.3 -21784.6 299 399 1)
(18817 -79985 24820.6 129 229 3)
(18820 -11605.3 138049 345 445 1)
(18825 -50521.1 -86942.5 87 187 0)
(18864 3383.43 -105413 399 499 1)
(18865 -29839.6 28557 501 601 3)
(18867 -111178 -843.5 485 585 0)
(18868 -115850 54756.9 623 723 0)
(18870 -78277.8 24231.4 335 435 1)
(18873 110578 106486 359 459 1)
(18876 -92505.4 66579.1 295 395 1)
(18877 -54174.3 53595.4 300 400 3)
(18886 87781.5 26465.7 353 453 1)
(18890 -80309.7 73101.2 192 292 1)
(18891 -25491.2 25432.1 279 379 0)
(18895 24882.6 54161.2 14 114 3)
(18911 -57690 141323 103 203 0)
(18936 106992 53015 293 393 0)
(18938 -74584.2 85985.4 257 357 1)
(18940 52431.5 -132042 519 619 3)
(18942 58992.4 149999 56 156 3)
(18957 -90737.8 -9067.24 83 183 0)
(18958 -47704.9 -44465.6 448 548 0)
(18964 45032.9 39794.4 230 330 1)
(18965 -104355 82942 1 99 3)
(18984 -42179.3 19851.3 215 315 1)
(18994 63135.4 -64370.1 233 333 3)
