(47003 -19620.4 93173.5 435 535 1)
(47004 -57129.9 -43419.3 1 96 1)
(47008 -53013.2 12525.6 23 123 1)
(47018 54746.4 -34576.8 439 539 0)
(47024 -28026.3 3008 1 100 1)
(47029 115482 85299.6 288 388 0)
(47031 -111905 -16830.2 607 707 3)
(47041 -96148 -54882.5 381 481 3)
(47047 -101307 -47424.8 403 503 0)
(47053 -36264.9 139389 473 573 3)
(47057 -26791.4 -29672.7 47 147 1)
(47059 19001.4 115142 480 580 0)
(47061 97560 51665.7 344 444 0)
(47067 6782.65 136280 531 631 1)
(47070 48556.7 -114136 323 423 0)
(47099 78161.9 79691 582 682 3)
(47100 121813 -38637.8 93 193 1)
(47107 86579.2 79397.9 608 708 1)
(47120 121393 97301.8 362 462 1)
(47126 18647.2 57717 399 499 1)
(47127 -120337 -40948.5 66 166 3)
(47129 61284.7 -45950.9 506 606 1)
(47136 84886.7 -64230.2 322 422 2)
(47137 31193 39533 567 667 0)
(47164 -71545.9 36875.7 215 315 0)
(47166 -63683.1 -127453 620 720 1)
(47171 77275.7 89433.2 397 497 0)
(47177 -72058.9 -138630 621 721 3)
(47185 50790.8 -145267 391 491 0)
(47186 -43641 109396 346 446 2)
(47193 -77085.8 -63480.7 579 679 0)
(47196 -88444.8 22114 585 685 0)
(47198 -53003.8 -139968 396 496 1)
(47199 -64710.8 -84903.8 151 251 0)
(47223 -29170.7 -60295.5 487 587 1)
(47228 -20187.9 -37977.5 519 619 0)
(47238 -118217 133726 449 549 1)
(47239 103948 24904.8 456 556 1)
(47241 46883.4 45566.9 488 588 1)
(47277 68108.4 1495.17 19 119 0)
(47282 -44295.3 -124531 141 241 0)
(47297 -55694.1 -118191 26 126 1)
(47299 -81698.1 -76210.5 54 154 0)
(47305 -113832 149506 612 712 1)
(47321 10760.8 92381.1 310 410 0)
(47336 -7644.59 -66460.4 334 434 0)
(47342 19002.3 -19624.7 422 522 1)
(47359 22818.9 131401 411 511 3)
(47363 -45288.8 20717.5 217 317 1)
(47375 83561.5 114860 586 686 1)
(47382 107156 -46463 123 223 3)
(47384 -38438.3 -24128.2 322 422 1)
(47402 97316.7 -53417.1 337 437 0)
(47405 90956.8 110091 88 188 1)
(47412 -8893.68 109191 97 197 0)
(47414 -115597 -118629 472 572 0)
(47417 76548.6 24215.4 169 269 1)
(47456 44063.8 56231.6 464 564 3)
(47458 92293.7 -31254.3 519 619 1)
(47493 4496.91 -115505 1 94 1)
