(5507 -96678.4 94533.9 345 445 0)
(5520 266.954 -67972.8 91 191 3)
(5527 -21279.5 -14738.5 355 455 3)
(5529 -70325.6 43057.3 6 106 0)
(5541 -112497 25708.9 483 583 1)
(5578 -60838.6 -7744.19 547 647 1)
(5616 -27805.8 -141692 73 173 1)
(5624 -94814 116358 183 283 0)
(5631 -112956 -47174.1 54 154 1)
(5645 66804.7 55530 117 217 3)
(5656 -65254.8 83979 159 259 0)
(5658 106699 10287.6 415 515 3)
(5661 23312.1 -61954.2 223 323 1)
(5669 20679.4 -32230.2 537 637 3)
(5671 -19582.8 -49183.6 593 693 1)
(5704 -119742 13400.5 213 313 1)
(5708 72658.1 -103888 199 299 1)
(5710 -48059.2 -78574.4 75 175 0)
(5711 17720 -106246 247 347 3)
(5716 47530.6 -46085.4 56 156 3)
(5730 55450.4 38403.4 39 139 1)
(5737 20896.1 13447.9 301 401 0)
(5757 12446 -75502.2 74 174 0)
(5765 117487 -35322.2 467 567 1)
(5783 -23125.8 -102404 52 152 1)
(5788 -123523 -108317 119 219 0)
(5792 -104227 -35817.5 162 262 0)
(5798 -30982.5 87066.7 565 665 0)
(5799 38021.8 66846.4 205 305 3)
(5816 -49628.2 -24553.2 136 236 1)
(5818 -14326.6 35692.4 345 445 0)
(5825 -21319.6 -149500 13 113 0)
(5835 25247.2 78310.9 618 718 3)
(5836 38929.8 -55681.5 349 449 0)
(5843 37992.8 -53789.2 552 652 3)
(5847 -110997 -97022.4 262 362 1)
(5852 68131.2 52069.8 85 185 1)
(5855 102498 13141.7 419 519 1)
(5862 -106340 119283 514 614 0)
(5867 -82917.8 75713.7 161 261 1)
(5884 -69439.2 -123687 481 581 3)
(5898 31796.1 -33585.8 486 586 3)
(5899 -117245 -107667 212 312 0)
(5901 26261.9 7597.17 477 577 3)
(5903 108224 134008 122 222 0)
(5919 1646.4 -96471.9 1 98 0)
(5920 -77323.7 132434 428 528 0)
(5935 56887.7 -32610.7 185 285 3)
(5937 7273.95 -97875.7 390 490 1)
(5953 -100055 -117746 210 310 0)
(5954 -8139.14 89062.9 1 93 0)
(5967 -38910.9 -106182 625 725 0)
(5975 -95959.4 78493.5 140 240 0)
(5979 -43075.4 -98238.5 34 134 0)
(5986 22274.3 78264.9 293 393 1)
(5989 8115.64 -97416.4 254 354 0)
(5997 38977.2 -105807 41 141 0)
(5998 -39866.8 -42482.3 104 204 1)
