(7016 -10199.6 -17942 361 461 3)
(7034 -91582.1 139593 204 304 1)
(7042 10884.9 -122448 235 335 1)
(7055 -102182 83827.8 1 95 1)
(7068 -42011.9 -135333 459 559 3)
(7079 89265.6 -62074.7 219 319 0)
(7088 -81721.1 54899.2 72 172 0)
(7094 -38282.1 -141939 106 206 1)
(7103 -123489 -13789.3 543 643 1)
(7112 -2366.34 34100 71 171 0)
(7114 28488 52951.8 454 554 1)
(7116 748.342 133574 220 320 3)
(7120 -12111 -141819 438 538 0)
(7121 85659.4 -89417.5 550 650 1)
(7122 -123693 -101145 287 387 1)
(7130 -20261.5 -71379.3 1 99 3)
(7137 -43724 16866.9 484 584 2)
(7140 -348.889 120124 361 461 0)
(7171 -42796.8 -52188.4 337 437 0)
(7173 94616.4 16099.2 401 501 1)
(7195 23462.2 -23419.4 91 191 1)
(7208 -111099 88605 244 344 0)
(7210 51220.5 69401.4 437 537 1)
(7218 -56867.5 47442.6 9 109 1)
(7233 27122.2 127315 397 497 0)
(7238 23310.2 -147216 452 552 1)
(7253 -28303.1 50948.1 202 302 3)
(7258 -27257.5 30974.3 479 579 3)
(7272 70894.1 128062 305 405 3)
(7293 18145.7 94892.7 54 154 0)
(7297 -90309.6 -139106 480 580 3)
(7298 59594.7 61343 266 366 3)
(7301 55972.3 -124896 230 330 1)
(7303 -101718 -33205.9 132 232 1)
(7313 30268.3 57409.5 275 375 0)
(7324 54583.9 54599.4 233 333 3)
(7327 100904 52400.9 365 465 1)
(7328 -17965.7 -33537.3 362 462 0)
(7338 -25969.4 -90175.5 427 527 0)
(7340 15243.1 78132.6 310 410 1)
(7341 14449.6 23633.4 230 330 1)
(7343 19149 -124991 1 100 1)
(7347 -48829.3 40417.4 258 358 1)
(7357 -72339.4 -148314 51 151 -1)
(7360 47832.7 -133016 213 313 0)
(7365 -119344 -86426 176 276 2)
(7376 -86685.9 12982.2 387 487 1)
(7381 -69412.1 46663.3 424 524 0)
(7385 74148.6 -141347 569 669 1)
(7387 -35870 25021.9 403 503 0)
(7394 -123282 33594.5 340 440 0)
(7397 -112462 68734.2 403 503 0)
(7403 -5990.58 -83816.4 223 323 1)
(7419 74894.2 -126733 590 690 0)
(7424 -42290.9 105319 305 405 3)
(7442 -66240.5 -70565.4 294 394 1)
(7443 -80661.1 46994.6 496 596 2)
(7451 79303.6 -135743 194 294 0)
(7463 68952.9 -114021 7 107 0)
(7469 13582.1 -56459.9 143 243 2)
(7480 123372 102382 192 292 3)
(7485 -14811.1 94596.8 109 209 1)
(7497 81897.7 9598.46 17 117 0)
