(5006 66.9482 -139012 575 675 1)
(5010 -64850.6 -14931.3 375 475 0)
(5012 -97811.3 104078 179 279 1)
(5014 16870 -17277 524 624 3)
(5018 30185.7 18625.5 512 612 1)
(5033 -10651.2 -7125.29 65 165 1)
(5038 -33943 95449.8 261 361 1)
(5043 -47251.6 -83926.1 561 661 0)
(5044 -51561.7 -138710 614 714 3)
(5046 -31576.8 10864.3 4 104 3)
(5047 -46817 28689.3 167 267 3)
(5048 102340 -101209 467 567 1)
(5056 -64106.6 59444.4 570 670 3)
(5065 81728.4 78191.6 407 507 0)
(5074 -32131.6 96727.8 183 283 1)
(5077 -36755.3 -97703 254 354 3)
(5089 94011.3 30551.2 232 332 3)
(5091 91743.6 18103.3 344 444 1)
(5116 -29717.2 -93303.3 7 107 3)
(5172 80927.6 -72.9763 371 471 0)
(5182 -19290.4 66191.6 331 431 0)
(5197 52187 -147062 584 684 0)
(5205 -110902 109829 142 242 0)
(5210 -38055.1 53257.3 77 177 3)
(5211 41084.8 49620.6 499 599 1)
(5214 70820.1 -22197.2 435 535 1)
(5233 19457.2 -90474.4 219 319 3)
(5234 7298.05 -63780 138 238 1)
(5235 -51401.5 148539 200 300 3)
(5249 22182.4 82816.9 263 363 1)
(5250 -97899.1 -127826 77 177 1)
(5253 57475.2 -109156 478 578 0)
(5254 -12316.5 -79245.2 342 442 1)
(5272 54763.4 -131456 277 377 3)
(5273 -101964 -112859 209 309 0)
(5277 37887 -48817.7 249 349 -1)
(5290 -124343 121399 245 345 1)
(5296 -117146 33466.9 116 216 3)
(5301 -6881.2 143878 394 494 3)
(5302 -65480.9 39095.1 195 295 0)
(5303 -65450.1 -36610.1 455 555 0)
(5311 38400.6 -75642.3 457 557 1)
(5323 -112661 -110251 620 720 0)
(5330 12999 7010.6 584 684 0)
(5331 104881 147052 521 621 2)
(5337 124523 -62045.9 155 255 1)
(5363 -8082.69 -117249 193 293 1)
(5380 97688.2 -133422 341 441 0)
(5381 12932.8 75384.8 432 532 0)
(5390 -74225.9 46692.7 505 605 1)
(5393 -35366.4 -115894 435 535 1)
(5398 76729.9 -63924.2 285 385 0)
(5414 87941.3 -87170.9 52 152 0)
(5430 39086.3 -94774.1 145 245 1)
(5436 33161.2 -118041 271 371 0)
(5441 -42422.2 41942.5 502 602 1)
(5449 -10902 103724 346 446 0)
(5458 -60708 149769 413 513 1)
(5478 5840.95 78431.1 82 182 3)
(5485 -6646.79 61231.2 324 424 1)
