(12001 69302.6 82298 418 518 1)
(12010 -119368 2550.58 216 316 0)
(12015 60280.8 -95065.7 168 268 0)
(12023 25715.6 -101107 429 529 3)
(12035 104092 -28419.1 317 417 1)
(12056 -114284 -1777.42 47 147 1)
(12058 -36324.4 25736.9 299 399 2)
(12075 82128 -74367.9 348 448 3)
(12076 74854.7 18142 420 520 3)
(12078 -11304 -112428 94 194 0)
(12082 -124852 38903.5 568 668 1)
(12084 22981.8 14642 254 354 3)
(12089 51472.2 -11985.6 268 368 1)
(12090 63631.2 117257 167 267 1)
(12095 47728.5 -115408 237 337 0)
(12096 105879 -73634.8 98 198 1)
(12098 75946 -84504.1 480 580 3)
(12106 37735.7 -139509 608 708 1)
(12112 32147.1 123831 118 218 0)
(12119 61431 79585.9 570 670 3)
(12124 123281 -4925.31 144 244 3)
(12125 92779.1 103556 502 602 1)
(12131 -2855.35 -111438 78 178 3)
(12134 51933.6 -119966 1 100 0)
(12136 -22623 -142682 365 465 0)
(12145 -104820 -6437.25 149 249 1)
(12146 -35429.1 -43009.3 261 361 3)
(12154 37653.6 -145759 200 300 0)
(12158 109589 -26657.8 493 593 0)
(12167 -40206.5 46069.5 378 478 1)
(12170 73900.9 -75712.5 10 110 3)
(12171 -5499.43 -126117 565 665 0)
(12172 -8990.79 -12527.3 517 617 1)
(12175 42463.5 -122497 576 676 1)
(12190 86869.1 149949 190 290 1)
(12194 86935.8 101443 590 690 1)
(12201 22836.5 109345 300 400 1)
(12235 45450.8 107128 314 414 1)
(12249 -25317.6 -120376 29 129 0)
(12251 24635.1 -132235 529 629 3)
(12263 972.132 47551.1 180 280 0)
(12267 -100684 -44650.7 40 140 0)
(12270 48075.4 -118631 51 151 1)
(12278 29164.3 29422.5 109 209 3)
(12279 68918.7 68915 449 549 0)
(12281 -63626.3 -108798 301 401 1)
(12293 10618.7 -51410 123 223 0)
(12313 -82932.9 48861.6 203 303 0)
(12325 87120.9 97653.3 148 248 1)
(12332 44059.5 135299 152 252 3)
(12341 -8522.33 107942 282 382 0)
(12345 -6182.77 65587.1 273 373 1)
(12352 53882.8 136375 513 613 1)
(12398 98007.8 15983.9 428 528 0)
(12399 -32264.4 47181.9 56 156 3)
(12400 93072.4 -97552.8 399 499 3)
(12401 36908 35991.1 410 510 0)
(12403 98595.7 97324.2 146 246 0)
(12409 -2340.25 -104211 538 638 1)
(12411 76487.6 -88318.9 492 592 1)
(12414 61397 -99151.8 587 687 3)
(12431 -68764.1 -129351 340 440 0)
(12450 27073.1 60922.3 218 318 0)
(12451 -10293.7 -106349 199 299 1)
(12474 47315.8 -127299 140 240 3)
(12478 -2182.02 105993 535 635 0)
(12481 -8549.01 -110647 372 472 1)
(12483 -107193 -122514 343 443 1)
(12485 83670.8 146765 293 393 0)
(12491 102327 106437 22 122 3)
