(33001 -71679.1 -129086 24 124 3)
(33021 62575.3 22715.7 192 292 0)
(33026 -15031.6 -5063.16 336 436 0)
(33035 96016.4 -49818.8 437 537 0)
(33040 -23767.2 40496.7 237 337 3)
(33045 10620.2 -6255.47 107 207 0)
(33054 103261 68777.4 329 429 0)
(33081 82187.9 -9155.08 1 101 0)
(33084 -82775.9 -90505.8 32 132 0)
(33087 48923.9 83136.4 64 164 0)
(33106 -54284 -87502.1 404 504 3)
(33119 92028 -5356.5 577 677 0)
(33138 -57192.7 366.854 312 412 0)
(33140 -49365.3 -68337.6 580 680 0)
(33159 -7680.66 -118199 400 500 3)
(33161 -116143 -76327.8 166 266 3)
(33169 -72302.7 -46338.2 438 538 1)
(33176 -15477.6 -124204 383 483 1)
(33178 -37562.4 -94749 329 429 0)
(33199 -49730.8 115598 274 374 0)
(33200 -68561.2 107275 207 307 1)
(33209 -17854 -11834 598 698 0)
(33210 28998.1 -53613.7 178 278 1)
(33225 -71821.5 1829.16 301 401 1)
(33226 92158.5 30424.8 151 251 1)
(33236 -84340 11300.8 78 178 0)
(33270 -79082.5 -118132 1 97 1)
(33295 -99547.5 114022 257 357 0)
(33298 71014.4 59093.2 13 113 3)
(33302 -101749 -8151.4 159 259 0)
(33314 73936.5 -109603 329 429 0)
(33318 91533.5 35013 146 246 1)
(33321 -119027 -63198.8 550 650 1)
(33325 22873.8 111632 191 291 3)
(33329 18987.9 93242.4 353 453 0)
(33330 -11803.2 26322.3 186 286 1)
(33350 2477.6 36253.5 24 124 1)
(33355 -75874.7 466.531 527 627 1)
(33359 -116578 -147132 202 302 0)
(33361 123944 -114873 123 223 3)
(33370 -58279.2 -111697 257 357 0)
(33371 -85568.2 13498.3 70 170 1)
(33376 -122376 -98314.7 36 136 1)
(33377 111011 58159.4 500 600 1)
(33380 -72378.2 25124.6 257 357 1)
(33385 -58695 17556.1 377 477 1)
(33387 57405.9 51602.9 485 585 1)
(33392 85810.1 -147810 428 528 1)
(33402 118035 130629 164 264 1)
(33410 -23953.4 -4538.14 52 152 1)
(33411 48561.2 -89872.8 569 669 3)
(33418 -42076.9 132037 485 585 0)
(33428 5630.96 -102723 87 187 3)
(33435 48506.4 -103277 622 722 1)
(33441 -112504 22905.9 197 297 0)
(33442 2863.94 -56551.3 612 712 1)
(33446 59047.4 96256.1 405 505 0)
(33462 73219.2 114426 171 271 0)
(33463 -9617.35 66689.1 362 462 0)
(33472 8981.18 73634.3 561 661 3)
(33482 -123478 -146436 293 393 3)
(33484 93228.9 59270.8 612 712 0)
(33485 106008 -98112.4 34 134 1)
(33491 -78194.2 -59667.4 215 315 1)
(33493 -22591.6 39111.8 502 602 1)
