(20015 98441.8 -55300.1 471 571 0)
(20036 14746.1 4123.02 232 332 1)
(20038 66957.4 149422 198 298 0)
(20042 -51859.8 5917.09 289 389 0)
(20046 46055.7 147805 371 471 0)
(20065 -39291 45658.4 412 512 3)
(20067 -16121.5 -116411 106 206 1)
(20069 4394.27 -136705 379 479 0)
(20089 -104027 55740.2 169 269 0)
(20092 29861.6 5985.58 576 676 0)
(20100 61361.3 82479.6 404 504 0)
(20125 -122502 -17798.4 194 294 1)
(20133 -25384.6 133163 279 379 1)
(20137 7598.09 40510.8 144 244 3)
(20143 -76398.7 1599.84 471 571 0)
(20160 24606 -100177 60 160 3)
(20165 -83085.3 80413.3 7 107 3)
(20169 2692.49 56749.8 629 729 3)
(20181 -99417.2 -57239.7 543 643 1)
(20187 98110.4 -39566.4 522 622 0)
(20189 100728 102433 462 562 0)
(20196 22159.6 -9011.71 316 416 0)
(20202 -99998.9 -14636.9 477 577 0)
(20219 -53747.4 77131.1 195 295 0)
(20246 -63884.7 -53324 163 263 2)
(20249 -117960 72658.5 612 712 0)
(20253 92455.7 -112654 484 584 1)
(20258 84585.2 81523.3 39 139 0)
(20269 -36873.1 -43308.7 358 458 0)
(20276 -66334.7 -90409.3 19 119 1)
(20292 -23497.3 75623.9 383 483 0)
(20296 -94942.6 -67364.8 386 486 3)
(20314 10792.4 63519 35 135 1)
(20317 1872.74 121286 512 612 1)
(20320 1653.13 65961.7 194 294 3)
(20326 -30096.8 -30847.4 194 294 3)
(20328 44579.5 26266.7 218 318 3)
(20339 -2400.13 132356 9 109 3)
(20355 37711.8 55426 343 443 3)
(20357 -49669.1 73423.8 82 182 0)
(20373 96662.4 55486.9 70 170 1)
(20394 96154.4 31373.4 629 729 1)
(20401 -3635.93 -126462 605 705 0)
(20402 44672.1 -51791.4 494 594 1)
(20414 73727.3 41317.4 343 443 1)
(20423 -33827 31576.4 222 322 0)
(20427 53325.2 84414.1 291 391 3)
(20438 -27149.7 8951.81 90 190 1)
(20440 72847.8 7120.16 135 235 3)
(20443 -88848.3 -148775 249 349 3)
(20448 70384.7 -35554.3 5 105 0)
(20449 118039 117199 141 241 3)
(20450 -104114 -17294.9 87 187 1)
(20452 -64329.2 -141560 405 505 1)
(20455 89926.6 -119711 285 385 0)
(20459 29033.1 -37761.8 257 357 0)
(20483 -22633.3 -127348 11 111 0)
(20488 14428 140813 68 168 0)
