(37004 98395.7 20773.8 616 716 1)
(37008 115073 -106253 193 293 1)
(37010 77459.8 58841.9 390 490 1)
(37011 66826.1 -29934.1 273 373 1)
(37019 -3252.56 38656.6 160 260 1)
(37020 -83077.5 -12216.8 435 535 3)
(37026 103631 -137996 11 111 0)
(37027 -110922 102498 292 392 1)
(37030 24214.9 -130759 346 446 1)
(37035 -39886.7 -56744.2 478 578 1)
(37036 19096.4 -19663.7 367 467 0)
(37041 -33149.7 36291 421 521 0)
(37044 -57469.3 -127161 453 553 0)
(37052 -115439 -96120 312 412 1)
(37080 58074.8 -92131 117 217 0)
(37081 -33738.2 130900 540 640 1)
(37084 -14691 -119700 300 400 1)
(37089 9190.5 5825.98 381 481 1)
(37090 -20089.7 42762.4 372 472 0)
(37094 -117622 -4810.21 595 695 3)
(37095 67491.6 93074.6 61 161 1)
(37100 80205.6 106903 102 202 0)
(37114 16787.1 -141395 116 216 1)
(37118 -36073.2 135120 13 113 0)
(37136 14556.7 -22354.2 245 345 3)
(37142 -71318.7 29555.3 497 597 0)
(37154 -57855.3 -143754 332 432 0)
(37158 -123972 -125290 516 616 1)
(37160 121201 -15723.6 293 393 1)
(37164 -60951.9 -141081 497 597 0)
(37166 20781.3 127385 453 553 3)
(37168 27112.9 -129360 157 257 1)
(37170 30410.5 -143901 375 475 3)
(37203 24709.1 -62611.7 354 454 3)
(37206 65087.1 -4574.32 480 580 0)
(37222 -4171.92 62657.4 337 437 0)
(37223 -2223.54 -138195 175 275 1)
(37227 -74602.1 -26900.9 477 577 3)
(37253 9327.42 -140323 382 482 1)
(37268 103132 140717 427 527 0)
(37276 12338.6 19574.4 349 449 1)
(37314 72571 131915 154 254 1)
(37318 6623.07 70359 209 309 1)
(37334 -86938.6 110837 412 512 0)
(37342 114229 107980 554 654 1)
(37347 6620.56 -138586 70 170 1)
(37349 70238 28339.7 67 167 0)
(37354 21483.6 -11793.8 220 320 3)
(37360 41218.1 110686 377 477 1)
(37390 -20530 -105937 94 194 1)
(37392 -62941.9 73880.5 486 586 1)
(37395 -96101.5 43351 59 159 1)
(37400 37845.9 74022.6 312 412 1)
(37408 12467 -143866 582 682 3)
(37416 -12353.3 -86181.7 320 420 1)
(37430 53086.5 -124499 560 660 0)
(37432 101425 -132942 274 374 0)
(37441 6994.58 21084.6 83 183 0)
(37459 77787.8 -4534.74 102 202 1)
(37469 64170.8 -146075 186 286 1)
(37475 9710.96 129427 572 672 0)
(37481 -70944.8 -140749 575 675 3)
(37484 -77484.7 -28232.8 34 134 1)
(37489 -21618.5 -58380.6 304 404 0)
(37495 68198.6 122960 618 718 3)
